file,wc,nodes,edges,re,pe,l1,l2,l3,lcc,lsc,atd,density,diameter,asp,cc
CDMS-10-4A-JURAN-CorrEtiq.txt,50.0,33.93877551020408,49.0,3.2244897959183674,3.2244897959183674,0.0,0.0,0.3469387755102041,33.93877551020408,32.06122448979592,2.891766745799004,0.08205194170951441,7.612244897959184,3.300809193248589,0.023836789195965123
CDMS-10-5A-HEPIHO-CorrEtiq.txt,50.0,36.63054187192118,49.0,1.2857142857142858,1.458128078817734,0.2413793103448276,0.1724137931034483,0.7536945812807881,36.63054187192118,33.847290640394085,2.6986343356503246,0.07428786010390465,8.768472906403941,3.871028662046098,0.02822573996760266
CDMS-10-5A-KSRAGU-CorrEtiq.txt,50.0,30.38095238095238,49.0,1.4285714285714286,2.6666666666666665,1.0,1.2380952380952381,3.0476190476190474,30.38095238095238,29.142857142857142,3.227529044617476,0.10171335497491545,5.857142857142857,2.9278319132621533,0.16412481761523687
CDMS-10-5A-SROPU-CorrEtiq.txt,50.0,32.976190476190474,49.0,3.5476190476190474,4.5476190476190474,1.2619047619047619,1.0,0.0,32.976190476190474,30.523809523809526,2.9946730348263313,0.08286641052442473,8.166666666666666,3.5381523348197286,0.00658785079439548
CDMS-10-5A-SZURO-CorrEtiq.txt,50.0,41.0625,49.0,0.3125,0.3125,0.125,0.0,1.0,41.0625,38.6875,2.3875762195121952,0.05908966541588493,9.9375,4.571364915572232,0.027945058867042752
CDMS-10-5B-SRAJA-CorrEtiq.txt,50.0,32.81896551724138,49.0,4.956896551724138,5.491379310344827,0.0,0.5344827586206896,1.0689655172413792,32.81896551724138,30.70689655172414,3.006006293632974,0.08458966354490408,7.629310344827586,3.341242618567675,0.07182196272035873
CDMS-10-5C-DAAUSA-CorrEtiq.txt,50.0,31.67391304347826,49.0,1.5217391304347827,3.5434782608695654,0.0,2.0217391304347827,1.3478260869565217,31.67391304347826,30.0,3.0988841663565316,0.09389786534934312,6.608695652173913,3.1299097466348518,0.0556319035586116
CDMS-10-5C-ICAPA-CorrEtiq.txt,50.0,36.875,49.0,1.0416666666666667,2.0416666666666665,0.0,1.0,0.4583333333333333,36.875,35.0,2.6608618293215818,0.07123662150751935,7.583333333333333,3.6158334402916448,0.014029676560313814
CDMS-10-5C-JFALGI-CorrEtiq.txt,50.0,34.53846153846154,49.0,1.4615384615384615,1.6153846153846154,0.0,0.15384615384615385,0.0,34.53846153846154,33.0,2.8394807806572513,0.08194003708709591,7.3076923076923075,3.315741937800761,0.03813001139331672
CDMS-10-5C-MAORTO-CorrEtiq.txt,50.0,35.166666666666664,49.0,3.119047619047619,3.738095238095238,0.7142857142857143,0.6190476190476191,1.5,35.166666666666664,32.26190476190476,2.804899964147318,0.07493888772717366,8.976190476190476,3.8519597196050843,0.06838393863280218
CDMS-10-5C-NBEMO-CorrEtiq.txt,50.0,32.0,49.0,2.6666666666666665,4.666666666666667,3.0,2.0,0.0,32.0,30.666666666666668,3.0634978820462693,0.08339646464646465,7.333333333333333,3.475902166829586,0.0
CDMS-10-6B-ASCACO-CorrEtiq.txt,50.0,39.25,49.0,0.0,0.0,0.0,0.0,1.0,39.25,35.916666666666664,2.4976664417453893,0.06534495021337126,9.416666666666666,4.042293406767091,0.03048173094773972
CDMS-10-6B-JJMOBE-CorrEtiq.txt,50.0,34.973684210526315,49.0,1.868421052631579,1.9736842105263157,0.0,0.10526315789473684,2.6052631578947367,34.973684210526315,32.78947368421053,2.8065221445058905,0.07955729075835438,7.894736842105263,3.5655086337967346,0.09426789923095023
CDMS-11-4A-GACHSA-CorrEtiq.txt,50.0,35.32876712328767,49.0,1.9315068493150684,2.3424657534246576,0.7808219178082192,0.410958904109589,1.1369863013698631,35.32876712328767,33.21917808219178,2.779671762760528,0.07615378210229903,9.136986301369863,3.8443224219217487,0.03717037554781466
CDMS-11-5A-EAARCA-CorrEtiq.txt,50.0,35.26470588235294,49.0,1.161764705882353,1.8529411764705883,0.0,0.6911764705882353,1.2205882352941178,35.26470588235294,32.911764705882355,2.781411043002738,0.07820240672749323,7.823529411764706,3.4963994664686706,0.03447534913971088
CDMS-11-5A-MGTHAR-CorrEtiq.txt,50.0,30.333333333333332,47.38095238095238,1.8571428571428572,1.8571428571428572,0.0,0.0,3.238095238095238,29.333333333333332,28.142857142857142,3.13038495153345,0.10297119836687611,5.809523809523809,2.760128289690899,0.16216097820096595
CDMS-11-6A-DFVEBE-CorrEtiq.txt,50.0,32.8421052631579,49.0,1.263157894736842,2.263157894736842,1.736842105263158,1.0,0.3684210526315789,32.8421052631579,30.63157894736842,2.9849247115113986,0.0861348050564569,6.578947368421052,3.150792038531727,0.012423515059931469
CDMS-11-6A-NMREPR-CorrEtiq.txt,50.0,38.297872340425535,47.08510638297872,1.574468085106383,1.8297872340425532,0.02127659574468085,0.2553191489361702,0.48936170212765956,36.59574468085106,28.106382978723403,2.4837873518282554,0.06492985546882477,10.957446808510639,4.3725030660051,0.0175530335133975
CDMS-11-6B-ARAHE-CorrEtiq.txt,50.0,33.5625,49.0,1.5625,2.46875,0.0,0.90625,1.6875,33.5625,32.09375,2.92327920751634,0.08537633788241591,6.65625,3.1576432057427075,0.05594734400494204
CDMS-11-6B-AVROTO-CorrEtiq.txt,50.0,39.87356321839081,47.39080459770115,0.9195402298850575,0.9195402298850575,0.5632183908045977,0.0,1.793103448275862,38.97701149425287,30.17241379310345,2.3832609969398337,0.05967298292308355,13.804597701149426,5.503914088835075,0.085051169054432
CDMS-11-6B-EAFESA-CorrEtiq.txt,50.0,35.926829268292686,49.0,3.8780487804878048,2.5365853658536586,3.0,0.0,0.9024390243902439,35.926829268292686,31.853658536585368,2.738382143722457,0.0700022243351208,11.463414634146341,4.76484015403456,0.030961017757663828
CDMS-11-6B-EFRGR-CorrEtiq.txt,50.0,29.2875,49.0,6.3875,7.45,1.2875,1.0875,3.6375,29.2875,26.9,3.362133334302064,0.09814148282067497,7.5375,3.3600683884102964,0.14961312574834928
CDMS-11-6B-EROCO-CorrEtiq.txt,50.0,32.0,49.0,1.0,1.0,0.0,0.0,3.0,32.0,28.0,3.0625,0.0967741935483871,6.0,2.881048387096774,0.09926271645021645
CDMS-11-6B-JACUPE-CorrEtiq.txt,50.0,31.2125,49.0,1.875,2.4625,2.9125,1.1375,1.675,31.2125,29.575,3.154787558153676,0.09323613407967755,6.8625,3.2166288251193356,0.07591722762936157
CDMS-11-6B-JDCHBA-CorrEtiq.txt,50.0,30.337209302325583,48.52325581395349,7.534883720930233,8.465116279069768,0.6627906976744186,0.9302325581395349,2.046511627906977,30.27906976744186,25.790697674418606,3.2126466147297927,0.08922952708376435,9.255813953488373,3.7687487343769632,0.07648102488666819
CDMS-11-6B-JFSAHE-CorrEtiq.txt,50.0,38.015151515151516,49.0,2.257575757575758,3.5,0.0,1.2424242424242424,0.7121212121212122,38.015151515151516,32.71212121212121,2.5820105370339457,0.06494694069656486,10.121212121212121,4.582473975839081,0.045141264198764186
CDMS-11-6B-JLPENA-CorrEtiq.txt,50.0,35.42666666666667,47.8,2.066666666666667,2.066666666666667,0.38666666666666666,0.0,1.3733333333333333,35.413333333333334,31.4,2.703191961555739,0.0748290950509067,8.613333333333333,3.8601815705128395,0.04489849285551777
CDMS-11-6B-JMARME-CorrEtiq.txt,50.0,38.45238095238095,49.0,1.619047619047619,2.0238095238095237,1.9523809523809523,0.40476190476190477,0.0,38.45238095238095,35.904761904761905,2.5713139897300485,0.06343305844356972,10.0,4.504061967146555,0.017537675243257476
CDMS-11-6B-JPSAMA-CorrEtiq.txt,50.0,32.03125,49.0,4.78125,6.25,1.125,1.46875,1.1875,32.03125,30.59375,3.063367276896096,0.0840347085182288,8.5,3.771549277401956,0.05145335969951274
CDMS-11-6B-LESTA-CorrEtiq.txt,50.0,30.816326530612244,49.0,2.693877551020408,2.693877551020408,0.2857142857142857,0.0,3.306122448979592,30.816326530612244,28.6734693877551,3.1994128866364355,0.10138400125839483,6.081632653061225,2.920285721763421,0.2025010397369102
CDMS-11-6B-MAGIMU-CorrEtiq.txt,50.0,35.13636363636363,49.0,0.8181818181818182,0.8181818181818182,0.0,0.0,0.9090909090909091,35.13636363636363,34.04545454545455,2.791076540809161,0.08046850282812851,6.7727272727272725,3.292645515506478,0.07547957214719374
CDMS-11-6B-MEBRTA-CorrEtiq.txt,50.0,31.814814814814813,49.0,4.777777777777778,5.666666666666667,1.3703703703703705,0.8888888888888888,3.4444444444444446,31.814814814814813,29.77777777777778,3.0836824922213912,0.08572573687025474,6.962962962962963,3.34166332070294,0.1924788679576437
CDMS-11-6B-MMAMO-CorrEtiq.txt,50.0,36.69032258064516,49.0,1.864516129032258,2.225806451612903,0.9548387096774194,0.432258064516129,0.4838709677419355,36.69032258064516,33.903225806451616,2.6788483824858393,0.07037031275635579,9.019354838709678,4.021358111083498,0.02085728192080953
CDMS-11-6B-RSECA-CorrEtiq.txt,50.0,32.75,49.0,3.9166666666666665,7.694444444444445,0.6666666666666666,3.7777777777777777,1.0277777777777777,32.75,29.02777777777778,2.9955359652821705,0.07831165009177343,8.61111111111111,3.772376354011791,0.06253510646547095
CDMS-11-6B-SCAPA-CorrEtiq.txt,50.0,36.3125,45.0,0.0,0.375,0.0,0.375,0.0,34.3125,22.1875,2.4796090733590734,0.0696731395260807,10.5,4.013595779220779,0.003391933600266933
CDMS-11-6B-VZAPE-CorrEtiq.txt,50.0,33.97560975609756,49.0,1.2926829268292683,1.2926829268292683,0.0,0.0,1.7560975609756098,33.97560975609756,32.24390243902439,2.8898515673623275,0.08570164898958808,7.048780487804878,3.1988549224306158,0.07399703324987825
CDMS-11-6B-YLNIME-CorrEtiq.txt,50.0,39.975,49.0,1.475,1.475,0.0,0.0,2.45,39.975,32.4,2.4605008659106042,0.061578946084909304,12.95,5.184499444151354,0.09723725688006071
CDMS-11-7C-ICARE-CorrEtiq.txt,50.0,38.4375,49.0,0.0,0.0,0.59375,0.0,1.96875,38.4375,35.90625,2.5514363997094263,0.06741543904372851,9.15625,4.136900186406765,0.0628789580681028
CDMS-11-7C-IMOIB-CorrEtiq.txt,50.0,33.92857142857143,49.0,0.9047619047619048,1.7857142857142858,0.0,0.8809523809523809,2.0238095238095237,33.92857142857143,31.714285714285715,2.8938863652336138,0.08499725810819603,6.833333333333333,3.2303090167314887,0.09191729499651924
CDMS-11-7C-SALMA-CorrEtiq.txt,50.0,34.96875,49.0,2.15625,3.15625,0.0,1.0,2.65625,34.96875,33.15625,2.80630946789035,0.07743395103229662,8.375,3.838919605004164,0.08555591498474902
CDMS-11-7C-SPGAVE-CorrEtiq.txt,50.0,39.57142857142857,49.0,1.3428571428571427,1.3428571428571427,0.0,0.0,0.0,39.57142857142857,36.885714285714286,2.479123314091222,0.06259662009341085,9.771428571428572,4.343897605575581,0.011338607259659893
CDMS-12-5A-SRIGO-CorrEtiq.txt,50.0,35.61538461538461,49.0,1.0,1.0,0.0,0.0,0.9230769230769231,35.61538461538461,33.76923076923077,2.752136752136752,0.07791424262012499,7.3076923076923075,3.383954607484019,0.05291344458011124
CDMS-12-6A-FAROPA-CorrEtiq.txt,50.0,36.785714285714285,49.0,1.0357142857142858,2.642857142857143,0.0,1.6071428571428572,1.0,36.785714285714285,33.392857142857146,2.6667572430730324,0.07061799334024013,9.035714285714286,3.876380729554104,0.04672622227402034
CDMS-12-6A-JGIGA-CorrEtiq.txt,50.0,39.45454545454545,49.0,0.0,0.0,0.0,0.0,3.0,39.45454545454545,34.0,2.484265734265734,0.06462397251870935,10.363636363636363,4.205545331861121,0.1107029082029082
CDMS-12-6A-JSOTGU-CorrEtiq.txt,50.0,31.930232558139537,49.0,5.837209302325581,5.930232558139535,1.5116279069767442,0.3488372093023256,1.7325581395348837,31.930232558139537,28.546511627906977,3.084933783174552,0.08514995676704651,9.511627906976743,3.9100995912146757,0.06345597264017701
CDMS-12-6A-SROAL-CorrEtiq.txt,50.0,29.920454545454547,49.0,5.8977272727272725,6.659090909090909,0.375,0.7613636363636364,0.5,29.920454545454547,28.545454545454547,3.316363767689029,0.09911381046029956,5.840909090909091,2.9457391057997926,0.03972473034142085
CDMS-12-6B-IJDAGA-CorrEtiq.txt,50.0,36.604651162790695,49.0,0.8488372093023255,1.372093023255814,1.1511627906976745,0.7209302325581395,1.5,36.604651162790695,34.06976744186046,2.683115589625347,0.07167021367617031,8.779069767441861,3.864506205482483,0.032925184901149096
CDMS-12-6B-SCLAG-CorrEtiq.txt,50.0,33.81428571428572,49.0,4.042857142857143,4.385714285714286,1.457142857142857,0.8142857142857143,1.0142857142857142,33.81428571428572,31.37142857142857,2.934519357274969,0.07926250886462033,8.142857142857142,3.6671410508889664,0.04674318125599985
CDMS-12-7C-ARAHE-CorrEtiq.txt,50.0,30.310344827586206,49.0,6.206896551724138,6.379310344827586,0.0,0.1724137931034483,2.310344827586207,30.310344827586206,29.24137931034483,3.2359214580696305,0.09616902378303936,6.620689655172414,3.18190488519446,0.11004689004020159
CDMS-12-7C-CATRAR-CorrEtiq.txt,50.0,37.25,49.0,0.0,0.0,0.0,0.0,1.0,37.25,36.0,2.6312233285917497,0.07260550023707918,7.5,3.717618934724198,0.03469061166429588
CDMS-12-7C-DLOLO-CorrEtiq.txt,50.0,34.888888888888886,49.0,1.6666666666666667,3.6031746031746033,0.0,1.9365079365079365,0.31746031746031744,34.888888888888886,32.74603174603175,2.8285061072417825,0.07788437524925752,7.73015873015873,3.5174071835174647,0.01732219802858607
CDMS-12-7C-JSZAOR-CorrEtiq.txt,50.0,36.8125,49.0,2.1875,4.1875,1.0,2.0,0.0,36.8125,31.125,2.6636745297929507,0.06655549014295144,9.0625,3.9953347863564583,0.0
CDMS-12-7C-MAROBE-CorrEtiq.txt,50.0,39.68316831683168,49.0,1.2673267326732673,2.237623762376238,0.0,0.9702970297029703,0.019801980198019802,39.68316831683168,36.04950495049505,2.4743930019515066,0.06114252715672911,10.138613861386139,4.478300950342631,0.0010875373251610877
CDMS-12-7C-VMAPA-CorrEtiq.txt,50.0,34.45454545454545,49.0,0.3181818181818182,1.1363636363636365,0.0,0.8181818181818182,1.4545454545454546,34.45454545454545,30.954545454545453,2.8459974072273537,0.08317085098502211,8.454545454545455,3.5794330817726543,0.07583265491687952
CDMS-12-7C-VQURA-CorrEtiq.txt,50.0,35.75,49.0,3.4318181818181817,4.886363636363637,0.0,1.4545454545454546,0.13636363636363635,35.75,33.36363636363637,2.747672212373697,0.07143968761193074,8.5,3.8261098146741976,0.010013139208851584
CDMS-13-6B-ASUMO-CorrEtiq.txt,50.0,30.333333333333332,49.0,3.2666666666666666,3.2666666666666666,2.0,0.0,1.0,30.333333333333332,28.533333333333335,3.2315412186379926,0.09836114200964034,7.333333333333333,3.2232307502162896,0.044890937019969275
CDMS-13-6B-JDTAHE-CorrEtiq.txt,50.0,31.652173913043477,49.0,3.1739130434782608,3.1739130434782608,0.8260869565217391,0.0,1.434782608695652,31.652173913043477,29.73913043478261,3.1028557967436843,0.09324107922504407,7.956521739130435,3.4329325519969998,0.03293721672097652
CDMS-13-7C-MVEAR-CorrEtiq.txt,50.0,35.16949152542373,49.0,1.9491525423728813,2.542372881355932,0.0,0.5932203389830508,0.9322033898305084,35.16949152542373,33.03389830508475,2.792303434037443,0.07771726787882903,7.966101694915254,3.5993700268536415,0.04637579104153067
CDMS-13-7C-RAIZAC-CorrEtiq.txt,50.0,34.4,49.0,2.0,4.0,0.0,2.0,0.0,34.4,29.2,2.849411764705882,0.07838044308632544,9.0,3.5549376114081994,0.0
CDMS-13-7C-SSOSLO-CorrEtiq.txt,50.0,32.78846153846154,49.0,1.5384615384615385,1.5384615384615385,0.8846153846153846,0.0,3.8076923076923075,32.78846153846154,31.423076923076923,2.9946213798324806,0.08974795658713247,6.673076923076923,3.1102561782723157,0.17999321203504784
CDMS-14-10A-IMORTO-CorrEtiq.txt,50.0,35.46153846153846,49.0,2.8461538461538463,4.615384615384615,0.5128205128205128,1.7692307692307692,0.6410256410256411,35.46153846153846,32.94871794871795,2.776587375596068,0.07238721683414735,8.307692307692308,3.8789848860890164,0.03617151255784037
CDMS-14-10A-JCVANI-CorrEtiq.txt,50.0,33.43939393939394,49.0,2.5454545454545454,3.409090909090909,0.5,0.8636363636363636,0.7424242424242424,33.43939393939394,31.348484848484848,2.942020796655886,0.08356218361768943,7.681818181818182,3.4764790221013118,0.038513295071162766
CDMS-14-5A-LSDUCO-CorrEtiq.txt,50.0,33.69444444444444,49.0,3.138888888888889,3.9722222222222223,1.0555555555555556,0.8333333333333334,2.2222222222222223,33.69444444444444,31.75,2.9117304581765366,0.08005303307920322,7.083333333333333,3.3384410389549544,0.10164570249629969
CDMS-14-6B-KDCAHE-CorrEtiq.txt,50.0,35.52173913043478,49.0,2.8260869565217392,3.391304347826087,1.0,0.5652173913043478,1.826086956521739,35.52173913043478,32.78260869565217,2.760366504612029,0.07286138897392094,8.347826086956522,3.761991200354372,0.1016065566592299
CDMS-15-10A-AMALOS-CorrEtiq.txt,50.0,34.45140388768898,49.0,3.390928725701944,3.876889848812095,0.6349892008639308,0.48596112311015116,1.3023758099352052,34.45140388768898,31.5377969762419,2.8577954914258124,0.07790267478111484,8.82721382289417,3.8733436968198793,0.05682793913245202
CDMS-15-10A-JJMACH-CorrEtiq.txt,50.0,37.36363636363637,49.0,1.37012987012987,1.6883116883116882,0.0,0.3181818181818182,1.5844155844155845,37.36363636363637,35.006493506493506,2.6402122204937415,0.07069150885696483,9.064935064935066,4.063344378035088,0.05770347911182074
CDMS-15-10A-MAALRI-CorrEtiq.txt,50.0,36.98245614035088,49.0,1.3157894736842106,2.1403508771929824,1.4736842105263157,0.8245614035087719,1.1403508771929824,36.98245614035088,33.8421052631579,2.65326153418055,0.06850686937048352,9.947368421052632,4.393134814317803,0.059798851230759176
CDMS-15-10A-SGOMO-CorrEtiq.txt,50.0,42.21212121212121,49.0,0.0,0.0,1.0,0.0,0.030303030303030304,42.21212121212121,35.484848484848484,2.322792536305144,0.05527056178322099,12.969696969696969,5.330253595674108,0.001491101491101491
CDMS-15-10A-SHEGA-CorrEtiq.txt,50.0,35.80263157894737,49.0,1.5789473684210527,2.3157894736842106,0.0,0.7368421052631579,0.9473684210526315,35.80263157894737,34.078947368421055,2.7458951426173805,0.07544842574054599,8.039473684210526,3.7376918980167817,0.04239104023386711
CDMS-15-11B-JEMOLO-CorrEtiq.txt,50.0,34.89861751152074,49.0,3.1566820276497696,3.654377880184332,0.4976958525345622,0.4976958525345622,0.4838709677419355,34.89861751152074,31.56221198156682,2.813547810842215,0.07609288179031959,8.87557603686636,3.9963974571165752,0.023610096701559422
CDMS-15-11B-VSAHO-CorrEtiq.txt,50.0,34.27272727272727,49.0,0.9393939393939394,1.7575757575757576,0.030303030303030304,0.8181818181818182,1.4242424242424243,34.27272727272727,32.666666666666664,2.862264129710654,0.08304497678096091,6.696969696969697,3.2866366551656356,0.023505979718180508
CDMS-16-10A-SGALO-CorrEtiq.txt,50.0,31.607142857142858,49.0,4.142857142857143,4.142857142857143,0.0,0.0,1.5,31.607142857142858,29.035714285714285,3.1078580205972566,0.09322298504294023,7.392857142857143,3.291577836008506,0.08278529701005766
CDMS-16-11B-NGABE-CorrEtiq.txt,50.0,37.544117647058826,49.0,1.4852941176470589,1.4852941176470589,0.6617647058823529,0.0,1.588235294117647,37.544117647058826,33.088235294117645,2.6220843932964586,0.0691194467683711,10.058823529411764,4.382517103883982,0.06463928435482429
CDMS-18-7C-VVECA-CorrEtiq.txt,50.0,33.71875,48.15625,2.25,3.90625,0.0,1.65625,0.6875,33.53125,30.53125,2.8585745188226808,0.08036381387232312,8.4375,3.4017269265660808,0.029860551188594125
CDMS-8-4A-DBEVA-CorrEtiq.txt,50.0,39.0,49.0,3.35,3.35,1.0,0.0,0.35,39.0,34.25,2.519088402365039,0.060657343288922236,11.4,4.904842508189748,0.013793003529845634
CDMS-8-4A-DJAVDA-CorrEtiq.txt,50.0,32.69230769230769,49.0,3.769230769230769,4.8076923076923075,0.0,1.0384615384615385,0.6538461538461539,32.69230769230769,31.615384615384617,3.0081135578526466,0.08575674663402857,7.076923076923077,3.288265918741774,0.01800814291741711
CDMS-8-4A-DOSTR-CorrEtiq.txt,50.0,34.1764705882353,49.0,3.411764705882353,3.411764705882353,0.047058823529411764,0.0,2.635294117647059,34.1764705882353,31.4,2.8797141220949385,0.08102152130204861,7.658823529411765,3.373239567902117,0.08980186423275736
CDMS-8-4A-LGOPA-CorrEtiq.txt,50.0,34.27067669172932,49.0,2.887218045112782,4.518796992481203,0.3684210526315789,1.631578947368421,1.037593984962406,34.27067669172932,31.827067669172934,2.8715660224344695,0.07791004042364408,8.210526315789474,3.648206324935875,0.06038813461984146
CDMS-8-4C-JDBUTU-CorrEtiq.txt,50.0,29.93617021276596,49.0,2.617021276595745,4.127659574468085,2.425531914893617,1.5106382978723405,1.9787234042553192,29.93617021276596,28.76595744680851,3.2827004832442315,0.09839683326654665,6.319148936170213,3.0557168119959517,0.1167910536780481
CDMS-9-4A-ACDUTR-CorrEtiq.txt,50.0,33.508591065292094,48.93127147766323,3.649484536082474,4.615120274914089,0.6735395189003437,1.1168384879725086,0.6838487972508591,33.48109965635739,30.6426116838488,2.9315109177359138,0.08066572976551156,8.137457044673539,3.6355492170226293,0.03514968950606583
CDMS-9-4A-CARGA-CorrEtiq.txt,50.0,33.121212121212125,49.0,3.727272727272727,4.545454545454546,0.6363636363636364,0.8181818181818182,1.6363636363636365,33.121212121212125,31.151515151515152,2.961881319665518,0.08264812856627589,7.787878787878788,3.517131914527119,0.05516340522578098
CDMS-9-4A-CRAAG-CorrEtiq.txt,50.0,34.766666666666666,49.0,0.7666666666666667,0.8,0.0,0.03333333333333333,2.3,34.766666666666666,33.43333333333333,2.8224356308179837,0.08233416093710212,6.4,3.312042725529443,0.10405226136470301
CDMS-9-4A-EROHI-CorrEtiq.txt,50.0,33.17307692307692,49.0,2.7884615384615383,4.125,0.2692307692307692,1.3365384615384615,1.0192307692307692,33.17307692307692,31.33653846153846,2.9663168623992453,0.08413444523584317,7.653846153846154,3.465886122514451,0.05867669969525183
CDMS-9-4A-ILOSE-CorrEtiq.txt,50.0,34.339285714285715,48.05357142857143,3.8035714285714284,4.482142857142857,0.0,0.6785714285714286,0.14285714285714285,34.339285714285715,30.607142857142858,2.802124609569462,0.07630033329875766,8.714285714285714,3.7057949868971654,0.03702059142987076
CDMS-9-4A-TGAFR-CorrEtiq.txt,50.0,30.076923076923077,49.0,4.615384615384615,6.576923076923077,0.0,1.9615384615384615,0.5769230769230769,30.076923076923077,28.192307692307693,3.2626293848902304,0.09730614367711142,5.346153846153846,2.7654621927633607,0.02804450850003358
CDMS-9-4C-SCAMO-CorrEtiq.txt,50.0,37.92,46.36,0.0,0.0,0.0,0.0,1.2,36.16,25.68,2.4511016647139883,0.06666507470600198,10.52,3.9057802381378237,0.035497967012179374
CDMS-9-5A-ABERO-CorrEtiq.txt,50.0,34.4375,49.0,1.0,2.0,1.4375,1.0,0.8125,34.4375,32.0,2.848770331996435,0.0793521651695869,7.9375,3.5496940360332796,0.02620343836713979
CDMS-9-5A-PAGACO-CorrEtiq.txt,50.0,32.00840336134454,49.0,2.504201680672269,3.235294117647059,0.6638655462184874,0.7310924369747899,1.2016806722689075,32.00840336134454,30.201680672268907,3.0672113793558324,0.09123979518701891,6.8655462184873945,3.1740524433944226,0.06928247525468266
CDMS-9-5A-VVAAR-CorrEtiq.txt,50.0,38.888888888888886,49.0,1.0,2.0,1.0,1.0,1.0,38.888888888888886,34.888888888888886,2.520535312640576,0.06247907826855195,10.222222222222221,4.634533318743845,0.05572612085769982
CDMS-9-5C-JDMADE-CorrEtiq.txt,50.0,31.86046511627907,49.0,0.5348837209302325,1.6046511627906976,0.9767441860465116,1.069767441860465,1.6046511627906976,31.86046511627907,30.25581395348837,3.0873173270959264,0.09539366184239878,6.604651162790698,3.0966542600785467,0.11896384308506534
CDMS-9-5C-LVIZAC-CorrEtiq.txt,50.0,32.16981132075472,49.0,2.3962264150943398,2.981132075471698,1.2452830188679245,0.5849056603773585,1.2452830188679245,32.16981132075472,30.58490566037736,3.051565841813422,0.08960117443146436,6.471698113207547,3.0917517832139487,0.09873280405408703
CDMS-9-5C-MLOGO-CorrEtiq.txt,50.0,34.2972972972973,49.0,2.310810810810811,5.22972972972973,1.3108108108108107,2.918918918918919,2.364864864864865,34.2972972972973,30.743243243243242,2.861462219192744,0.0745755657472284,9.378378378378379,3.864636537727465,0.10030312453478865
CDMS-9-5C-SCAAG-CorrEtiq.txt,50.0,34.55555555555556,49.0,0.5185185185185185,0.5185185185185185,1.1851851851851851,0.0,0.48148148148148145,34.55555555555556,32.55555555555556,2.845851083915073,0.08238326765366615,7.37037037037037,3.3435291066220856,0.045838211968289
CDMS-XX-10A-VGILO-CorrEtiq.txt,50.0,35.241379310344826,49.0,2.8793103448275863,3.3793103448275863,1.8275862068965518,0.5,0.7758620689655172,35.241379310344826,29.155172413793103,2.790104761593593,0.07303328321332503,10.293103448275861,4.285416551930257,0.03374482114620474
CDMS-XX-5C-MJSARU-CorrEtiq.txt,50.0,34.0,49.0,0.0,0.8333333333333334,0.0,0.8333333333333334,2.1666666666666665,34.0,33.0,2.883184789067142,0.08593498005262712,6.833333333333333,3.2743920295390883,0.040038126361655775
CDMS-XX-5C-MPCAQU-CorrEtiq.txt,50.0,31.526315789473685,49.0,3.473684210526316,4.2631578947368425,0.0,0.7894736842105263,1.6842105263157894,31.526315789473685,30.263157894736842,3.1102722899624426,0.09303771867731823,6.7894736842105265,3.213805788107644,0.0578470017296418
CDMS-XX-6A-MAGICA-CorrEtiq.txt,50.0,35.82089552238806,49.0,3.8955223880597014,4.462686567164179,0.0,0.5671641791044776,0.9402985074626866,35.82089552238806,33.149253731343286,2.7389038493054016,0.07153583364479349,9.343283582089553,4.073129327262685,0.027444396668906586
CDMS-XX-6B-SPUCA-CorrEtiq.txt,50.0,36.64383561643836,49.0,2.164383561643836,2.636986301369863,0.0,0.4726027397260274,1.1506849315068493,36.64383561643836,33.38013698630137,2.6855752911419284,0.0716048166668926,10.023972602739725,4.262168480813313,0.05727681064175099
CSO-10-4A-ICAPA-CorrEtiq.txt,50.0,34.24590163934426,48.18032786885246,2.377049180327869,2.377049180327869,0.0,0.0,2.0327868852459017,34.049180327868854,31.19672131147541,2.820326923871578,0.08087738603805422,6.819672131147541,3.289196179198705,0.10068623694398443
CSO-10-4A-KCOMO-CorrEtiq.txt,50.0,33.377049180327866,49.0,2.2295081967213113,2.7049180327868854,1.8524590163934427,0.6721311475409836,0.7868852459016393,33.377049180327866,30.950819672131146,2.9508570706489787,0.08340814222605147,7.754098360655738,3.4157111526824355,0.056205592269342644
CSO-10-4A-LSCAVA-CorrEtiq.txt,50.0,37.15625,49.0,1.3125,1.84375,0.0,0.53125,0.78125,37.15625,33.65625,2.6390516908609016,0.07030871965082491,8.59375,3.868612968448495,0.03457559415618626
CSO-10-5A-ACAVA-CorrEtiq.txt,50.0,36.645833333333336,49.0,2.9791666666666665,2.9791666666666665,0.0,0.0,0.3125,36.645833333333336,33.833333333333336,2.6827639122620432,0.07106512246869416,9.020833333333334,4.118910748660192,0.017108347968817158
CSO-10-5A-ARACA-CorrEtiq.txt,50.0,35.375,49.0,1.0416666666666667,2.0416666666666665,0.0,1.0,1.4583333333333333,35.375,29.583333333333332,2.784151642414026,0.07820187966279298,10.333333333333334,4.218907883338031,0.0626479111697603
CSO-10-5A-DABRZA-CorrEtiq.txt,50.0,35.0,49.0,1.3225806451612903,2.3225806451612905,1.1290322580645162,1.0,1.8064516129032258,35.0,33.54838709677419,2.8025252784266064,0.07665266457960955,9.774193548387096,4.17155721605437,0.07207057734368659
CSO-10-5A-GZAMA-CorrEtiq.txt,50.0,32.618556701030926,49.0,4.123711340206185,5.536082474226804,0.5463917525773195,1.6804123711340206,1.711340206185567,32.618556701030926,30.7319587628866,3.010429057293726,0.08363093673980847,7.546391752577319,3.5407362831830405,0.1070590741070642
CSO-10-5A-IPECA-CorrEtiq.txt,50.0,34.13333333333333,49.0,1.4,1.7666666666666666,0.0,0.36666666666666664,0.5,34.13333333333333,32.766666666666666,2.8770776844638326,0.08390681034419176,6.1,3.084899104604987,0.016949807211903985
CSO-10-5A-JANORO-CorrEtiq.txt,50.0,31.695652173913043,49.0,1.3478260869565217,3.0,1.0,1.6521739130434783,3.4347826086956523,31.695652173913043,30.217391304347824,3.0928269369713974,0.09256715117514557,7.130434782608695,3.26502507543882,0.11751597635845532
CSO-10-5A-JBUVE-CorrEtiq.txt,50.0,36.651162790697676,49.0,1.2093023255813953,2.5348837209302326,0.4418604651162791,1.3255813953488371,1.930232558139535,36.651162790697676,34.0,2.675689388663685,0.07059158281708501,9.372093023255815,4.088248214240006,0.06435343260574945
CSO-10-5A-JJSEMO-CorrEtiq.txt,50.0,34.13333333333333,49.0,1.2,2.2666666666666666,0.0,1.0666666666666667,1.9333333333333333,34.13333333333333,32.46666666666667,2.8737641117052877,0.08278360317734132,6.666666666666667,3.1871530704168274,0.09260581254999704
CSO-10-5A-JLCARI-CorrEtiq.txt,50.0,35.28947368421053,49.0,2.263157894736842,4.2105263157894735,0.7368421052631579,1.9473684210526316,1.0526315789473684,35.28947368421053,32.526315789473685,2.7873997416455047,0.07329663912192153,9.921052631578947,4.0625384380700496,0.03558900559114426
CSO-10-5A-MAARAN-CorrEtiq.txt,50.0,32.93333333333333,46.644444444444446,2.3777777777777778,3.4444444444444446,0.0,1.0666666666666667,0.0,32.91111111111111,30.133333333333333,2.832754889182783,0.08221225538113583,7.133333333333334,3.294709028935784,0.0
CSO-10-5A-MAOSMO-CorrEtiq.txt,50.0,38.0,49.0,1.0,1.0,2.0,1.0,0.0,38.0,25.0,2.5789473684210527,0.06543385490753911,14.0,4.93172119487909,0.031432748538011694
CSO-10-5A-RVMOIB-CorrEtiq.txt,50.0,37.24324324324324,49.0,1.7567567567567568,1.7567567567567568,0.0,0.0,1.0810810810810811,37.24324324324324,33.972972972972975,2.6344559720344174,0.07024053497151983,10.783783783783784,4.413707209757749,0.029643380464531112
CSO-10-5A-SVHEES-CorrEtiq.txt,50.0,32.74285714285714,49.0,1.6857142857142857,2.5714285714285716,0.6857142857142857,0.8857142857142857,2.7142857142857144,32.74285714285714,30.457142857142856,2.9996610315680523,0.08844707384420043,7.8,3.2134665135478127,0.09574357817418266
CSO-11-5A-MDVOSPE-CorrEtiq.txt,50.0,36.47826086956522,49.0,2.5652173913043477,2.652173913043478,0.0,0.08695652173913043,0.10869565217391304,36.47826086956522,33.67391304347826,2.6885078038059596,0.07177526623616273,8.847826086956522,3.9062377354812408,0.0010729074238391009
CSO-11-5A-MTAGA-CorrEtiq.txt,50.0,29.384615384615383,49.0,4.230769230769231,4.384615384615385,2.0,0.15384615384615385,0.0,29.384615384615383,28.53846153846154,3.3372236958443855,0.10232691956829888,5.769230769230769,2.787813846434536,0.002702623047450634
CSO-11-6A-CAPAMU-CorrEtiq.txt,50.0,34.48529411764706,49.0,2.5294117647058822,4.0588235294117645,0.8529411764705882,1.911764705882353,1.0147058823529411,34.48529411764706,32.588235294117645,2.872988151283955,0.07876990308123381,8.573529411764707,3.906246201232865,0.04407989306087616
CSO-11-6A-DSCACH-CorrEtiq.txt,50.0,35.391304347826086,49.0,2.260869565217391,2.260869565217391,0.08695652173913043,0.0,0.30434782608695654,35.391304347826086,31.565217391304348,2.7710920639309387,0.07682443130013462,9.043478260869565,3.7064582069697156,0.017651395022908845
CSO-11-6A-EROMO-CorrEtiq.txt,50.0,41.0,49.0,0.0,0.0,0.0,0.0,0.7,41.0,37.7,2.3910975609756098,0.0598217636022514,10.3,4.434337532386313,0.03490921409214092
CSO-11-6A-FSOVRE-CorrEtiq.txt,50.0,37.0,49.0,0.0,1.0,0.0,1.0,1.0,37.0,33.0,2.6486486486486487,0.07207207207207207,7.5,3.3543543543543546,0.06534944034944035
CSO-11-6B-ANREVA-CorrEtiq.txt,50.0,37.4,49.0,1.0,2.8,0.0,1.8,0.0,37.4,35.0,2.622257480152217,0.06800313326629116,8.2,4.060192303350198,0.004155584155584155
CSO-11-6B-DISEMO-CorrEtiq.txt,50.0,31.274509803921568,48.78431372549019,6.078431372549019,8.588235294117647,0.5882352941176471,2.5098039215686274,0.5294117647058824,31.019607843137255,28.313725490196077,3.1261641173970713,0.08399569002382201,9.235294117647058,3.694551283749538,0.055481627009281755
CSO-11-6B-LHFDLACH-CorrEtiq.txt,50.0,36.87012987012987,49.0,2.4285714285714284,3.090909090909091,0.0,0.6623376623376623,0.0,36.87012987012987,33.57142857142857,2.663054250205953,0.06953180792793193,9.74025974025974,4.162029733995075,0.008454115086337354
CSO-11-6B-RJGIHE-CorrEtiq.txt,50.0,33.142857142857146,49.0,3.5238095238095237,4.523809523809524,0.8571428571428571,1.0,0.14285714285714285,33.142857142857146,31.761904761904763,2.958519013666072,0.08199540813392805,7.857142857142857,3.3723927743140263,0.034574306651035065
CSO-11-6B-SFLVA-CorrEtiq.txt,50.0,32.26315789473684,49.0,4.421052631578948,5.421052631578948,1.7105263157894737,1.0,2.9210526315789473,32.26315789473684,29.13157894736842,3.039627802039167,0.08317250335796485,7.973684210526316,3.5551059699976233,0.16800285208342802
CSO-11-6B-VCOMA-CorrEtiq.txt,50.0,34.24324324324324,49.0,2.4324324324324325,3.945945945945946,0.0,1.5135135135135136,1.3243243243243243,34.24324324324324,31.37837837837838,2.8665785546349936,0.0795558832656889,8.621621621621621,3.7487646633391285,0.03671717964095449
CSO-12-6A-DGISE-CorrEtiq.txt,50.0,33.40983606557377,49.0,4.295081967213115,3.6065573770491803,2.5081967213114753,0.0,0.7213114754098361,33.40983606557377,30.950819672131146,2.948357892550831,0.0799215451505582,7.409836065573771,3.555998747377754,0.04493984122306158
CSO-12-6A-FJOVRE-CorrEtiq.txt,50.0,30.305084745762713,49.0,2.6440677966101696,4.135593220338983,2.135593220338983,1.4915254237288136,0.1694915254237288,30.305084745762713,29.033898305084747,3.2430961473209314,0.09678852693010996,6.11864406779661,2.9927750018836465,0.020144905075186997
CSO-12-6B-GQULO-CorrEtiq.txt,50.0,31.214285714285715,48.732142857142854,3.642857142857143,4.142857142857143,0.5714285714285714,0.5,1.0892857142857142,31.125,29.607142857142858,3.1304390152553756,0.09389166132346581,6.375,3.0791392655575165,0.0498611599492692
CSO-12-6B-LJHEFE-CorrEtiq.txt,50.0,31.3375,47.85,3.0,3.5875,0.0625,0.5875,3.15,31.3,27.4,3.0640134234065193,0.09413797480565908,8.7625,3.6046784183333678,0.12776008875283304
CSO-12-6B-VPAMA-CorrEtiq.txt,50.0,27.75,49.0,6.5,8.5,1.75,2.0,0.0,27.75,26.5,3.5324074074074074,0.10444647944647945,6.25,2.965557590557591,0.0
CSO-12-7A-DALRE-CorrEtiq.txt,50.0,35.75,49.0,3.0,6.0,1.0,3.0,1.0,35.75,30.0,2.7427177177177176,0.06772655007949126,12.5,4.5330021197668255,0.03342881572048238
CSO-12-7A-ESALA-CorrEtiq.txt,50.0,36.370370370370374,49.0,0.8518518518518519,3.2222222222222223,0.0,2.3703703703703702,0.0,36.370370370370374,33.0,2.6992358239004264,0.07146396362082637,9.555555555555555,4.003236456315232,0.0
CSO-12-7A-IMERO-CorrEtiq.txt,50.0,33.71590909090909,49.0,3.1136363636363638,3.659090909090909,0.4318181818181818,0.5454545454545454,0.4772727272727273,33.71590909090909,31.511363636363637,2.929821968320893,0.08264525087298163,8.056818181818182,3.597405636665213,0.054119440229035504
CSO-12-7A-JHEZA-CorrEtiq.txt,50.0,34.54838709677419,49.0,2.5161290322580645,2.870967741935484,0.2903225806451613,0.3548387096774194,2.3548387096774195,34.54838709677419,31.387096774193548,2.8469295987490884,0.07988025559871675,8.806451612903226,3.5960609854975405,0.0884139043591969
CSO-12-7A-LSARAR-CorrEtiq.txt,50.0,32.878787878787875,49.0,2.378787878787879,2.378787878787879,0.0,0.0,1.8333333333333333,32.878787878787875,31.106060606060606,2.983832844284371,0.08920072968611005,6.954545454545454,3.1722773843978778,0.05804416894168136
CSO-12-7A-SCAHO-CorrEtiq.txt,50.0,35.81818181818182,49.0,0.5757575757575758,0.5757575757575758,1.7272727272727273,0.0,1.1515151515151516,35.81818181818182,33.515151515151516,2.738692928785808,0.07507468906286807,8.272727272727273,3.5826380080812954,0.05857469457488891
CSO-12-7B-DVAGRO-CorrEtiq.txt,50.0,35.888888888888886,49.0,2.0555555555555554,3.4444444444444446,0.05555555555555555,1.3888888888888888,0.7777777777777778,35.888888888888886,33.02777777777778,2.7341693861043708,0.07283714161939137,9.86111111111111,4.109312713930877,0.04820244273534362
CSO-12-7B-SMUGU-CorrEtiq.txt,50.0,34.23076923076923,49.0,2.3846153846153846,2.3846153846153846,0.07692307692307693,0.0,1.0769230769230769,34.23076923076923,31.743589743589745,2.868091798855556,0.0821093948228673,7.435897435897436,3.3832937558744014,0.053902781863724304
CSO-12-7B-SSARA-CorrEtiq.txt,50.0,37.847457627118644,49.0,2.288135593220339,2.288135593220339,0.0,0.0,1.1864406779661016,37.847457627118644,34.728813559322035,2.60080105575246,0.06786632203278399,9.59322033898305,4.236555949725548,0.05096426588352883
CSO-12-7B-VHOMA-CorrEtiq.txt,50.0,39.666666666666664,47.22222222222222,1.4074074074074074,2.4814814814814814,0.0,1.0740740740740742,0.37037037037037035,38.370370370370374,25.37037037037037,2.384128359167583,0.05852862592985257,15.185185185185185,5.458265783091058,0.01845018170066903
CSO-12-8A-YTOME-CorrEtiq.txt,50.0,34.975,47.55,1.875,2.175,0.0,0.3,1.925,34.625,32.175,2.72964047831634,0.0770104271039171,8.025,3.6567522714361096,0.101959096958337
CSO-13-6A-ANASA-CorrEtiq.txt,50.0,35.81818181818182,46.85227272727273,1.8068181818181819,2.1136363636363638,1.0340909090909092,0.3068181818181818,1.3863636363636365,35.11363636363637,29.988636363636363,2.6421052530901696,0.07178280632682305,9.375,4.073621146148605,0.06977079988345461
CSO-13-6B-JETAVE-CorrEtiq.txt,50.0,33.07142857142857,47.285714285714285,3.4464285714285716,4.714285714285714,0.0,1.2678571428571428,1.75,32.57142857142857,29.267857142857142,2.8649685653781303,0.08061626440398138,8.982142857142858,3.693590898209052,0.09131603267652821
CSO-13-6B-LFMIES-CorrEtiq.txt,50.0,34.04761904761905,47.095238095238095,0.23809523809523808,0.23809523809523808,0.0,0.0,1.0,33.333333333333336,29.285714285714285,2.767097141887058,0.08334530782009773,6.761904761904762,3.136014782256989,0.14170858049809631
CSO-13-6B-LJMAHU-CorrEtiq.txt,50.0,33.861111111111114,49.0,2.8055555555555554,4.0,0.0,1.1944444444444444,1.9444444444444444,33.861111111111114,31.583333333333332,2.9018261496143376,0.08140527676817999,8.166666666666666,3.5549725451607173,0.09094519394996786
CSO-13-7A-CDDITR-CorrEtiq.txt,50.0,35.25925925925926,49.0,0.3333333333333333,2.1481481481481484,0.0,1.8148148148148149,0.5185185185185185,35.25925925925926,33.48148148148148,2.7808383546945636,0.07766992015358029,7.333333333333333,3.356901821607704,0.016260600262052696
CSO-13-7A-JJATFL-CorrEtiq.txt,50.0,37.0,49.0,3.1666666666666665,5.166666666666667,0.0,2.0,1.1666666666666667,37.0,28.333333333333332,2.6515833647412594,0.06601278242145116,11.166666666666666,4.954092201615421,0.03884862753910373
CSO-13-7A-RXCHLU-CorrEtiq.txt,50.0,34.625,49.0,5.056818181818182,5.818181818181818,0.0,0.7613636363636364,1.1022727272727273,34.625,32.19318181818182,2.8457921198176623,0.07485718532059601,8.556818181818182,3.9184830562761364,0.04036253547807655
CSO-13-7A-YAMEZA-CorrEtiq.txt,50.0,33.75,48.101851851851855,4.4907407407407405,5.37962962962963,0.0,0.8888888888888888,0.9166666666666666,33.28703703703704,29.97222222222222,2.9236134695963063,0.08182278005675568,8.583333333333334,3.8207820471882403,0.046506661070944026
CSO-13-8A-KIGAGU-CorrEtiq.txt,50.0,34.92857142857143,49.0,2.6666666666666665,3.0,0.39285714285714285,0.3333333333333333,0.9404761904761905,34.92857142857143,32.76190476190476,2.814736572134767,0.07762168331553132,8.619047619047619,3.8109335639913744,0.07136699583679325
CSO-13-8A-MBUAN-CorrEtiq.txt,50.0,38.09183673469388,49.0,3.4285714285714284,2.489795918367347,1.989795918367347,0.04081632653061224,0.0,38.09183673469388,35.01020408163265,2.5788332243893675,0.0634019804622834,11.071428571428571,4.755218019329017,0.0016749045347326768
CSO-13-8A-MGAAN-CorrEtiq.txt,50.0,37.258620689655174,49.0,2.043103448275862,2.043103448275862,0.3793103448275862,0.0,0.5862068965517241,37.258620689655174,34.474137931034484,2.6457580818548982,0.07001074296825821,9.46551724137931,4.092509718364859,0.04703683785755535
CSO-13-8A-MGAHE-CorrEtiq.txt,50.0,32.041666666666664,49.0,4.75,4.833333333333333,1.0,0.08333333333333333,1.2916666666666667,32.041666666666664,27.0,3.068188852967283,0.08758957042609632,10.083333333333334,3.950707689966078,0.02884921058435003
CSO-13-8A-MJAGA-CorrEtiq.txt,50.0,35.951219512195124,48.97560975609756,1.3170731707317074,1.3170731707317074,1.1219512195121952,0.0,0.5365853658536586,35.926829268292686,33.24390243902439,2.7355161920410938,0.07488535006304589,8.536585365853659,3.7022503235106123,0.021320918548549922
CSO-13-8A-VHODU-CorrEtiq.txt,50.0,33.142857142857146,47.0,0.8571428571428571,1.5714285714285714,0.0,0.7142857142857143,1.0,33.142857142857146,29.714285714285715,2.839444414129288,0.08544849024653851,7.571428571428571,3.54382120883544,0.06710614224044596
CSO-13-8B-FCJISA-CorrEtiq.txt,50.0,35.0,49.0,1.4,1.4,0.0,0.0,2.6,35.0,33.4,2.8009150326797387,0.080061115355233,6.4,3.328009506833036,0.11463220843893111
CSO-13-8B-JEMABE-CorrEtiq.txt,50.0,31.954545454545453,49.0,1.8636363636363635,3.409090909090909,1.0,1.5454545454545454,1.9090909090909092,31.954545454545453,30.59090909090909,3.067806918155158,0.09026759530791789,7.409090909090909,3.2981838176486273,0.08239838424039304
CSO-13-9B-DMLLLU-CorrEtiq.txt,50.0,33.916666666666664,47.0,1.75,1.75,0.0,0.0,0.0,32.916666666666664,31.416666666666668,2.7733206540191833,0.08120650630731276,6.25,2.9833396225058935,0.011561588861133678
CSO-14-7A-MVEBE-CorrEtiq.txt,50.0,34.888888888888886,49.0,1.5555555555555556,1.5555555555555556,1.0,0.0,1.0,34.888888888888886,32.388888888888886,2.814266940737529,0.07903399484281838,7.833333333333333,3.6885645959175375,0.05575872642866106
CSO-14-7B-EVEGO-CorrEtiq.txt,50.0,32.63636363636363,49.0,3.324675324675325,3.3376623376623376,0.22077922077922077,0.012987012987012988,1.4155844155844155,32.63636363636363,30.74025974025974,3.011802474725479,0.08858325994297887,7.441558441558442,3.2892814359225344,0.06235123009057767
CSO-14-8A-MCIDOS-CorrEtiq.txt,50.0,36.15,49.0,1.5,1.9,0.0,0.4,1.0,36.15,33.8,2.7118168168168166,0.07420218537865597,7.6,3.6106983874630934,0.058766459486697585
CSO-14-8A-SZARA-CorrEtiq.txt,50.0,36.67032967032967,49.0,3.142857142857143,3.6923076923076925,0.8901098901098901,0.5494505494505495,0.46153846153846156,36.67032967032967,33.472527472527474,2.686733339777691,0.06885505695968738,10.736263736263735,4.4267519410404175,0.02384937638614109
CSO-14-8B-JLLORA-CorrEtiq.txt,50.0,30.88,49.0,3.36,4.18,0.0,0.82,1.96,30.88,29.16,3.209734247794223,0.09958262052785052,6.32,2.9434685207978832,0.07917301021805205
CSO-14-9A-AEDCAGO-CorrEtiq.txt,50.0,39.51578947368421,48.252631578947366,0.7578947368421053,1.1473684210526316,0.0,0.3894736842105263,1.2947368421052632,39.4,34.357894736842105,2.449619165529593,0.06246631168932976,10.694736842105263,4.5972926482360865,0.051404965722910534
CSO-14-9A-HASACA-CorrEtiq.txt,50.0,33.62608695652174,49.0,2.626086956521739,3.0434782608695654,0.0,0.41739130434782606,2.0869565217391304,33.62608695652174,31.504347826086956,2.9744904934871133,0.08830890425543295,7.208695652173913,3.352066272867543,0.087652329694618
CSO-14-9A-JSMAAL-CorrEtiq.txt,50.0,37.276595744680854,49.0,1.3404255319148937,1.3404255319148937,1.553191489361702,0.0,0.6808510638297872,37.276595744680854,34.659574468085104,2.6350277506887747,0.0685361919700896,10.574468085106384,4.549909423316972,0.03543318411151323
CSO-14-9A-MARJA-CorrEtiq.txt,50.0,37.866359447004605,47.21198156682028,1.6912442396313363,2.0184331797235022,0.055299539170506916,0.3271889400921659,1.327188940092166,35.74654377880184,32.6221198156682,2.499959241940193,0.06507937901562402,9.276497695852534,4.118288680694207,0.045530629584764504
CSO-14-9A-SORZU-CorrEtiq.txt,50.0,36.31958762886598,47.666666666666664,1.7903780068728523,2.718213058419244,0.6769759450171822,0.9965635738831615,1.0756013745704467,35.57044673539519,30.175257731958762,2.6439174190377748,0.07016593545052953,10.663230240549828,4.273687216605627,0.04738748670646606
CSO-14-9B-ERAGA-CorrEtiq.txt,50.0,30.829787234042552,49.0,4.031914893617022,5.0,0.0,0.9680851063829787,1.797872340425532,30.829787234042552,29.21276595744681,3.206660869379597,0.09690731337905015,6.361702127659575,3.0520441613869473,0.07390089868974718
CSO-14-9B-MFEGA-CorrEtiq.txt,50.0,36.875,49.0,1.2857142857142858,1.625,0.16071428571428573,0.3392857142857143,1.3214285714285714,36.875,34.267857142857146,2.662803710771977,0.07171712717654778,9.839285714285714,4.187968930364441,0.04955335288962161
CSO-15-10A-LJRAGU-CorrEtiq.txt,50.0,35.35294117647059,49.0,0.8352941176470589,1.3647058823529412,0.0,0.5294117647058824,1.0588235294117647,35.35294117647059,33.0,2.7769786147791065,0.07879469665462581,8.141176470588235,3.585965705356938,0.0640291012315792
CSO-15-10A-MAARLO-CorrEtiq.txt,50.0,31.470588235294116,46.1764705882353,2.6470588235294117,3.6470588235294117,0.9411764705882353,1.0,0.0,30.647058823529413,28.823529411764707,2.9353293370133975,0.08681288776001857,7.294117647058823,3.36622553764149,0.011200956433404251
CSO-15-10A-SFEGA-CorrEtiq.txt,50.0,36.806451612903224,49.0,0.3870967741935484,0.3870967741935484,0.3548387096774194,0.0,0.2903225806451613,36.806451612903224,33.74193548387097,2.66557955830901,0.073473431657792,8.129032258064516,3.5239388281633364,0.006943704051654192
CSO-15-10B-MEBUAR-CorrEtiq.txt,50.0,35.22222222222222,49.0,2.5555555555555554,2.8518518518518516,0.0,0.2962962962962963,1.6296296296296295,35.22222222222222,33.129629629629626,2.7849153669415108,0.07666635154380252,7.796296296296297,3.627197879485461,0.046612715031378794
CSO-15-10B-YVBUAN-CorrEtiq.txt,50.0,38.23809523809524,48.888888888888886,0.19047619047619047,1.6349206349206349,0.0,1.4444444444444444,0.49206349206349204,38.22222222222222,35.42857142857143,2.5595839626862302,0.06655701937198362,10.396825396825397,4.359973535482429,0.01889851984881225
CSO-15-10C-ALBAHO-CorrEtiq.txt,50.0,36.32432432432432,49.0,1.054054054054054,2.5675675675675675,0.13513513513513514,1.5135135135135136,1.7027027027027026,36.32432432432432,34.486486486486484,2.700040128824331,0.07233755494152114,8.64864864864865,3.889964207192891,0.06993513875790114
CSO-15-10C-SSCAMO-CorrEtiq.txt,50.0,36.082549634273775,49.0,3.322884012539185,3.735632183908046,1.2821316614420062,0.5130616509926855,1.1128526645768024,36.082549634273775,31.82967607105538,2.744891321439314,0.07093569225936897,10.361546499477534,4.4853626935664765,0.0559250758094312
CSO-15-11C-JETALO-CorrEtiq.txt,50.0,35.398648648648646,49.0,3.7027027027027026,4.3175675675675675,0.36486486486486486,0.6148648648648649,0.7027027027027027,35.398648648648646,31.56081081081081,2.7988667543242527,0.07441068971848806,9.682432432432432,4.138955495554785,0.037371633634329875
CSO-15-8A-VBMABR-CorrEtiq.txt,50.0,34.4375,49.0,2.96875,4.53125,0.375,1.5625,0.0,34.4375,32.5625,2.854446507794031,0.07699173220230221,7.1875,3.6004919181122537,0.0
CSO-15-8B-KEPOGO-CorrEtiq.txt,50.0,40.22727272727273,49.0,0.4318181818181818,0.4318181818181818,0.0,0.0,0.18181818181818182,40.22727272727273,36.27272727272727,2.437857684070778,0.0616776945082465,9.545454545454545,4.3082751882013754,0.010624798241133286
CSO-15-9B-ALRIHE-CorrEtiq.txt,50.0,35.41284403669725,49.0,1.4036697247706422,2.63302752293578,0.3944954128440367,1.2293577981651376,0.5412844036697247,35.41284403669725,33.11009174311926,2.783711933778934,0.0766038428610342,8.422018348623853,3.789366549526614,0.04598423938878596
CSO-15-9B-AMSAGO-CorrEtiq.txt,50.0,37.666666666666664,49.0,2.625,4.583333333333333,0.7083333333333334,1.9583333333333333,0.8333333333333334,37.666666666666664,32.125,2.602938211490843,0.06335407124880808,12.291666666666666,5.0763345112029326,0.03653500775211301
CSO-15-9B-JCAPA-CorrEtiq.txt,50.0,35.65060240963855,49.0,3.5421686746987953,3.6506024096385543,0.0,0.10843373493975904,1.2289156626506024,35.65060240963855,33.566265060240966,2.7526974599039953,0.07362340183687492,8.951807228915662,4.009954785849075,0.03411497870073882
CSO-15-9B-KSBEJA-CorrEtiq.txt,50.0,35.256410256410255,48.17948717948718,3.076923076923077,3.3333333333333335,0.0,0.2564102564102564,0.02564102564102564,34.35897435897436,31.23076923076923,2.758979781301823,0.07570184747757515,9.025641025641026,3.632775207891307,0.0017369727047146404
CSO-15-9B-RMCHLU-CorrEtiq.txt,50.0,36.94285714285714,48.91428571428571,2.0,2.914285714285714,0.0,0.9142857142857143,0.8857142857142857,36.91428571428571,33.628571428571426,2.658480710733033,0.06986695190836949,10.571428571428571,4.214982435241064,0.039416522193390834
CSO-15-9B-SJAGRO-CorrEtiq.txt,50.0,38.111111111111114,49.0,0.9444444444444444,0.9444444444444444,0.0,0.0,0.0,38.111111111111114,34.333333333333336,2.577193152688803,0.06841610583839183,10.481481481481481,4.292819131714943,0.0
CSO-16-10A-JEGAHE-CorrEtiq.txt,50.0,35.51470588235294,48.338235294117645,3.014705882352941,3.014705882352941,0.0,0.0,2.588235294117647,35.1764705882353,32.39705882352941,2.7284944775793436,0.07438303640725785,9.176470588235293,4.100558131290862,0.12769346005287285
CSO-16-10A-MSACO-CorrEtiq.txt,50.0,34.901408450704224,49.0,0.6197183098591549,0.8591549295774648,0.0,0.23943661971830985,0.704225352112676,34.901408450704224,33.436619718309856,2.8105449423768003,0.08163593244044995,6.943661971830986,3.2952014631254154,0.04576613478654725
CSO-16-10A-SARI-CorrEtiq.txt,50.0,37.55555555555556,47.111111111111114,1.6666666666666667,5.777777777777778,0.0,4.111111111111111,0.0,36.666666666666664,33.111111111111114,2.5126852223343454,0.0603026778465375,10.666666666666666,4.413766240185229,0.0
CSO-16-10A-SMOUT-CorrEtiq.txt,50.0,36.023809523809526,47.80952380952381,1.4285714285714286,2.619047619047619,0.07142857142857142,1.1904761904761905,0.23809523809523808,34.476190476190474,31.357142857142858,2.655779843152687,0.0716333923543123,8.80952380952381,3.7762382223600497,0.047633120266252466
CSO-16-10A-YKMUJO-CorrEtiq.txt,50.0,36.23076923076923,49.0,0.9230769230769231,0.9230769230769231,0.0,0.0,0.5384615384615384,36.23076923076923,33.69230769230769,2.7055671055671056,0.0753901283313048,8.307692307692308,3.7253378135731077,0.019418328584995256
CSO-16-10B-JESUGU-CorrEtiq.txt,50.0,37.583333333333336,49.0,0.0,0.3333333333333333,0.0,0.3333333333333333,2.2916666666666665,37.583333333333336,35.125,2.6082998484314275,0.07086352546878863,8.125,3.744443974049237,0.09854176671610881
CSO-16-10B-VVILI-CorrEtiq.txt,50.0,40.666666666666664,49.0,0.0,1.0,0.0,1.0,2.0,40.666666666666664,38.666666666666664,2.4101626016260163,0.05953721075672295,11.0,4.7701480091724,0.07869918699186991
CSO-16-10C-MAVAVE-CorrEtiq.txt,50.0,39.75471698113208,49.0,0.7735849056603774,0.8113207547169812,0.7924528301886793,0.03773584905660377,0.3584905660377358,39.75471698113208,35.339622641509436,2.472630434436814,0.062061170750845183,10.566037735849056,4.421573111080847,0.03639582271276134
CSO-16-11A-JAVABO-CorrEtiq.txt,50.0,32.84782608695652,49.0,2.0217391304347827,1.8695652173913044,1.2826086956521738,0.4782608695652174,1.2173913043478262,32.84782608695652,31.347826086956523,2.9851590371581502,0.08775387944289026,6.043478260869565,3.0430197840962214,0.04214386313764459
CSO-16-11A-JDMUVA-CorrEtiq.txt,50.0,35.53448275862069,49.0,0.8793103448275862,2.810344827586207,0.3448275862068966,1.9310344827586208,1.1896551724137931,35.53448275862069,33.13793103448276,2.7737198312642595,0.07547994737405915,7.810344827586207,3.5749873906045435,0.04087619629725345
CSO-16-11A-VZAOR-CorrEtiq.txt,50.0,31.56,49.0,5.6,6.16,0.0,0.56,0.16,31.56,29.36,3.1250844600556373,0.08991846879761557,7.52,3.3430339940787497,0.05236094711555705
CSO-16-11B-KRORE-CorrEtiq.txt,50.0,32.0,49.0,3.033333333333333,3.1,0.35,0.06666666666666667,1.8833333333333333,32.0,30.083333333333332,3.066830304947003,0.09211814180116379,7.283333333333333,3.136668809853803,0.07216179194092211
CSO-16-11B-LLOZA-CorrEtiq.txt,50.0,38.675,47.38333333333333,0.675,1.425,0.7416666666666667,0.75,0.4,37.30833333333333,33.31666666666667,2.451558369132937,0.062136495565760085,9.925,4.326976276034211,0.02712558835023612
CSO-16-11B-YAROMO-CorrEtiq.txt,50.0,37.92631578947368,49.0,1.9473684210526316,2.4526315789473685,0.5157894736842106,0.5052631578947369,0.7684210526315789,37.92631578947368,33.757894736842104,2.6181997112974673,0.0676130010653605,10.452631578947368,4.408640331604053,0.03716262209819664
CSO-16-9A-JALEMO-CorrEtiq.txt,50.0,34.53846153846154,49.0,5.423076923076923,5.769230769230769,0.6153846153846154,0.34615384615384615,0.6923076923076923,34.53846153846154,32.61538461538461,2.8442376928619812,0.07380389567296589,8.115384615384615,3.8687268493838705,0.03678209098512703
CSO-16-9A-JPROSO-CorrEtiq.txt,50.0,39.302083333333336,49.0,1.0104166666666667,1.5208333333333333,0.0,0.5104166666666666,0.9791666666666666,39.302083333333336,35.395833333333336,2.4968765687441055,0.06327588072958927,10.885416666666666,4.609447590088068,0.04246131195069136
CSO-16-9A-JSMAGU-CorrEtiq.txt,50.0,33.244897959183675,49.0,1.2448979591836735,1.2448979591836735,0.10204081632653061,0.0,3.8979591836734695,33.244897959183675,31.26530612244898,2.953880442827312,0.08944430742779114,6.73469387755102,3.0092810610319227,0.13768079045409554
CSO-16-9B-SJPAJI-CorrEtiq.txt,50.0,37.52272727272727,49.0,0.8181818181818182,0.8181818181818182,0.7272727272727273,0.0,0.36363636363636365,37.52272727272727,34.93181818181818,2.613818317765686,0.0694000207158102,8.204545454545455,3.6798427351058933,0.01830686344242963
CSO-17-10A-YVGOCA-CorrEtiq.txt,50.0,36.53333333333333,49.0,1.5066666666666666,1.68,0.6266666666666667,0.17333333333333334,0.49333333333333335,36.53333333333333,34.10666666666667,2.6926834676912077,0.07278136382071267,8.56,3.8579530010658543,0.029661868345433877
CSO-17-10B-EHECO-CorrEtiq.txt,50.0,37.285714285714285,49.0,1.6326530612244898,1.6326530612244898,0.0,0.0,0.3877551020408163,37.285714285714285,35.02040816326531,2.6333381862793632,0.0703339659806457,8.183673469387756,3.7358717772188426,0.030957292936836633
CSO-17-10B-YCQUVE.txt,50.0,38.88,47.64,2.44,1.92,2.52,1.02,0.32,37.68,31.86,2.4575537289889025,0.05894242710032183,11.24,4.724801622005956,0.011041230041230041
CSO-17-11A-DJAPA-CorrEtiq.txt,50.0,30.833333333333332,49.0,5.833333333333333,5.833333333333333,0.0,0.0,2.0,30.833333333333332,29.666666666666668,3.178853046594982,0.09389445062415029,6.166666666666667,3.092337164750958,0.15154036525004266
CSO-17-11A-JDAMO-CorrEtiq.txt,50.0,29.574468085106382,49.0,5.829787234042553,6.74468085106383,0.0,0.9148936170212766,0.2127659574468085,29.574468085106382,27.872340425531913,3.3270534548821264,0.10092088260975676,6.617021276595745,3.0753558308191398,0.01566672026193239
CSO-17-11A-NPAHE-CorrEtiq.txt,50.0,39.3134328358209,49.0,0.14925373134328357,0.14925373134328357,0.1791044776119403,0.0,0.0,39.3134328358209,36.3134328358209,2.498859857494001,0.06509299515848553,9.64179104477612,4.154277041219735,0.017172133612112197
CSO-17-11A-RLPAIG-CorrEtiq.txt,50.0,39.2,49.0,0.8222222222222222,1.3333333333333333,0.06666666666666667,0.5111111111111111,0.5333333333333333,39.2,37.266666666666666,2.512684152872926,0.06436084358012982,9.955555555555556,4.450158641174009,0.009425854200708001
CSO-17-11A-SPUVA-CorrEtiq.txt,50.0,34.666666666666664,49.0,3.888888888888889,3.888888888888889,0.0,0.0,1.5555555555555556,34.666666666666664,34.111111111111114,2.828467683369644,0.07732129888992634,7.222222222222222,3.440416301200615,0.06715916819402659
CSO-17-11B-CDBEBU-CorrEtiq.txt,50.0,38.166666666666664,45.0,0.0,1.0,1.0,1.0,0.0,38.166666666666664,20.0,2.3582995951417,0.06064363959100801,17.666666666666668,6.049117943854786,0.0
CSO-17-11C-JDAAG-CorrEtiq.txt,50.0,40.142857142857146,49.0,0.25,1.25,0.0,1.0,0.35714285714285715,40.142857142857146,37.07142857142857,2.441682301438399,0.06080362726704191,11.928571428571429,4.6833906412372395,0.010733335052803692
CSO-17-11C-MAPAMA-CorrEtiq.txt,50.0,37.73170731707317,49.0,0.0,0.0,0.7317073170731707,0.0,2.048780487804878,37.73170731707317,35.31707317073171,2.6013864313607575,0.07001957692133634,9.560975609756097,4.32030832496739,0.07496208517802136
CSO-17-11C-MCAAG-CorrEtiq.txt,50.0,41.142857142857146,49.0,1.4285714285714286,2.119047619047619,0.6190476190476191,0.6904761904761905,0.2857142857142857,41.142857142857146,36.80952380952381,2.3844832768542354,0.05617451476515615,12.0,5.354999451906211,0.012178556538312638
CSO-17-11C-SARJA-CorrEtiq.txt,50.0,38.92307692307692,49.0,1.0,3.0,0.0,2.0,0.0,38.92307692307692,34.84615384615385,2.5194145885712986,0.062450660396745114,10.307692307692308,4.296814328437711,0.0
CSO-18-11A-ADBAHO-CorrEtiq.txt,50.0,38.236363636363635,49.0,1.5636363636363637,1.5636363636363637,0.0,0.0,0.4727272727272727,38.236363636363635,35.10909090909091,2.5693584620285517,0.0670718313910944,9.50909090909091,3.9263762319225584,0.014060107382033315
CSO-18-9B-MAMOLO-CorrEtiq.txt,50.0,34.78294573643411,49.0,2.0775193798449614,3.9147286821705425,1.4108527131782946,1.8372093023255813,0.8992248062015504,34.78294573643411,30.697674418604652,2.8249971242991654,0.0749245396404961,9.364341085271318,4.011170849233112,0.03733693080049795
CSO-8-3A-AIPRBR-CorrEtiq.txt,50.0,34.6875,49.0,3.421875,4.3125,0.0,0.890625,1.125,34.6875,32.25,2.832738856107871,0.07708400703099391,8.90625,3.7844057755070315,0.044653222122470596
CSO-8-3A-DAPAVA-CorrEtiq.txt,50.0,35.146341463414636,49.0,2.6341463414634148,3.1951219512195124,0.0,0.5609756097560976,0.9024390243902439,35.146341463414636,32.31707317073171,2.797697335606042,0.07703696600633632,8.073170731707316,3.5781083533335782,0.017145297520843265
CSO-8-3A-KVPECO-CorrEtiq.txt,50.0,35.125,49.0,1.5,1.5,0.0,0.0,1.875,35.125,33.375,2.795821754064788,0.07957724357685658,9.75,3.752801245153219,0.09846352789335246
CSO-8-4A-ARAGR-CorrEtiq.txt,50.0,38.21739130434783,49.0,1.173913043478261,3.0434782608695654,1.0,1.8695652173913044,2.782608695652174,38.21739130434783,33.43478260869565,2.578838431924722,0.06431550933933652,12.521739130434783,5.083709923720315,0.1213188110600666
CSO-8-4A-JRAAR-CorrEtiq.txt,50.0,34.64705882352941,49.0,1.3529411764705883,2.9411764705882355,0.0,1.588235294117647,0.5294117647058824,34.64705882352941,33.1764705882353,2.832154177612655,0.07929452766767199,7.705882352941177,3.479991645909996,0.019078153988868276
CSO-9-2A-EXMOCO-CorrEtiq.txt,50.0,33.14,47.18,3.06,3.3,0.1,0.24,0.98,33.12,29.76,2.8522113216743197,0.0825380720158087,7.9,3.4390990631632032,0.11436456926012208
CSO-9-4A-AGAPE-CorrEtiq.txt,50.0,35.333333333333336,49.0,1.7142857142857142,1.8571428571428572,0.6190476190476191,0.14285714285714285,0.0,35.333333333333336,31.904761904761905,2.7837554364644146,0.07733247759731189,8.095238095238095,3.454265408253973,0.015114649947210164
CSO-9-4A-DKVIMO-CorrEtiq.txt,50.0,33.64705882352941,49.0,4.647058823529412,4.647058823529412,0.0,0.0,1.0,33.64705882352941,30.941176470588236,2.9141160742371817,0.08087768400442806,7.352941176470588,3.400661164931731,0.047676106849589076
CSO-9-4A-DSMOMU-CorrEtiq.txt,50.0,35.02873563218391,49.0,2.6954022988505746,2.971264367816092,0.0,0.27586206896551724,1.339080459770115,35.02873563218391,32.798850574712645,2.8113430195428837,0.07823785982755496,8.459770114942529,3.734270375263262,0.06632385368580036
CSO-9-4A-DVGATO-CorrEtiq.txt,50.0,33.333333333333336,49.0,3.7586206896551726,5.67816091954023,0.06896551724137931,1.9195402298850575,0.7471264367816092,33.333333333333336,31.103448275862068,2.9496979537040953,0.08090395603704847,8.850574712643677,3.815140753474337,0.04206691277436225
CSO-9-4A-EGCAMO-CorrEtiq.txt,50.0,37.5,45.0,1.0,2.0,0.0,1.0,1.9375,33.5,24.5,2.400649004267425,0.06288370137054347,9.1875,3.6275361088350295,0.07506078290069519
CSO-9-4A-FAGIGA-CorrEtiq.txt,50.0,34.958333333333336,49.0,2.9583333333333335,2.9583333333333335,0.0,0.0,1.4166666666666667,34.958333333333336,32.916666666666664,2.8059133331192156,0.07777934423155011,7.708333333333333,3.584105696605697,0.053947247858047026
CSO-9-4A-GSBRCO-CorrEtiq.txt,50.0,33.425,49.0,2.95,3.95,0.05,1.0,1.1,33.425,31.875,2.9371311729726104,0.08353061483635488,6.825,3.301689243512654,0.05808682026696309
CSO-9-4A-KEMOCO-CorrEtiq.txt,50.0,34.5,49.0,1.7727272727272727,2.772727272727273,0.13636363636363635,1.0,0.9545454545454546,34.5,33.22727272727273,2.8431237508777616,0.07995988340239678,7.681818181818182,3.4748918231204327,0.042280619318434444
CSO-9-4A-LCOMO-CorrEtiq.txt,50.0,35.20175438596491,49.0,2.543859649122807,3.9649122807017543,0.0,1.4210526315789473,1.456140350877193,35.20175438596491,32.23684210526316,2.797307637101649,0.07551350128069792,8.657894736842104,3.8324045698556524,0.07423155468007087
CSO-9-4A-MLORO-CorrEtiq.txt,50.0,33.93859649122807,49.0,3.2280701754385963,4.105263157894737,1.543859649122807,1.5526315789473684,1.280701754385965,33.93859649122807,31.526315789473685,2.91127803709857,0.07965436094029012,9.464912280701755,4.097106491679474,0.07222335837129283
CSO-9-4A-NSARPA-CorrEtiq.txt,50.0,33.375,49.0,3.625,3.625,0.0,0.0,0.375,33.375,31.833333333333332,2.939367015745692,0.08415594854755197,8.041666666666666,3.523685691285312,0.033705216040540796
CSO-9-4A-SLOCA-CorrEtiq.txt,50.0,31.583333333333332,49.0,3.2916666666666665,5.791666666666667,2.125,3.2291666666666665,0.2708333333333333,31.583333333333332,29.625,3.1086191566048167,0.08547830768014482,7.5625,3.28568161363741,0.01279540372461437
CSO-9-4A-YVDITR-CorrEtiq.txt,50.0,29.77777777777778,49.0,3.2037037037037037,4.018518518518518,0.46296296296296297,0.8148148148148148,2.4074074074074074,29.77777777777778,28.01851851851852,3.3027970182676545,0.10499500589054825,6.444444444444445,2.9941149494107,0.11417188293139098
