file,wc,nodes,edges,re,pe,l1,l2,l3,lcc,lsc,atd,density,diameter,asp,cc
CDMS-10-4A-JURAN-CorrEtiq.txt,30.0,22.638655462184875,29.0,1.2605042016806722,2.2100840336134455,0.48739495798319327,0.9495798319327731,0.7058823529411765,22.638655462184875,19.058823529411764,2.567261434217956,0.1078704084088389,8.873949579831933,3.923187753986554,0.06618070508835945
CDMS-10-5A-HEPIHO-CorrEtiq.txt,30.0,22.25925925925926,28.462962962962962,1.1481481481481481,1.4074074074074074,0.0,0.25925925925925924,0.5462962962962963,21.88888888888889,18.425925925925927,2.5680922576778156,0.11551200114940562,7.398148148148148,3.308679919625202,0.05209998644188739
CDMS-10-5A-KSRAGU-CorrEtiq.txt,30.0,22.146067415730336,29.0,1.4943820224719102,1.9550561797752808,0.9325842696629213,0.4606741573033708,0.8539325842696629,22.146067415730336,18.696629213483146,2.6558727277501712,0.11485069054831344,8.539325842696629,3.7343191034772842,0.10111515063597247
CDMS-10-5A-SROPU-CorrEtiq.txt,30.0,23.47222222222222,29.0,1.6319444444444444,2.4027777777777777,0.3819444444444444,0.7708333333333334,0.3125,23.47222222222222,18.506944444444443,2.502393062172969,0.10141461219466336,9.63888888888889,4.240939091879227,0.05429354339156358
CDMS-10-5A-SZURO-CorrEtiq.txt,30.0,23.0,27.846153846153847,1.0769230769230769,1.2307692307692308,0.0,0.15384615384615385,0.0,23.0,15.384615384615385,2.422468835512314,0.10542356194530107,9.384615384615385,3.777852582200408,0.02596027161244552
CDMS-10-5B-SRAJA-CorrEtiq.txt,30.0,22.10843373493976,29.0,1.8975903614457832,2.4879518072289155,0.3072289156626506,0.5903614457831325,1.391566265060241,22.10843373493976,17.53614457831325,2.6566227694651228,0.11558105115962065,9.373493975903614,3.9843973336296483,0.11293229679484079
CDMS-10-5C-DAAUSA-CorrEtiq.txt,30.0,22.712,29.0,1.504,1.944,0.128,0.44,0.864,22.712,18.776,2.576078030344941,0.11110799039939435,8.152,3.633645434392711,0.06002867489760853
CDMS-10-5C-ICAPA-CorrEtiq.txt,30.0,20.956521739130434,27.391304347826086,1.4782608695652173,1.8695652173913044,2.1739130434782608,0.391304347826087,0.13043478260869565,20.956521739130434,17.26086956521739,2.629885032223108,0.11257501182472066,8.521739130434783,3.7741023078370257,0.008388468809073724
CDMS-10-5C-JFALGI-CorrEtiq.txt,30.0,24.433962264150942,29.0,0.2830188679245283,0.2830188679245283,0.0,0.0,0.5094339622641509,24.433962264150942,20.943396226415093,2.3830703076888473,0.10144507028838448,8.867924528301886,3.8124353029767306,0.03476822892591087
CDMS-10-5C-NBEMO-CorrEtiq.txt,30.0,23.78787878787879,26.272727272727273,0.09090909090909091,1.0909090909090908,0.7727272727272727,1.0,0.36363636363636365,21.106060606060606,12.272727272727273,2.216716537744206,0.09064810244652143,9.863636363636363,4.209029442825286,0.023644724109150986
CDMS-10-6B-ASCACO-CorrEtiq.txt,30.0,21.649484536082475,28.52577319587629,1.556701030927835,2.731958762886598,1.175257731958763,1.175257731958763,0.711340206185567,21.278350515463917,17.11340206185567,2.6641893960374756,0.11238663628432478,8.742268041237113,3.7647674322928792,0.06204270231749614
CDMS-10-6B-JJMOBE-CorrEtiq.txt,30.0,23.0,27.40909090909091,0.7272727272727273,0.7272727272727273,0.0,0.0,0.0,22.181818181818183,19.363636363636363,2.386614564618517,0.10581395547798711,8.454545454545455,3.4629699022979654,0.0011707988980716253
CDMS-11-4A-GACHSA-CorrEtiq.txt,30.0,21.91111111111111,28.325925925925926,1.874074074074074,2.8814814814814813,0.25925925925925924,1.0074074074074073,0.2,21.237037037037037,16.59259259259259,2.6305374870617486,0.1144373738576986,8.133333333333333,3.694278667927008,0.026412561535361073
CDMS-11-5A-EAARCA-CorrEtiq.txt,30.0,23.97530864197531,29.0,0.9814814814814815,1.6790123456790123,0.7160493827160493,0.8703703703703703,0.7901234567901234,23.97530864197531,17.72222222222222,2.4381498726737023,0.09815677929501135,10.654320987654321,4.434231573830269,0.06015215906608657
CDMS-11-5A-MGTHAR-CorrEtiq.txt,30.0,24.06741573033708,28.719101123595507,0.5393258426966292,0.7303370786516854,0.7191011235955056,0.19101123595505617,0.5393258426966292,23.53932584269663,18.258426966292134,2.3945195821746874,0.09906852885846536,9.112359550561798,3.9884732002312666,0.041420133368594535
CDMS-11-6A-DFVEBE-CorrEtiq.txt,30.0,20.818181818181817,29.0,1.121212121212121,1.9696969696969697,0.7272727272727273,0.8484848484848485,2.242424242424242,20.818181818181817,18.333333333333332,2.7900067872399887,0.12798174019309863,8.424242424242424,3.6173850904660143,0.1794649012237945
CDMS-11-6A-NMREPR-CorrEtiq.txt,30.0,23.426966292134832,29.0,1.404494382022472,1.5393258426966292,1.1235955056179776,0.1348314606741573,0.9213483146067416,23.426966292134832,15.876404494382022,2.48711965502879,0.10100318126209674,11.01123595505618,4.623799796975176,0.06475483251602776
CDMS-11-6B-ARAHE-CorrEtiq.txt,30.0,21.766666666666666,29.0,2.533333333333333,2.466666666666667,1.4,0.5611111111111111,0.7388888888888889,21.766666666666666,17.43888888888889,2.705640286817064,0.11402535277816458,8.938888888888888,3.893789106892104,0.06192685216192982
CDMS-11-6B-AVROTO-CorrEtiq.txt,30.0,23.121951219512194,29.0,0.8373983739837398,1.1382113821138211,0.4715447154471545,0.45528455284552843,1.016260162601626,23.121951219512194,19.3739837398374,2.543077611505734,0.11082260374057955,8.94308943089431,3.866836438544582,0.07430618694747335
CDMS-11-6B-EAFESA-CorrEtiq.txt,30.0,23.737373737373737,29.0,0.9494949494949495,1.2525252525252526,1.3737373737373737,0.30303030303030304,0.0,23.737373737373737,16.67676767676768,2.453941616541529,0.0988861151988998,11.353535353535353,4.675252409470795,0.003150857340580661
CDMS-11-6B-EFRGR-CorrEtiq.txt,30.0,22.2319587628866,29.0,1.5670103092783505,1.8556701030927836,1.407216494845361,0.4329896907216495,0.41237113402061853,22.2319587628866,18.530927835051546,2.627870612772592,0.11094273691653284,9.036082474226804,3.925145735921367,0.03459081985294564
CDMS-11-6B-EROCO-CorrEtiq.txt,30.0,23.53968253968254,28.825396825396826,0.746031746031746,1.0793650793650793,1.8571428571428572,0.6825396825396826,1.1428571428571428,23.349206349206348,18.984126984126984,2.4719297823750987,0.09969248364911436,10.238095238095237,4.4358574990135775,0.07365728299039838
CDMS-11-6B-JACUPE-CorrEtiq.txt,30.0,19.13888888888889,28.366666666666667,2.033333333333333,2.8666666666666667,2.172222222222222,1.2944444444444445,0.8111111111111111,18.905555555555555,15.205555555555556,2.9990233438702836,0.13751614299063483,6.911111111111111,3.1437727642138285,0.0679336511399727
CDMS-11-6B-JDCHBA-CorrEtiq.txt,30.0,22.067901234567902,28.296296296296298,1.5308641975308641,1.7962962962962963,1.0432098765432098,0.2654320987654321,1.9259259259259258,21.487654320987655,16.104938271604937,2.5855625902783688,0.11161351683006061,9.185185185185185,3.8616736886362055,0.12462770289265851
CDMS-11-6B-JFSAHE-CorrEtiq.txt,30.0,23.887323943661972,29.0,1.1971830985915493,1.647887323943662,0.19014084507042253,0.4507042253521127,0.3380281690140845,23.887323943661972,19.54225352112676,2.4506022467473785,0.10157583468232258,9.78169014084507,4.178945392569822,0.03207350807320189
CDMS-11-6B-JLPENA-CorrEtiq.txt,30.0,22.420454545454547,26.011363636363637,0.6363636363636364,0.9545454545454546,1.3181818181818181,0.3181818181818182,0.14772727272727273,19.545454545454547,12.568181818181818,2.372947164054924,0.10316090541965185,9.147727272727273,3.8277080632486045,0.02397401403531786
CDMS-11-6B-JMARME-CorrEtiq.txt,30.0,23.544117647058822,28.580882352941178,0.7720588235294118,1.5183823529411764,0.6691176470588235,0.7977941176470589,0.5367647058823529,23.24264705882353,17.172794117647058,2.440885512552712,0.10055457404789414,9.676470588235293,4.195267720416041,0.045906030096407334
CDMS-11-6B-JPSAMA-CorrEtiq.txt,30.0,24.78125,29.0,0.0,0.59375,0.453125,0.59375,0.84375,24.78125,19.03125,2.348415699889885,0.09561987604786518,10.53125,4.4473127921293685,0.06813922999973725
CDMS-11-6B-LESTA-CorrEtiq.txt,30.0,23.27927927927928,26.27927927927928,0.7207207207207207,1.09009009009009,0.5405405405405406,0.36936936936936937,0.4594594594594595,21.243243243243242,13.612612612612613,2.263087921379302,0.09599377021057821,9.657657657657658,4.048767076513969,0.03034115366898411
CDMS-11-6B-MEBRTA-CorrEtiq.txt,30.0,22.954954954954953,29.0,1.7567567567567568,1.7027027027027026,2.0,0.7837837837837838,0.26126126126126126,22.954954954954953,13.927927927927929,2.5591347961294564,0.10289950172123637,11.702702702702704,4.789999344143464,0.04608802012221794
CDMS-11-6B-MMAMO-CorrEtiq.txt,30.0,22.80203045685279,29.0,1.2233502538071066,1.5786802030456852,0.5685279187817259,0.3553299492385787,0.7157360406091371,22.80203045685279,18.98984771573604,2.5650868715005557,0.11003675986224826,8.964467005076141,3.8738175757302953,0.05322328019497102
CDMS-11-6B-RSECA-CorrEtiq.txt,30.0,25.83606557377049,29.0,0.45901639344262296,1.0655737704918034,0.3770491803278688,0.6065573770491803,0.39344262295081966,25.83606557377049,18.131147540983605,2.25598916038688,0.08677273071428453,12.508196721311476,5.147003444473643,0.02239018826355486
CDMS-11-6B-SCAPA-CorrEtiq.txt,30.0,25.0,29.0,0.7142857142857143,0.7142857142857143,0.0,0.0,0.8839285714285714,25.0,18.678571428571427,2.3266236031336964,0.09489503078012394,10.535714285714286,4.46086742392643,0.07450049763924635
CDMS-11-6B-VZAPE-CorrEtiq.txt,30.0,22.852459016393443,29.0,0.1557377049180328,1.221311475409836,1.680327868852459,1.0655737704918034,0.5737704918032787,22.852459016393443,19.37704918032787,2.5575519255170005,0.1063427501640729,8.508196721311476,3.8365482650908618,0.04996587913551563
CDMS-11-6B-YLNIME-CorrEtiq.txt,30.0,24.265625,29.0,0.390625,0.828125,0.0,0.4375,0.71875,24.265625,20.765625,2.3994823649579082,0.10082939755494104,8.625,3.8671105326336304,0.046261699879227056
CDMS-11-7C-ICARE-CorrEtiq.txt,30.0,21.652173913043477,29.0,1.6521739130434783,2.630434782608696,0.0,0.9782608695652174,1.3695652173913044,21.652173913043477,19.76086956521739,2.6849663254200116,0.11874031185542477,7.0,3.284913542664015,0.09108342403238433
CDMS-11-7C-IMOIB-CorrEtiq.txt,30.0,23.23841059602649,29.0,0.8079470198675497,1.2781456953642385,0.0,0.47019867549668876,0.8145695364238411,23.23841059602649,19.8476821192053,2.5050084824688916,0.10815775612477994,8.42384105960265,3.7188234395034216,0.08350373888473582
CDMS-11-7C-SALMA-CorrEtiq.txt,30.0,22.289473684210527,29.0,1.5263157894736843,1.855263157894737,0.14473684210526316,0.32894736842105265,0.11842105263157894,22.289473684210527,19.68421052631579,2.6106959345002823,0.11484807556649058,7.868421052631579,3.532854758854698,0.04849035094008941
CDMS-11-7C-SPGAVE-CorrEtiq.txt,30.0,23.48076923076923,26.384615384615383,0.36538461538461536,0.8269230769230769,0.7115384615384616,0.46153846153846156,1.1923076923076923,22.884615384615383,11.096153846153847,2.2654680800042533,0.09592671285243015,11.384615384615385,4.657874532662862,0.0671726183824846
CDMS-12-5A-SRIGO-CorrEtiq.txt,30.0,23.392473118279568,29.0,1.543010752688172,2.338709677419355,0.15591397849462366,0.7956989247311828,0.46236559139784944,23.392473118279568,18.274193548387096,2.4922185657635083,0.10212202388514488,10.155913978494624,4.241329461907327,0.029764602334174932
CDMS-12-6A-FAROPA-CorrEtiq.txt,30.0,23.153374233128833,29.0,0.6319018404907976,0.7239263803680982,1.3987730061349692,0.34355828220858897,0.7668711656441718,23.153374233128833,18.828220858895705,2.520121059097067,0.10603545070365944,8.63803680981595,3.7644994796127444,0.0644126311250999
CDMS-12-6A-JGIGA-CorrEtiq.txt,30.0,23.991304347826087,29.0,0.7565217391304347,1.0260869565217392,0.14782608695652175,0.26956521739130435,0.21739130434782608,23.991304347826087,18.130434782608695,2.438263706445778,0.10223635659841597,9.626086956521739,4.046285960818082,0.01695580084691616
CDMS-12-6A-SROAL-CorrEtiq.txt,30.0,21.93877551020408,29.0,1.8979591836734695,1.9795918367346939,0.42857142857142855,0.08163265306122448,1.1020408163265305,21.93877551020408,18.367346938775512,2.6617916662020713,0.11762222122797474,8.183673469387756,3.5199423886459797,0.0852222232667523
CDMS-12-6B-IJDAGA-CorrEtiq.txt,30.0,22.478048780487804,29.0,1.3804878048780487,2.102439024390244,1.497560975609756,0.9414634146341463,0.7219512195121951,22.478048780487804,17.165853658536584,2.604026159423626,0.1064748338870451,9.546341463414635,4.097145333612334,0.049786601924345614
CDMS-12-6B-SCLAG-CorrEtiq.txt,30.0,18.508196721311474,28.475409836065573,2.3278688524590163,4.442622950819672,1.3442622950819672,2.1639344262295084,2.459016393442623,18.262295081967213,15.180327868852459,3.0940881817207755,0.14174025952054678,6.688524590163935,3.0881617616848294,0.1949098580409379
CDMS-12-7C-ARAHE-CorrEtiq.txt,30.0,21.125,27.0,2.125,3.125,0.0,1.0,0.0,20.625,17.25,2.558279220779221,0.11253417634996582,7.25,3.3220323536113012,0.03366522366522366
CDMS-12-7C-CATRAR-CorrEtiq.txt,30.0,23.710526315789473,29.0,0.21052631578947367,0.21052631578947367,0.0,0.0,1.605263157894737,23.710526315789473,19.63157894736842,2.451536979420274,0.10758345011205424,8.5,3.604734209345193,0.1270636101122371
CDMS-12-7C-DLOLO-CorrEtiq.txt,30.0,23.27659574468085,29.0,1.0,2.021276595744681,0.0,1.0212765957446808,0.2553191489361702,23.27659574468085,17.872340425531913,2.5170533516231943,0.10665472296320926,9.595744680851064,4.0819726382465555,0.05202485501811523
CDMS-12-7C-JSZAOR-CorrEtiq.txt,30.0,21.42105263157895,27.5,1.2894736842105263,1.6842105263157894,1.5394736842105263,0.40789473684210525,1.1842105263157894,20.276315789473685,15.75,2.5766140378684037,0.11180011281298201,9.144736842105264,3.8744211589978708,0.08611031760948959
CDMS-12-7C-MAROBE-CorrEtiq.txt,30.0,23.958333333333332,29.0,0.7604166666666666,0.7604166666666666,0.6041666666666666,0.0,0.7916666666666666,23.958333333333332,20.020833333333332,2.4372766543373428,0.10190206499965271,9.1875,4.071078663015244,0.05320322619518594
CDMS-12-7C-VMAPA-CorrEtiq.txt,30.0,24.254545454545454,29.0,0.7272727272727273,0.7272727272727273,0.0,0.0,0.0,24.254545454545454,21.636363636363637,2.398398827639934,0.10095572821264522,8.181818181818182,3.7310391213237066,0.0
CDMS-12-7C-VQURA-CorrEtiq.txt,30.0,22.43859649122807,29.0,1.087719298245614,1.5789473684210527,0.42105263157894735,0.5701754385964912,0.4298245614035088,22.43859649122807,19.62280701754386,2.596650208624194,0.11329061435528978,7.93859649122807,3.530506046582766,0.028352694319588815
CDMS-13-6B-ASUMO-CorrEtiq.txt,30.0,19.0,27.0,2.0,2.0,0.0,0.0,1.0,19.0,15.0,2.8421052631578947,0.14619883040935672,7.0,2.853801169590643,0.21929824561403505
CDMS-13-6B-JDTAHE-CorrEtiq.txt,30.0,23.06741573033708,28.382022471910112,0.3707865168539326,1.303370786516854,1.1348314606741574,0.9325842696629213,0.3595505617977528,22.59550561797753,15.382022471910112,2.465989711314577,0.10276194729772493,10.325842696629213,4.186534840305079,0.0172091185425333
CDMS-13-7C-MVEAR-CorrEtiq.txt,30.0,22.689655172413794,29.0,0.9195402298850575,2.2528735632183907,1.0114942528735633,1.3333333333333333,0.3103448275862069,22.689655172413794,17.551724137931036,2.5656277056277057,0.10507525913507135,9.206896551724139,3.925433637703818,0.015279602262360883
CDMS-13-7C-RAIZAC-CorrEtiq.txt,30.0,23.97590361445783,29.0,0.7349397590361446,1.0481927710843373,0.6987951807228916,0.3132530120481928,1.4457831325301205,23.97590361445783,17.03614457831325,2.441299471922835,0.10111346255318023,11.566265060240964,4.8047735138741725,0.09508447836237256
CDMS-13-7C-SSOSLO-CorrEtiq.txt,30.0,23.12037037037037,29.0,0.9074074074074074,2.037037037037037,0.05555555555555555,1.1296296296296295,1.5462962962962963,23.12037037037037,16.40740740740741,2.5257609917697637,0.10738865720383346,11.12037037037037,4.626068874082477,0.09720743122838285
CDMS-14-10A-IMORTO-CorrEtiq.txt,30.0,24.1,29.0,0.58,1.14,0.0,0.56,0.8,24.1,19.28,2.4276964179138094,0.10232765031392033,8.88,3.8459364893264207,0.029521568464891446
CDMS-14-10A-JCVANI-CorrEtiq.txt,30.0,22.598086124401913,29.0,1.2822966507177034,1.6985645933014355,0.5550239234449761,0.41626794258373206,1.2679425837320575,22.598086124401913,17.62200956937799,2.6118180227958825,0.11416206436001484,8.760765550239235,3.832481222328114,0.09064730795410231
CDMS-14-6B-KDCAHE-CorrEtiq.txt,30.0,20.91304347826087,25.956521739130434,0.021739130434782608,0.32608695652173914,1.5217391304347827,0.30434782608695654,2.652173913043478,17.956521739130434,14.108695652173912,2.4892944683413294,0.11676001201275243,6.739130434782608,3.0404976757362676,0.1362387451103748
CDMS-15-10A-AMALOS-CorrEtiq.txt,30.0,24.07843137254902,29.0,0.7973856209150327,1.1372549019607843,0.7450980392156863,0.5228758169934641,0.6274509803921569,24.07843137254902,17.797385620915033,2.416975769644141,0.09847264099608516,10.732026143790849,4.5502160183916365,0.06145604881893601
CDMS-15-10A-JJMACH-CorrEtiq.txt,30.0,24.20744680851064,29.0,1.1595744680851063,1.6595744680851063,0.13829787234042554,0.5,0.15425531914893617,24.20744680851064,21.085106382978722,2.4067077352530637,0.09770427503082453,9.553191489361701,4.206106064508007,0.011446782387847758
CDMS-15-10A-MAALCA-CorrEtiq.txt,30.0,23.696969696969695,29.0,0.35353535353535354,1.878787878787879,0.31313131313131315,1.606060606060606,0.6060606060606061,23.696969696969695,19.595959595959595,2.4621499239549305,0.10110710843970212,9.080808080808081,3.9353872940323256,0.05179839312523295
CDMS-15-10A-MAALRI-CorrEtiq.txt,30.0,23.6625,28.70625,1.025,1.275,1.26875,0.5,0.56875,23.5625,15.94375,2.4589635468176576,0.10023114610156522,11.43125,4.745683356936004,0.05319199926951011
CDMS-15-10A-SGOMO-CorrEtiq.txt,30.0,23.18045112781955,29.0,0.7744360902255639,1.7518796992481203,0.43609022556390975,0.9774436090225563,0.5263157894736842,23.18045112781955,19.015037593984964,2.5157289108286167,0.10558294825134694,8.62406015037594,3.779955776581265,0.03703663030186637
CDMS-15-10A-SHEGA-CorrEtiq.txt,30.0,21.375,28.352272727272727,1.8295454545454546,2.022727272727273,1.0340909090909092,0.5113636363636364,0.9886363636363636,21.204545454545453,17.323863636363637,2.6644589088093773,0.11769040506920848,8.380681818181818,3.679587361011188,0.07776305753996275
CDMS-15-11B-JEMOLO-CorrEtiq.txt,30.0,21.7375,27.5875,2.025,2.1125,1.1,0.0875,0.7625,21.0,14.5,2.541048037584079,0.10820592324024818,9.3875,3.9035207377798913,0.04824355550850116
CDMS-15-11B-VSAHO-CorrEtiq.txt,30.0,24.03174603174603,29.0,0.6984126984126984,1.2380952380952381,1.0,0.7142857142857143,0.2857142857142857,24.03174603174603,16.325396825396826,2.427455014303113,0.09820567217864809,11.555555555555555,4.7626819213608655,0.03729935955229996
CDMS-16-10A-SGALO-CorrEtiq.txt,30.0,25.06451612903226,29.0,0.3225806451612903,0.3225806451612903,0.0,0.0,0.5161290322580645,25.06451612903226,21.35483870967742,2.3250674695415228,0.09638468227528535,10.161290322580646,4.32130706341085,0.0453194321700967
CDMS-16-11B-NGABE-CorrEtiq.txt,30.0,23.833333333333332,29.0,0.6086956521739131,1.3768115942028984,0.5289855072463768,0.9710144927536232,1.144927536231884,23.833333333333332,18.202898550724637,2.4465033580156454,0.10078539328066738,9.818840579710145,4.171667195088745,0.07711264186898807
CDMS-17-10A-ASSAMO-CorrEtiq.txt,30.0,24.25,29.0,0.8819444444444444,0.8819444444444444,0.0,0.0,0.6666666666666666,24.25,19.07638888888889,2.4010116069294813,0.10063060441079764,10.215277777777779,4.354853339539329,0.04659144600399345
CDMS-18-7C-VVECA-CorrEtiq.txt,30.0,23.164556962025316,29.0,1.981012658227848,1.981012658227848,0.3670886075949367,0.17721518987341772,0.6455696202531646,23.164556962025316,17.075949367088608,2.558330936038547,0.1090344098635289,10.759493670886076,4.484046267576902,0.03796158647839779
CDMS-8-4A-DJAVDA-CorrEtiq.txt,30.0,19.923076923076923,29.0,2.3846153846153846,2.3076923076923075,2.0384615384615383,0.0,0.0,19.923076923076923,17.384615384615383,2.919042945358735,0.13185026188122165,6.615384615384615,3.0292174801462726,0.030562406474060607
CDMS-8-4A-DOSTR-CorrEtiq.txt,30.0,20.79591836734694,29.0,2.193877551020408,2.489795918367347,1.7857142857142858,0.6428571428571429,1.1428571428571428,20.79591836734694,15.479591836734693,2.8172213965776907,0.12243402861060221,8.275510204081632,3.6137323015330534,0.0657741358379242
CDMS-8-4A-LGOPA-CorrEtiq.txt,30.0,20.560606060606062,27.681818181818183,1.803030303030303,2.378787878787879,0.5454545454545454,0.5757575757575758,0.8636363636363636,19.87878787878788,15.969696969696969,2.722076979503802,0.125950745916268,7.666666666666667,3.3568455509745174,0.0818468138693651
CDMS-8-4C-JDBUTU-CorrEtiq.txt,30.0,17.210526315789473,25.157894736842106,3.473684210526316,3.210526315789474,4.947368421052632,1.368421052631579,2.3157894736842106,13.578947368421053,6.684210526315789,2.972636053498038,0.12658848538349923,6.7894736842105265,3.0784731264607426,0.21993192906587075
CDMS-9-4A-ACDUTR-CorrEtiq.txt,30.0,19.42105263157895,27.210526315789473,2.4210526315789473,2.4210526315789473,3.0526315789473686,1.736842105263158,0.0,18.526315789473685,10.421052631578947,2.812038093168939,0.12253770390889504,8.263157894736842,3.5275537269386055,0.006140350877192982
CDMS-9-4A-CARGA-CorrEtiq.txt,30.0,21.54368932038835,29.0,1.6019417475728155,2.2524271844660193,0.3106796116504854,0.6601941747572816,0.7378640776699029,21.54368932038835,18.398058252427184,2.7058375566971113,0.12089525720835453,7.679611650485437,3.3771939689827604,0.09669581933793493
CDMS-9-4A-CRAAG-CorrEtiq.txt,30.0,20.8,29.0,3.0,2.84,1.56,0.56,0.0,20.8,19.36,2.799585868492047,0.12006495973328656,7.36,3.3697947558192545,0.0
CDMS-9-4A-EROHI-CorrEtiq.txt,30.0,22.5625,29.0,2.375,2.75,1.0,0.375,0.3125,22.5625,20.3125,2.5731666431394693,0.10387492941840767,9.375,4.131732895727461,0.03782266570989397
CDMS-9-4A-ILOSE-CorrEtiq.txt,30.0,24.119205298013245,28.24503311258278,0.9867549668874173,1.1721854304635762,0.0,0.18543046357615894,0.5364238410596026,23.662251655629138,17.68211920529801,2.3650123645314856,0.09943571563770373,9.264900662251655,3.996809000103446,0.045600560144781
CDMS-9-4A-TGAFR-CorrEtiq.txt,30.0,22.15625,27.109375,0.3125,0.546875,1.28125,0.546875,1.203125,21.453125,14.140625,2.4533973567193677,0.10820788229219293,7.796875,3.452955815792703,0.11163369159559959
CDMS-9-4C-SCAMO-CorrEtiq.txt,30.0,23.98181818181818,28.654545454545456,1.1090909090909091,1.4484848484848485,0.17575757575757575,0.3393939393939394,0.3939393939393939,23.78787878787879,18.933333333333334,2.401006724793286,0.09921920410347011,9.8,4.187082188191682,0.03355837901586694
CDMS-9-5A-ABERO-CorrEtiq.txt,30.0,20.845303867403317,29.0,1.7458563535911602,3.044198895027624,2.3259668508287294,1.6408839779005524,0.9668508287292817,20.845303867403317,14.497237569060774,2.8426550771469556,0.11874186862017515,10.121546961325967,4.239055327666211,0.07982353651798096
CDMS-9-5A-PAGACO-CorrEtiq.txt,30.0,22.350877192982455,29.0,1.2105263157894737,1.912280701754386,1.8596491228070176,1.0,0.7368421052631579,22.350877192982455,18.526315789473685,2.6050266768573405,0.10656268858605362,9.807017543859649,4.325616397600018,0.049708343452704355
CDMS-9-5A-VVAAR-CorrEtiq.txt,30.0,24.625,29.0,0.175,0.25,0.45,0.075,0.625,24.625,18.425,2.368134664852056,0.09865806415806415,11.1,4.681119784402393,0.03222738603988604
CDMS-9-5C-JDMADE-CorrEtiq.txt,30.0,22.91866028708134,28.727272727272727,1.7033492822966507,1.6555023923444976,1.5263157894736843,0.4880382775119617,0.7942583732057417,22.80861244019139,16.564593301435405,2.5290976484924874,0.1034331708388795,9.880382775119617,4.199724685035867,0.05087416118130373
CDMS-9-5C-LVIZAC-CorrEtiq.txt,30.0,20.947976878612717,28.30635838150289,1.953757225433526,2.76878612716763,1.9421965317919074,0.976878612716763,1.046242774566474,20.90751445086705,14.54335260115607,2.725768266968586,0.11461335621422207,9.791907514450868,4.152350328614147,0.07289034528477556
CDMS-9-5C-MLOGO-CorrEtiq.txt,30.0,21.67676767676768,29.0,1.4242424242424243,2.0,1.1717171717171717,0.5757575757575758,1.5656565656565657,21.67676767676768,15.858585858585858,2.6874123845166076,0.11617706914843036,8.454545454545455,3.732839586222847,0.12203353576487168
CDMS-9-5C-SCAAG-CorrEtiq.txt,30.0,18.0,26.2,6.0,8.0,0.4,2.0,1.0,14.4,12.0,2.911111111111111,0.11633986928104574,6.4,2.9808295625942685,0.03333333333333333
CDMS-XX-10A-VGILO-CorrEtiq.txt,30.0,23.933962264150942,28.566037735849058,0.9433962264150944,1.0188679245283019,0.3867924528301887,0.16981132075471697,0.33962264150943394,23.21698113207547,20.056603773584907,2.3950510181642257,0.09960714292543661,8.50943396226415,3.8371381872837795,0.0335138469337608
CDMS-XX-5C-MJSARU-CorrEtiq.txt,30.0,22.099378881987576,29.0,1.8012422360248448,3.360248447204969,0.8571428571428571,1.5590062111801242,0.37888198757763975,22.099378881987576,16.099378881987576,2.644028809256292,0.10790704660573372,9.863354037267081,4.169702120167862,0.03869514481552882
CDMS-XX-5C-MPCAQU-CorrEtiq.txt,30.0,22.386503067484664,29.0,1.2331288343558282,2.0920245398773005,0.5337423312883436,0.8588957055214724,0.6687116564417178,22.386503067484664,18.012269938650306,2.610039621247382,0.1120258004892504,8.877300613496933,3.8700084990328,0.05117357034176356
CDMS-XX-6A-MAGICA-CorrEtiq.txt,30.0,23.130434782608695,29.0,0.2608695652173913,0.2608695652173913,0.0,0.0,1.173913043478261,23.130434782608695,20.217391304347824,2.512206073699457,0.11285877953174739,7.217391304347826,3.406816749727903,0.09706631123549839
CDMS-XX-6B-SPUCA-CorrEtiq.txt,30.0,23.05389221556886,28.97005988023952,1.5508982035928143,2.3832335329341316,0.041916167664670656,0.8323353293413174,0.16766467065868262,23.035928143712574,19.34131736526946,2.5416302030640403,0.1065905477411527,8.880239520958083,3.907010008768323,0.012057105967254287
CSO-10-4A-ICAPA-CorrEtiq.txt,30.0,18.0625,28.5625,2.8125,3.875,0.375,1.0625,2.4375,17.8125,17.0625,3.183330799425033,0.16002943940734188,4.9375,2.592357348641211,0.26109192927902153
CSO-10-4A-KCOMO-CorrEtiq.txt,30.0,24.402298850574713,27.689655172413794,0.6436781609195402,0.6551724137931034,0.21839080459770116,0.011494252873563218,0.4827586206896552,23.620689655172413,18.0,2.2773639494678974,0.09469127222750412,9.724137931034482,4.177246961285468,0.04327834633823306
CSO-10-4A-LRAVI-CorrEtiq.txt,30.0,24.791666666666668,29.0,0.4583333333333333,1.4583333333333333,0.0,1.0,0.0,24.791666666666668,18.541666666666668,2.348179476857013,0.0942798479030363,9.875,4.173134367645237,0.0
CSO-10-4A-LSCAVA-CorrEtiq.txt,30.0,24.47093023255814,29.0,0.7674418604651163,1.319767441860465,0.1686046511627907,0.5523255813953488,0.8895348837209303,24.47093023255814,16.96511627906977,2.381323696712979,0.09716687218811311,11.44186046511628,4.669646456787659,0.057076663953963054
CSO-10-5A-ACAVA-CorrEtiq.txt,30.0,22.541666666666668,26.625,0.625,0.8611111111111112,1.2083333333333333,0.5833333333333334,0.7777777777777778,20.27777777777778,15.36111111111111,2.370818132708229,0.10234717104377669,8.597222222222221,3.7741691908590393,0.04857495225680181
CSO-10-5A-ARACA-CorrEtiq.txt,30.0,21.07246376811594,29.0,2.398550724637681,3.130434782608696,0.782608695652174,0.8260869565217391,1.0217391304347827,21.07246376811594,16.42753623188406,2.793600845712859,0.12148748812694066,8.043478260869565,3.5199331044773845,0.06743362356514901
CSO-10-5A-DABRZA-CorrEtiq.txt,30.0,20.91616766467066,28.652694610778443,2.688622754491018,3.3892215568862274,1.7005988023952097,1.2095808383233533,0.8682634730538922,20.808383233532933,15.7125748502994,2.7696015226104223,0.11529309864570693,8.766467065868264,3.876441974897107,0.06929890747286387
CSO-10-5A-GZAMA-CorrEtiq.txt,30.0,21.397058823529413,28.705882352941178,2.8823529411764706,2.8823529411764706,0.16176470588235295,0.0,0.7205882352941176,21.220588235294116,18.470588235294116,2.6919981670637885,0.11785637075716494,8.161764705882353,3.564657083234914,0.046360627254854514
CSO-10-5A-IPECA-CorrEtiq.txt,30.0,24.62608695652174,29.0,0.4,0.6434782608695652,0.4608695652173913,0.24347826086956523,0.5043478260869565,24.62608695652174,19.965217391304346,2.361224271212929,0.09648838775870912,9.617391304347827,4.1599889532857395,0.04167316838917343
CSO-10-5A-JANORO-CorrEtiq.txt,30.0,24.1,28.8,1.5333333333333334,1.9466666666666668,0.0,0.41333333333333333,0.5333333333333333,23.953333333333333,18.013333333333332,2.4044409790960515,0.09772947130277412,10.773333333333333,4.475238027789022,0.030559442949249713
CSO-10-5A-JBUVE-CorrEtiq.txt,30.0,24.44,29.0,0.46,1.56,1.26,1.1,0.15,24.44,17.8,2.3845411684933424,0.09217970283805524,11.54,4.821777005814763,0.018105853446070838
CSO-10-5A-JJSEMO-CorrEtiq.txt,30.0,20.90625,25.59375,1.90625,3.3125,1.34375,1.40625,0.0,18.8125,12.25,2.4653984991299067,0.1011961318835141,7.5625,3.5140597276936916,0.01933965038584604
CSO-10-5A-JLCARI-CorrEtiq.txt,30.0,22.815217391304348,28.869565217391305,1.076086956521739,2.8043478260869565,0.5108695652173914,1.7282608695652173,0.45652173913043476,22.77173913043478,17.08695652173913,2.550479863883008,0.10455154629913359,10.445652173913043,4.32771224616041,0.04665504865826973
CSO-10-5A-MAARAN-CorrEtiq.txt,30.0,22.407894736842106,29.0,1.118421052631579,1.486842105263158,0.07894736842105263,0.3684210526315789,0.7894736842105263,22.407894736842106,19.93421052631579,2.592377559511427,0.11483081533665658,7.2368421052631575,3.3017373564449923,0.05525492976355186
CSO-10-5A-MAOSMO-CorrEtiq.txt,30.0,23.90082644628099,29.0,1.165289256198347,1.8677685950413223,0.0,0.7024793388429752,0.15702479338842976,23.90082644628099,18.975206611570247,2.440778296243621,0.10030480678342697,9.462809917355372,4.075719606513713,0.01113551416222395
CSO-10-5A-RVMOIB-CorrEtiq.txt,30.0,24.016393442622952,28.37704918032787,1.0218579234972678,1.5792349726775956,0.2185792349726776,0.5573770491803278,0.4972677595628415,23.311475409836067,16.51912568306011,2.374076365105113,0.09725266349592669,10.26775956284153,4.319698599818216,0.0322034861808759
CSO-10-5A-SVHEES-CorrEtiq.txt,30.0,22.70414201183432,28.662721893491124,0.7100591715976331,1.4911242603550297,1.544378698224852,0.9822485207100592,0.41420118343195267,22.597633136094675,15.420118343195266,2.538991367633806,0.10558496088318844,10.005917159763314,4.2254550284995895,0.04392871780091276
CSO-11-5A-MDVOSPE-CorrEtiq.txt,30.0,22.83076923076923,29.0,1.6,2.253846153846154,0.15384615384615385,0.6538461538461539,0.9076923076923077,22.83076923076923,18.338461538461537,2.5620530278916127,0.10861709112404412,9.26923076923077,4.068147109353059,0.05395573633073151
CSO-11-5A-MTAGA-CorrEtiq.txt,30.0,23.613636363636363,26.40909090909091,0.07954545454545454,0.07954545454545454,0.8409090909090909,0.0,0.5340909090909091,22.329545454545453,15.5,2.2443820931666782,0.09639361715032611,8.579545454545455,3.786178930439384,0.03544629373334907
CSO-11-6A-CAPAMU-CorrEtiq.txt,30.0,22.45876288659794,28.412371134020617,1.0309278350515463,1.7474226804123711,0.29896907216494845,0.7164948453608248,1.0721649484536082,22.04639175257732,17.7319587628866,2.537644722754657,0.11028313519136611,8.664948453608247,3.7591015597745496,0.0881719388378798
CSO-11-6A-DSCACH-CorrEtiq.txt,30.0,24.549295774647888,29.0,0.7253521126760564,0.9929577464788732,0.18309859154929578,0.2676056338028169,0.16901408450704225,24.549295774647888,18.338028169014084,2.3739102481968373,0.09736019675185563,10.633802816901408,4.437389176735391,0.009609936040840306
CSO-11-6A-EROMO-CorrEtiq.txt,30.0,24.25974025974026,28.266233766233768,1.1363636363636365,1.6753246753246753,0.18831168831168832,0.538961038961039,0.06493506493506493,22.48051948051948,17.9025974025974,2.3654053895628886,0.09663553952734039,9.233766233766234,4.030637563434553,0.0035957909334532715
CSO-11-6A-FSOVRE-CorrEtiq.txt,30.0,22.992424242424242,27.272727272727273,1.4242424242424243,2.378787878787879,0.4393939393939394,0.9545454545454546,0.4696969696969697,21.545454545454547,12.090909090909092,2.4051402403517375,0.0991247405983779,10.325757575757576,4.260756380093789,0.038012509630471286
CSO-11-6B-ANREVA-CorrEtiq.txt,30.0,23.227272727272727,29.0,0.5227272727272727,1.0227272727272727,0.6590909090909091,0.5,0.045454545454545456,23.227272727272727,19.897727272727273,2.5072171636005627,0.10697174107357173,7.965909090909091,3.544600076263796,0.014007215244863468
CSO-11-6B-DISEMO-CorrEtiq.txt,30.0,23.0,23.923076923076923,0.7692307692307693,0.7692307692307693,0.0,0.0,0.0,22.076923076923077,2.8461538461538463,2.080090199655417,0.09153165674904805,12.307692307692308,5.015896371617196,0.0
CSO-11-6B-LHFDLACH-CorrEtiq.txt,30.0,23.42361111111111,29.0,1.6111111111111112,2.5555555555555554,0.4027777777777778,0.9444444444444444,0.4722222222222222,23.42361111111111,15.0,2.49008799618703,0.10038736291135858,11.63888888888889,4.784650748149826,0.03092717447528955
CSO-11-6B-RJGIHE-CorrEtiq.txt,30.0,22.551020408163264,29.0,0.42857142857142855,0.2653061224489796,2.4081632653061225,0.04081632653061224,0.8367346938775511,22.551020408163264,17.897959183673468,2.574651317330998,0.10859040397638445,8.510204081632653,3.7100285399309354,0.07886470228972448
CSO-11-6B-SFLVA-CorrEtiq.txt,30.0,24.266666666666666,29.0,1.2222222222222223,1.9333333333333333,0.0,0.7111111111111111,0.26666666666666666,24.266666666666666,18.42222222222222,2.4005666224989897,0.09672518821311092,11.244444444444444,4.611510520254481,0.029738425253401098
CSO-11-6B-VCOMA-CorrEtiq.txt,30.0,23.773255813953487,29.0,1.3604651162790697,1.7093023255813953,0.3372093023255814,0.3488372093023256,0.6686046511627907,23.773255813953487,18.337209302325583,2.453872946324918,0.10102685596618864,10.290697674418604,4.381600503193021,0.06322749085072138
CSO-12-6A-DGISE-CorrEtiq.txt,30.0,22.1,26.05,1.05,2.05,1.15,1.0,0.0,21.35,15.4,2.3634128552606812,0.0984098338732206,9.05,4.009301208244201,0.0
CSO-12-6A-FJOVRE-CorrEtiq.txt,30.0,21.0,28.20863309352518,1.5971223021582734,2.539568345323741,1.935251798561151,1.1223021582733812,0.920863309352518,20.546762589928058,14.546762589928058,2.6958193524476544,0.11427089198538536,9.510791366906474,3.9590081855893406,0.0718503718059928
CSO-12-6B-GQULO-CorrEtiq.txt,30.0,23.70469798657718,29.0,0.6375838926174496,1.395973154362416,0.7046979865771812,0.7583892617449665,0.7785234899328859,23.70469798657718,15.013422818791947,2.483808526427417,0.10371212549408644,10.89261744966443,4.491104360543824,0.07897721444121461
CSO-12-6B-LJHEFE-CorrEtiq.txt,30.0,23.402010050251256,28.819095477386934,1.2010050251256281,1.914572864321608,0.8391959798994975,0.7135678391959799,0.7738693467336684,23.306532663316585,14.100502512562814,2.493555094004927,0.10207050749771758,11.5678391959799,4.795242768612633,0.05902103308859811
CSO-12-7A-DALRE-CorrEtiq.txt,30.0,15.823529411764707,29.0,5.676470588235294,5.9411764705882355,0.0,0.2647058823529412,1.7058823529411764,15.823529411764707,14.205882352941176,3.721811968813881,0.20309110823816706,4.882352941176471,2.4314657807236575,0.12444646473471241
CSO-12-7A-ESALA-CorrEtiq.txt,30.0,25.05952380952381,29.0,0.8095238095238095,0.8571428571428571,0.34523809523809523,0.047619047619047616,0.05952380952380952,25.05952380952381,19.547619047619047,2.3270134338095,0.09313394967121676,10.464285714285714,4.486846607881804,0.014778646416845172
CSO-12-7A-IMERO-CorrEtiq.txt,30.0,22.385185185185186,29.0,1.237037037037037,1.8666666666666667,0.8592592592592593,0.6370370370370371,0.674074074074074,22.385185185185186,17.814814814814813,2.611518155834115,0.1117500054470386,9.0,3.9418856311795394,0.06248311028656216
CSO-12-7A-JHEZA-CorrEtiq.txt,30.0,22.047120418848166,29.0,2.0157068062827226,2.8010471204188483,0.3036649214659686,0.7853403141361257,0.612565445026178,22.047120418848166,17.842931937172775,2.6657065657314645,0.11404677907273156,8.62303664921466,3.8457096584600974,0.048947417109809925
CSO-12-7A-LSARAR-CorrEtiq.txt,30.0,25.36,28.16,0.84,0.78,1.12,0.0,0.0,22.04,14.22,2.2300562224382317,0.08563783487321718,10.82,4.608922918840929,0.0
CSO-12-7A-SCAHO-CorrEtiq.txt,30.0,23.36904761904762,28.464285714285715,1.3988095238095237,1.7380952380952381,0.2619047619047619,0.3392857142857143,0.8690476190476191,22.636904761904763,17.297619047619047,2.4498742340590165,0.10237001161676981,9.416666666666666,3.9539805054539863,0.07485279614198265
CSO-12-7B-DVAGRO-CorrEtiq.txt,30.0,22.301724137931036,29.0,1.0948275862068966,1.853448275862069,1.3189655172413792,0.7586206896551724,0.853448275862069,22.301724137931036,18.146551724137932,2.632190540809803,0.11160566547986421,9.318965517241379,3.982846692279635,0.08559747888496454
CSO-12-7B-SMUGU-CorrEtiq.txt,30.0,22.80246913580247,28.679012345679013,1.7530864197530864,1.7160493827160495,0.6790123456790124,0.19753086419753085,0.1728395061728395,22.45679012345679,17.530864197530864,2.5281551142776673,0.1062253728793266,8.62962962962963,3.777943460517258,0.02243071708315938
CSO-12-7B-SSARA-CorrEtiq.txt,30.0,23.761658031088082,29.0,1.1243523316062176,1.8186528497409327,0.12953367875647667,0.694300518134715,0.6269430051813472,23.761658031088082,17.854922279792746,2.451955448121251,0.10103943339581997,10.181347150259068,4.330133806937141,0.044516602029107524
CSO-12-7B-VHOMA-CorrEtiq.txt,30.0,23.733333333333334,29.0,0.6666666666666666,1.619047619047619,0.23809523809523808,1.0666666666666667,1.0952380952380953,23.733333333333334,18.39047619047619,2.4510538984824697,0.10127359596924813,9.81904761904762,4.168839711013624,0.09110022822817854
CSO-12-8A-YTOME-CorrEtiq.txt,30.0,23.25,29.0,0.7403846153846154,2.3653846153846154,0.5576923076923077,1.625,1.0480769230769231,23.25,18.76923076923077,2.5047281787331954,0.10167156363556645,8.875,4.0349785021790385,0.09553722953931984
CSO-13-6A-ANASA-CorrEtiq.txt,30.0,24.833333333333332,28.344827586206897,0.40804597701149425,0.6264367816091954,0.16091954022988506,0.21839080459770116,0.7183908045977011,24.53448275862069,15.96551724137931,2.292902423062343,0.09421920873129479,10.764367816091953,4.40251090002452,0.055042832347346755
CSO-13-6B-JETAVE-CorrEtiq.txt,30.0,22.194805194805195,28.136363636363637,2.155844155844156,2.9220779220779223,0.18831168831168832,0.7662337662337663,0.5,21.9025974025974,17.25974025974026,2.5612735801200452,0.10793783959952259,9.181818181818182,3.890597678468964,0.04308413859569715
CSO-13-6B-LFMIES-CorrEtiq.txt,30.0,25.195652173913043,26.043478260869566,0.13043478260869565,0.9565217391304348,0.0,0.8260869565217391,0.021739130434782608,23.32608695652174,13.130434782608695,2.0800582313436755,0.08339503981280919,10.08695652173913,4.356434641886338,0.001240079365079365
CSO-13-6B-LJMAHU-CorrEtiq.txt,30.0,23.097560975609756,27.51219512195122,0.8780487804878049,1.6585365853658536,1.4146341463414633,1.4634146341463414,0.0,21.902439024390244,14.121951219512194,2.388284698687668,0.09625260211686511,10.682926829268293,4.126492567120233,0.0
CSO-13-7A-CAPAMU-CorrEtiq.txt,30.0,22.861538461538462,28.56153846153846,0.7230769230769231,1.5538461538461539,0.2692307692307692,0.8307692307692308,0.8923076923076924,22.8,18.361538461538462,2.51283184831363,0.10880486076930364,8.684615384615384,3.782443373227918,0.05446926788240691
CSO-13-7A-CDDITR-CorrEtiq.txt,30.0,22.625,29.0,0.46875,1.34375,0.0,0.875,1.140625,22.625,19.140625,2.574218811080224,0.1140836938852528,6.953125,3.3013512798223896,0.10166212530801526
CSO-13-7A-JJATFL-CorrEtiq.txt,30.0,23.28125,26.96875,1.46875,1.53125,0.0,0.0625,0.28125,22.96875,14.75,2.319683029832486,0.09834768492377188,9.46875,4.08485934141183,0.0226044411506368
CSO-13-7A-KRAMA-CorrEtiq.txt,30.0,22.125,25.0,1.75,1.75,1.0,0.0,0.0,21.125,9.625,2.2615518539431583,0.09534632034632035,11.25,4.445605491000228,0.0
CSO-13-7A-RXCHLU-CorrEtiq.txt,30.0,20.504761904761907,29.0,2.857142857142857,4.038095238095238,0.0,1.180952380952381,0.10476190476190476,20.504761904761907,17.066666666666666,2.8586882695633538,0.1276373260585325,7.561904761904762,3.392272929709597,0.04402353465328839
CSO-13-7A-YAMEZA-CorrEtiq.txt,30.0,23.571428571428573,29.0,1.0408163265306123,1.5189504373177842,0.16909620991253643,0.478134110787172,0.6501457725947521,23.571428571428573,18.014577259475217,2.4761711970288203,0.10433705559285443,9.85131195335277,4.22759927423729,0.052803644604703374
CSO-13-8A-KIGAGU-CorrEtiq.txt,30.0,23.75824175824176,29.0,0.9010989010989011,1.1538461538461537,1.6263736263736264,0.5604395604395604,0.9010989010989011,23.75824175824176,16.307692307692307,2.451334372657832,0.09801421167076108,11.68131868131868,4.845576693335136,0.049212654150542344
CSO-13-8A-MBUAN-CorrEtiq.txt,30.0,25.363636363636363,22.272727272727273,0.0,0.0,0.0,0.0,0.2727272727272727,22.363636363636363,1.9090909090909092,1.7594172494172495,0.07242728286206547,12.0,4.816851507136509,0.016666666666666666
CSO-13-8A-MGAAN-CorrEtiq.txt,30.0,24.59016393442623,28.5,0.9344262295081968,1.1639344262295082,0.36065573770491804,0.22950819672131148,0.22950819672131148,24.483606557377048,17.15983606557377,2.330552876776794,0.09403274173077796,10.868852459016393,4.541840217311828,0.01614230713465932
CSO-13-8A-MGAHE-CorrEtiq.txt,30.0,22.24468085106383,29.0,1.196808510638298,2.25,0.15425531914893617,1.053191489361702,0.3776595744680851,22.24468085106383,19.409574468085108,2.644527603923366,0.11547047031429326,7.468085106382978,3.3690287165562394,0.03581448241011172
CSO-13-8A-MJAGA-CorrEtiq.txt,30.0,22.266233766233768,29.0,1.0909090909090908,1.7467532467532467,1.2337662337662338,0.974025974025974,1.3766233766233766,22.266233766233768,16.649350649350648,2.6195262476713546,0.11115255504767997,9.0,3.8321888742996,0.10087389242871721
CSO-13-8A-VHODU-CorrEtiq.txt,30.0,22.087591240875913,28.576642335766422,2.437956204379562,2.854014598540146,0.0,0.41605839416058393,0.708029197080292,22.087591240875913,18.423357664233578,2.6078708621493703,0.11272076783478638,8.700729927007298,3.7934704663643437,0.0451680659292636
CSO-13-8B-FCJISA-CorrEtiq.txt,30.0,24.76388888888889,28.680555555555557,0.7083333333333334,1.0972222222222223,0.0,0.3888888888888889,0.20833333333333334,24.72222222222222,20.180555555555557,2.318794885558171,0.09398078080445231,10.0,4.211163272449505,0.020481917606011812
CSO-13-8B-JEMABE-CorrEtiq.txt,30.0,19.926829268292682,27.341463414634145,1.3414634146341464,2.8536585365853657,0.17073170731707318,1.5121951219512195,1.3414634146341464,16.78048780487805,13.292682926829269,2.789550131109659,0.1347993587289819,6.317073170731708,2.876121112017435,0.16480440932858575
CSO-13-9B-DMLLLU-CorrEtiq.txt,30.0,21.641025641025642,25.128205128205128,0.1794871794871795,0.7948717948717948,1.6923076923076923,0.6153846153846154,0.6410256410256411,20.307692307692307,14.35897435897436,2.336683157506956,0.10263514846231228,8.76923076923077,3.814608551437196,0.042230691589959325
CSO-14-7B-EVEGO-CorrEtiq.txt,30.0,24.38216560509554,29.0,0.9872611464968153,1.375796178343949,0.18471337579617833,0.3885350318471338,0.5923566878980892,24.38216560509554,17.573248407643312,2.3986399702919403,0.09844996704339577,11.426751592356688,4.694032346603081,0.04920517285783436
CSO-14-8A-AQUMA-CorrEtiq.txt,30.0,22.75728155339806,28.446601941747574,1.1553398058252426,1.4854368932038835,0.4174757281553398,0.3300970873786408,0.883495145631068,22.41747572815534,15.62135922330097,2.5249644759571224,0.10962665612568186,9.485436893203884,4.032471450297903,0.06508484786354853
CSO-14-8A-SZARA-CorrEtiq.txt,30.0,21.956521739130434,27.753623188405797,0.6666666666666666,1.9855072463768115,0.0,1.318840579710145,1.0289855072463767,21.608695652173914,17.608695652173914,2.5408909943901485,0.11396295472805272,7.797101449275362,3.5419784985846308,0.0710944607944409
CSO-14-8B-JLLORA-CorrEtiq.txt,30.0,22.493150684931507,29.0,1.0684931506849316,1.0684931506849316,1.0273972602739727,0.0,0.6712328767123288,22.493150684931507,17.45205479452055,2.59897479541033,0.11402991277101807,9.561643835616438,3.9785402332639097,0.05339754449692786
CSO-14-9A-AEDCAGO-CorrEtiq.txt,30.0,24.086666666666666,28.613333333333333,0.6733333333333333,1.04,0.19333333333333333,0.36666666666666664,0.13333333333333333,23.953333333333333,16.666666666666668,2.393559093978316,0.1000624547472755,9.873333333333333,4.229538376175905,0.012203443784189125
CSO-14-9A-HASACA-CorrEtiq.txt,30.0,22.849557522123895,28.743362831858406,1.584070796460177,1.6725663716814159,0.3185840707964602,0.08849557522123894,0.26548672566371684,22.849557522123895,18.194690265486727,2.5653370725384015,0.11132178981287415,9.300884955752212,4.047523844675061,0.03375848207497556
CSO-14-9A-JSMAAL-CorrEtiq.txt,30.0,24.074074074074073,29.0,0.3333333333333333,0.6790123456790124,0.35802469135802467,0.345679012345679,0.6049382716049383,24.074074074074073,17.444444444444443,2.4279015868924616,0.10297623165267317,10.148148148148149,4.239171671693354,0.056169294612665524
CSO-14-9A-MARJA-CorrEtiq.txt,30.0,24.927083333333332,29.0,1.0,1.0,0.4270833333333333,0.0,0.75,24.927083333333332,18.260416666666668,2.341260808602294,0.09384889712478385,11.510416666666666,4.6593192329127975,0.05359142742936523
CSO-14-9A-SORZU-CorrEtiq.txt,30.0,20.881720430107528,27.827956989247312,1.8709677419354838,2.236559139784946,0.7526881720430108,0.3655913978494624,0.9247311827956989,19.193548387096776,15.666666666666666,2.718999285954505,0.12428825421111536,6.838709677419355,3.077457436921026,0.1079017206295113
CSO-14-9B-ERAGA-CorrEtiq.txt,30.0,22.348314606741575,29.0,1.2359550561797752,1.3258426966292134,0.9775280898876404,0.2247191011235955,0.9101123595505618,22.348314606741575,18.764044943820224,2.6079908190781613,0.1129303161977422,8.314606741573034,3.654277129293456,0.0676790915498395
CSO-14-9B-MFEGA-CorrEtiq.txt,30.0,23.43220338983051,29.0,0.8813559322033898,1.7033898305084745,0.6864406779661016,0.8220338983050848,0.2288135593220339,23.43220338983051,18.66949152542373,2.4875096410726476,0.10221596757570074,9.313559322033898,4.0174166149174875,0.028905355344612107
CSO-15-10A-LJRAGU-CorrEtiq.txt,30.0,24.064327485380115,27.461988304093566,0.18128654970760233,1.1812865497076024,0.30994152046783624,1.0,0.5029239766081871,22.95906432748538,14.538011695906432,2.2977929604762863,0.09507777063417064,10.269005847953217,4.275424774830892,0.03521878936274479
CSO-15-10A-MAARLO-CorrEtiq.txt,30.0,22.803030303030305,27.893939393939394,0.803030303030303,1.3484848484848484,1.5,0.8484848484848485,1.1818181818181819,22.12121212121212,14.833333333333334,2.4741095799469006,0.10359665286750787,9.924242424242424,4.245200811068846,0.1089375935508023
CSO-15-10A-SFEGA-CorrEtiq.txt,30.0,25.428571428571427,27.892857142857142,0.35714285714285715,0.35714285714285715,1.0,0.0,0.0,24.785714285714285,17.428571428571427,2.19495522995523,0.08558616906442994,12.821428571428571,5.3302493480754345,0.0
CSO-15-10B-MEBUAR-CorrEtiq.txt,30.0,22.24,29.0,2.69,3.19,0.29,0.5,0.86,22.24,16.51,2.638644703317701,0.11040075613751749,9.7,4.114418446388119,0.06324168981285685
CSO-15-10B-YVBUAN-CorrEtiq.txt,30.0,23.25,29.0,0.5576923076923077,1.0192307692307692,1.0384615384615385,0.46153846153846156,0.23076923076923078,23.25,17.384615384615383,2.501430745954157,0.10482712382377933,9.365384615384615,4.03170611996699,0.031829571394788786
CSO-15-10C-ALBAHO-CorrEtiq.txt,30.0,27.0,29.0,0.0,0.0,0.0,0.0,0.0,27.0,26.0,2.1481481481481484,0.08262108262108261,10.0,5.119658119658119,0.0
CSO-15-10C-SSCAMO-CorrEtiq.txt,30.0,22.911894273127754,29.0,1.6784140969162995,1.6784140969162995,0.7929515418502202,0.0,1.171806167400881,22.911894273127754,16.405286343612335,2.5912923668517682,0.11079865755588589,10.550660792951541,4.399941890529073,0.08216973025138134
CSO-15-11C-JETALO-CorrEtiq.txt,30.0,22.411458333333332,29.0,1.546875,2.1614583333333335,0.4583333333333333,0.6510416666666666,1.4114583333333333,22.411458333333332,15.494791666666666,2.6044356641986073,0.11113228248378504,9.859375,4.097732214957784,0.09542174897290778
CSO-15-7B-JCRAGA-CorrEtiq.txt,30.0,24.916666666666668,29.0,0.0,0.0,0.625,0.0,0.5,24.916666666666668,18.958333333333332,2.3405321282314038,0.09649486048036772,8.625,3.7084238560687837,0.025808744144341967
CSO-15-8A-VBMABR-CorrEtiq.txt,30.0,22.078651685393258,29.0,1.5280898876404494,1.853932584269663,0.47191011235955055,0.3258426966292135,0.3258426966292135,22.078651685393258,19.123595505617978,2.6379182875421274,0.11574391566318135,7.595505617977528,3.409739272717444,0.03297987250147206
CSO-15-8B-KEPOGO-CorrEtiq.txt,30.0,23.710843373493976,29.0,0.6807228915662651,1.2228915662650603,0.1746987951807229,0.5421686746987951,0.6506024096385542,23.710843373493976,19.96385542168675,2.4632788388003295,0.1041354525256265,9.13855421686747,3.9941408532599842,0.05396945758621064
CSO-15-9B-ALRIHE-CorrEtiq.txt,30.0,24.286666666666665,29.0,0.8333333333333334,1.02,0.38666666666666666,0.18666666666666668,0.36,24.286666666666665,19.44,2.4089207237207235,0.09976326561254098,9.773333333333333,4.170350110957144,0.02265283674125634
CSO-15-9B-AMSAGO-CorrEtiq.txt,30.0,24.073170731707318,29.0,1.6829268292682926,2.048780487804878,0.0,0.36585365853658536,0.0,24.073170731707318,17.170731707317074,2.4160159933542755,0.09766125983517288,11.75609756097561,4.804248709540333,0.007825241507638114
CSO-15-9B-JCAPA-CorrEtiq.txt,30.0,22.572580645161292,28.306451612903224,1.4112903225806452,2.088709677419355,0.46774193548387094,0.6774193548387096,1.1370967741935485,21.68548387096774,17.677419354838708,2.5224426219065252,0.10679592407133559,9.024193548387096,3.8630610834019556,0.09459358842574948
CSO-15-9B-KSBEJA-CorrEtiq.txt,30.0,22.555555555555557,27.02020202020202,1.2727272727272727,1.3232323232323233,0.3434343434343434,0.050505050505050504,1.0303030303030303,21.68686868686869,14.88888888888889,2.4082816969607066,0.1057281717222082,9.737373737373737,4.00986060492593,0.08296614381689223
CSO-15-9B-RMCHLU-CorrEtiq.txt,30.0,23.427083333333332,29.0,0.9583333333333334,1.4166666666666667,0.0,0.4583333333333333,0.22916666666666666,23.427083333333332,20.458333333333332,2.488996672778376,0.10651239913468175,8.302083333333334,3.7194672296302733,0.02391095903392099
CSO-15-9B-SJAGRO-CorrEtiq.txt,30.0,24.788732394366196,29.0,1.3098591549295775,1.5070422535211268,0.13380281690140844,0.19718309859154928,0.07042253521126761,24.788732394366196,17.035211267605632,2.3585984793823127,0.09435800476410268,11.753521126760564,4.707150823200865,0.00353949564757893
CSO-16-10A-JEGAHE-CorrEtiq.txt,30.0,16.5,27.0,4.0,4.0,2.0,0.0,2.0,16.0,10.0,3.2757352941176467,0.16470588235294117,7.5,3.1625,0.22238270308123248
CSO-16-10A-MSACO-CorrEtiq.txt,30.0,22.642857142857142,29.0,2.7142857142857144,2.7142857142857144,0.0,0.0,1.0,22.642857142857142,15.0,2.568848242854454,0.10809994353472616,11.285714285714286,4.626997122959856,0.07572224014770598
CSO-16-10A-YKMUJO-CorrEtiq.txt,30.0,22.05,29.0,0.45,2.0,0.0,1.55,0.0,22.05,19.3,2.634535102578581,0.11656671322575211,7.2,3.3168270478567963,0.0
CSO-16-10B-JESUGU-CorrEtiq.txt,30.0,23.575757575757574,28.727272727272727,0.5,0.5,0.6060606060606061,0.0,0.5606060606060606,23.439393939393938,19.28787878787879,2.4412743668277264,0.10443020089265148,9.090909090909092,3.928931582636596,0.042258053906275246
CSO-16-10B-LTVIFA-CorrEtiq.txt,30.0,24.75,29.0,0.20833333333333334,0.75,0.0,0.5416666666666666,1.4166666666666667,24.75,19.979166666666668,2.349184414284052,0.09668304555079917,10.958333333333334,4.552200702209761,0.10199254885781155
CSO-16-10B-VVILI-CorrEtiq.txt,30.0,25.016806722689076,29.0,0.2773109243697479,0.7815126050420168,0.42016806722689076,0.5042016806722689,0.0,25.016806722689076,19.277310924369747,2.3318363779416025,0.09382136192877881,10.647058823529411,4.466847784889437,0.0
CSO-16-10C-ACALGU-CorrEtiq.txt,30.0,22.91715976331361,28.325443786982248,1.1124260355029585,1.5029585798816567,0.17159763313609466,0.3905325443786982,1.0532544378698225,22.449704142011836,17.60355029585799,2.4913438034886046,0.10808226245134697,8.698224852071005,3.7479119459850097,0.08227774752019487
CSO-16-10C-MAVAVE-CorrEtiq.txt,30.0,23.81896551724138,29.0,0.7155172413793104,1.1551724137931034,0.0,0.4396551724137931,0.3448275862068966,23.81896551724138,19.362068965517242,2.4457425319419324,0.10353725203168902,9.491379310344827,4.002142093062248,0.03734153398578944
CSO-16-11A-JAVABO-CorrEtiq.txt,30.0,23.323076923076922,29.0,0.4153846153846154,1.1846153846153846,0.2153846153846154,0.7692307692307693,0.9692307692307692,23.323076923076922,18.49230769230769,2.4964021084823758,0.10715578735645626,8.830769230769231,3.8082916570608876,0.07200627200125528
CSO-16-11A-JDMUVA-CorrEtiq.txt,30.0,25.164383561643834,29.0,0.2671232876712329,0.821917808219178,0.3287671232876712,0.5547945205479452,0.04794520547945205,25.164383561643834,20.5,2.308467248345152,0.09198440475986634,10.136986301369863,4.35956193862388,0.005212813640598036
CSO-16-11A-VZAOR-CorrEtiq.txt,30.0,24.459016393442624,29.0,1.598360655737705,2.057377049180328,0.23770491803278687,0.45901639344262296,0.6885245901639344,24.459016393442624,17.39344262295082,2.3876645633345563,0.0942268869681932,12.204918032786885,4.94388020005801,0.04967949573306117
CSO-16-11B-KRORE-CorrEtiq.txt,30.0,23.482758620689655,29.0,1.1896551724137931,1.3706896551724137,0.1724137931034483,0.1810344827586207,0.853448275862069,23.482758620689655,19.06896551724138,2.514627482093923,0.1078950661868897,8.629310344827585,3.8645956927185914,0.05864018086323932
CSO-16-11B-LLOZA-CorrEtiq.txt,30.0,24.616883116883116,28.38961038961039,0.5454545454545454,1.2077922077922079,0.0,0.6623376623376623,0.7467532467532467,24.435064935064936,16.545454545454547,2.3331168193297827,0.09605676202187242,11.396103896103897,4.684919118457574,0.053639974623131026
CSO-16-11B-YAROMO-CorrEtiq.txt,30.0,23.62447257383966,28.518987341772153,1.5738396624472575,1.8270042194092826,0.20675105485232068,0.25316455696202533,0.4472573839662447,23.485232067510548,17.632911392405063,2.442978025621217,0.10159429892990297,10.025316455696203,4.274143656974753,0.03041142042816147
CSO-16-9A-JALEMO-CorrEtiq.txt,30.0,24.781725888324875,29.0,1.0203045685279188,1.482233502538071,0.4213197969543147,0.4619289340101523,0.40609137055837563,24.781725888324875,18.553299492385786,2.354333904812828,0.09319126213084791,11.02030456852792,4.6130828185903985,0.02593436769001398
CSO-16-9A-JPROSO-CorrEtiq.txt,30.0,23.986725663716815,29.0,0.9203539823008849,1.3539823008849559,0.5752212389380531,0.504424778761062,0.5973451327433629,23.986725663716815,17.61061946902655,2.4326534265772026,0.09955502610309115,10.769911504424778,4.45845161013576,0.05351729047621868
CSO-16-9A-JSMAGU-CorrEtiq.txt,30.0,22.532258064516128,29.0,2.0080645161290325,2.3629032258064515,0.3387096774193548,0.4596774193548387,0.47580645161290325,22.532258064516128,19.161290322580644,2.6174083284394065,0.1111974125834314,8.903225806451612,3.8649388262575957,0.029122399272875393
CSO-16-9B-SJPAJI-CorrEtiq.txt,30.0,20.541666666666668,28.791666666666668,0.2916666666666667,0.9583333333333334,0.875,0.6666666666666666,1.2916666666666667,20.416666666666668,17.916666666666668,2.8078928381559956,0.13499943039416723,6.708333333333333,3.0044059011164275,0.07259945950735425
CSO-17-10A-YVGOCA-CorrEtiq.txt,30.0,25.844827586206897,28.379310344827587,0.41379310344827586,0.41379310344827586,0.5,0.0,0.017241379310344827,24.862068965517242,17.517241379310345,2.204797087372696,0.0864264630787404,11.689655172413794,4.796876877911361,0.0010494752623688155
CSO-17-10B-EHECO-CorrEtiq.txt,30.0,24.34567901234568,27.59259259259259,0.7160493827160493,0.7160493827160493,0.0,0.0,0.8395061728395061,23.567901234567902,17.51851851851852,2.2781449867601236,0.09574083041071768,9.0,3.879863449009987,0.05435962057696715
CSO-17-10B-YCQUVE.txt,30.0,23.138364779874212,26.660377358490567,0.8176100628930818,1.6729559748427674,0.44654088050314467,0.8553459119496856,0.44654088050314467,21.59748427672956,12.974842767295597,2.3255156252168385,0.09754141458621861,10.50943396226415,4.341740250039462,0.037551523586889554
CSO-17-11A-DJAPA-CorrEtiq.txt,30.0,20.454545454545453,27.136363636363637,0.8181818181818182,1.5909090909090908,0.22727272727272727,0.7727272727272727,0.9545454545454546,19.15909090909091,16.25,2.6731131330242004,0.13036508484791626,7.0,3.1603501796322164,0.05044024201918939
CSO-17-11A-JDAMO-CorrEtiq.txt,30.0,22.74418604651163,29.0,1.0465116279069768,1.0465116279069768,0.0,0.0,0.20930232558139536,22.74418604651163,19.953488372093023,2.5683068562340554,0.11503504781297341,7.441860465116279,3.3771289804257716,0.02902937872149197
CSO-17-11A-NPAHE-CorrEtiq.txt,30.0,22.348148148148148,29.0,1.325925925925926,2.8074074074074074,0.5037037037037037,1.4814814814814814,0.7407407407407407,22.348148148148148,17.177777777777777,2.6158115213160555,0.10925585298549109,9.192592592592593,3.9228497109392095,0.06714067255265864
CSO-17-11A-RLPAIG-CorrEtiq.txt,30.0,22.402173913043477,29.0,1.065217391304348,1.6630434782608696,0.7065217391304348,0.5978260869565217,1.173913043478261,22.402173913043477,18.02173913043478,2.6062873949362855,0.11291864042305906,8.271739130434783,3.592715172859613,0.09596340553765366
CSO-17-11A-SPUVA-CorrEtiq.txt,30.0,22.421875,29.0,2.40625,1.9375,1.765625,0.25,0.453125,22.421875,14.515625,2.6100606152762187,0.10701974997097995,11.875,4.997506873648535,0.06206165300983613
CSO-17-11B-CDBEBU-CorrEtiq.txt,30.0,22.619718309859156,25.788732394366196,0.8450704225352113,1.8873239436619718,0.0,1.0422535211267605,0.8732394366197183,21.225352112676056,10.32394366197183,2.3159141189556856,0.10183189911066848,11.633802816901408,4.7836453321036005,0.08603678599355176
CSO-17-11C-JDAAG-CorrEtiq.txt,30.0,24.1,29.0,0.8307692307692308,1.7,0.0,0.8692307692307693,0.5230769230769231,24.1,19.43846153846154,2.417857338994463,0.09899561217727033,10.007692307692308,4.244653040356086,0.042956086815451364
CSO-17-11C-MAPAMA-CorrEtiq.txt,30.0,23.68027210884354,28.4421768707483,0.7414965986394558,1.3401360544217686,0.3945578231292517,0.5986394557823129,0.4897959183673469,23.292517006802722,18.333333333333332,2.4138145032200047,0.10083695792610937,9.605442176870747,4.090093066374366,0.029608226473038235
CSO-17-11C-MCAAG-CorrEtiq.txt,30.0,25.454545454545453,29.0,0.43434343434343436,1.1414141414141414,0.14646464646464646,0.7070707070707071,0.30808080808080807,25.454545454545453,16.893939393939394,2.29048512560925,0.09025068797229767,12.732323232323232,5.198957191697206,0.025738769900653807
CSO-17-11C-SARJA-CorrEtiq.txt,30.0,23.964285714285715,29.0,0.9375,1.1964285714285714,0.0,0.25892857142857145,0.5982142857142857,23.964285714285715,17.678571428571427,2.4412979684040486,0.10355851889686475,11.0625,4.502122555557297,0.041725936613229576
CSO-18-11A-ADBAHO-CorrEtiq.txt,30.0,24.5,29.0,0.45,0.69,0.29,0.24,0.55,24.5,19.02,2.3700565217391305,0.09766911928651059,9.89,4.254766909901693,0.03565157376439985
CSO-18-11B-YLLRE-CorrEtiq.txt,30.0,24.54741379310345,29.0,0.7844827586206896,1.3362068965517242,0.125,0.5517241379310345,0.8275862068965517,24.54741379310345,18.073275862068964,2.387779020412473,0.09730455915445659,11.077586206896552,4.581420232542225,0.06115464416950845
CSO-18-9B-MAMOLO-CorrEtiq.txt,30.0,21.55457227138643,28.663716814159294,2.5929203539823007,3.297935103244838,1.4041297935103245,0.799410029498525,0.7640117994100295,21.330383480825958,15.289085545722713,2.6952162495716596,0.11076836090875984,10.0,4.203227504315087,0.06413098613527257
CSO-8-3A-DAPAVA-CorrEtiq.txt,30.0,23.023696682464454,28.18957345971564,1.1090047393364928,1.7535545023696681,1.0758293838862558,0.7772511848341233,0.7962085308056872,22.848341232227487,14.995260663507109,2.470479207166769,0.10228936439758764,10.80568720379147,4.517567534212207,0.06624779830514521
CSO-8-3A-KVPECO-CorrEtiq.txt,30.0,22.26086956521739,24.043478260869566,1.3478260869565217,2.9565217391304346,0.6086956521739131,1.608695652173913,0.0,16.17391304347826,4.217391304347826,2.1678000638303097,0.08699171024312802,10.26086956521739,4.302695158013036,0.0
CSO-8-4A-ARAGR-CorrEtiq.txt,30.0,22.524590163934427,28.131147540983605,1.8032786885245902,1.8032786885245902,0.0,0.0,0.26229508196721313,22.229508196721312,16.80327868852459,2.5193820344790074,0.1108793519402365,8.39344262295082,3.699618216040544,0.02397789369100845
CSO-8-4A-JRAAR-CorrEtiq.txt,30.0,24.142857142857142,24.142857142857142,1.0,2.0,0.0,1.0,1.0,20.0,3.0,2.000952380952381,0.07935817805383023,10.857142857142858,4.571693701404007,0.09666666666666665
CSO-9-2A-EXMOCO-CorrEtiq.txt,30.0,24.26050420168067,27.789915966386555,0.7647058823529411,1.2016806722689075,0.5378151260504201,0.4369747899159664,0.19327731092436976,23.50420168067227,15.100840336134453,2.3043749241191698,0.09346989794194763,11.07563025210084,4.73452961709671,0.02291317789621459
CSO-9-4A-AGAPE-CorrEtiq.txt,30.0,24.291666666666668,29.0,1.0833333333333333,1.7013888888888888,0.4027777777777778,0.6180555555555556,0.3888888888888889,24.291666666666668,18.75,2.405952316045915,0.09670210476798959,11.26388888888889,4.641000222534346,0.03182258543422492
CSO-9-4A-DKVIMO-CorrEtiq.txt,30.0,22.25423728813559,29.0,0.5084745762711864,0.9830508474576272,0.423728813559322,0.4745762711864407,0.6271186440677966,22.25423728813559,19.74576271186441,2.626955866507121,0.11934663444511474,7.508474576271187,3.4222124729090333,0.04745756840642175
CSO-9-4A-DSMOMU-CorrEtiq.txt,30.0,24.016528925619834,29.0,0.5950413223140496,1.43801652892562,0.371900826446281,0.8429752066115702,1.0909090909090908,24.016528925619834,18.140495867768596,2.4264877803289586,0.09962333390648158,9.933884297520661,4.196474747620993,0.085589974607312
CSO-9-4A-DVGATO-CorrEtiq.txt,30.0,22.60135135135135,29.0,1.3108108108108107,2.358108108108108,1.0135135135135136,1.2162162162162162,0.8581081081081081,22.60135135135135,15.013513513513514,2.5882648717693812,0.10673539532840919,10.047297297297296,4.228507600656107,0.07089527116365701
CSO-9-4A-EGCAMO-CorrEtiq.txt,30.0,23.970149253731343,29.0,0.1791044776119403,0.208955223880597,0.582089552238806,0.16417910447761194,0.0,23.970149253731343,21.059701492537314,2.435889393851756,0.10421534435776726,8.432835820895523,3.6818965271818853,0.0
CSO-9-4A-FAGIGA-CorrEtiq.txt,30.0,22.632183908045977,29.0,1.735632183908046,2.7126436781609193,0.47126436781609193,0.9770114942528736,0.4367816091954023,22.632183908045977,18.20689655172414,2.582055909172614,0.10681099633494952,9.011494252873563,3.9346090080293408,0.03043569741925827
CSO-9-4A-GSBRCO-CorrEtiq.txt,30.0,22.830188679245282,29.0,2.0754716981132075,1.8679245283018868,1.1886792452830188,0.03773584905660377,0.6981132075471698,22.830188679245282,18.71698113207547,2.5541943047525706,0.10499771182384196,9.849056603773585,4.134770679814071,0.03358830008747974
CSO-9-4A-KEMOCO-CorrEtiq.txt,30.0,21.64516129032258,28.322580645161292,0.967741935483871,0.967741935483871,0.7096774193548387,0.0,1.2258064516129032,21.612903225806452,15.387096774193548,2.6250857604293794,0.12024936752182638,9.03225806451613,3.748421257146436,0.08205067100579022
CSO-9-4A-LCOMO-CorrEtiq.txt,30.0,14.957446808510639,29.0,5.574468085106383,5.680851063829787,2.5531914893617023,0.48936170212765956,0.3829787234042553,14.957446808510639,14.042553191489361,3.939981049990272,0.2049421574699883,4.723404255319149,2.399764928511388,0.0877975494616832
CSO-9-4A-MLORO-CorrEtiq.txt,30.0,20.452380952380953,28.595238095238095,1.2142857142857142,2.7857142857142856,0.8809523809523809,1.8333333333333333,1.380952380952381,19.38095238095238,17.333333333333332,2.8060598434413406,0.1264184692900344,6.476190476190476,3.0201638832443782,0.11991166394231509
CSO-9-4A-MPAME-CorrEtiq.txt,30.0,22.548387096774192,29.0,0.5806451612903226,1.6129032258064515,2.935483870967742,1.032258064516129,0.0,22.548387096774192,14.03225806451613,2.5799986642623387,0.10107312141120364,11.064516129032258,4.441299810152692,0.02174722581454699
CSO-9-4A-NSARPA-CorrEtiq.txt,30.0,23.72,27.16,0.7,1.12,0.0,0.42,1.1,19.84,15.88,2.3001206040336477,0.09762990053424836,8.04,3.483360023369042,0.07462336576467012
CSO-9-4A-SLOCA-CorrEtiq.txt,30.0,19.866666666666667,29.0,2.05,2.9166666666666665,2.5833333333333335,1.4833333333333334,0.4666666666666667,19.866666666666667,16.983333333333334,2.9441708322836333,0.12719930040296173,7.433333333333334,3.34059307370638,0.031112678544208138
CSO-9-4A-YVDITR-CorrEtiq.txt,30.0,25.625,29.0,0.0,0.0,0.5,0.0,0.375,25.625,18.0,2.2642307692307693,0.09041666666666666,9.75,4.397435897435898,0.02981227106227106
