file,wc,nodes,edges,re,pe,l1,l2,l3,lcc,lsc,atd,density,diameter,asp,cc
CDMS-10-4A-JURAN-CorrEtiq.txt,40.0,27.761467889908257,39.0,2.165137614678899,3.477064220183486,0.7155963302752294,1.311926605504587,1.2110091743119267,27.761467889908257,25.862385321100916,2.8139624290083005,0.09410289243253495,8.100917431192661,3.6757456019556622,0.07650445867195388
CDMS-10-5A-HEPIHO-CorrEtiq.txt,40.0,27.724489795918366,38.40816326530612,1.9795918367346939,2.4489795918367347,0.0,0.46938775510204084,0.8469387755102041,27.316326530612244,24.428571428571427,2.777163533680071,0.09772321222708273,7.3979591836734695,3.334059673776958,0.05981414820349507
CDMS-10-5A-KSRAGU-CorrEtiq.txt,40.0,28.139240506329113,39.0,2.4430379746835444,2.962025316455696,1.2278481012658229,0.5189873417721519,1.0886075949367089,28.139240506329113,25.050632911392405,2.8067966673974643,0.0936468604959548,8.708860759493671,3.814208647410289,0.10182332321880029
CDMS-10-5A-SROPU-CorrEtiq.txt,40.0,29.87313432835821,39.0,2.5223880597014925,3.4402985074626864,0.48507462686567165,0.917910447761194,0.5,29.87313432835821,26.21641791044776,2.6350415573683863,0.08254544710649893,9.305970149253731,4.174536349953395,0.059535032456634676
CDMS-10-5A-SZURO-CorrEtiq.txt,40.0,30.0,37.0,1.3333333333333333,2.0,0.0,0.6666666666666666,0.0,30.0,25.666666666666668,2.4684958595970836,0.0805409891060614,10.333333333333334,4.20384024577573,0.020014831294030404
CDMS-10-5B-SRAJA-CorrEtiq.txt,40.0,27.416666666666668,39.0,3.301282051282051,4.089743589743589,0.391025641025641,0.7884615384615384,2.121794871794872,27.416666666666668,24.762820512820515,2.8837664127429483,0.09807099025815537,8.506410256410257,3.780200715299925,0.13313410767672865
CDMS-10-5C-DAAUSA-CorrEtiq.txt,40.0,28.669565217391305,39.0,2.243478260869565,2.8086956521739133,0.1391304347826087,0.5652173913043478,1.2,28.669565217391305,25.817391304347826,2.7367648123641017,0.09206959768247673,7.973913043478261,3.6106216404140423,0.05911709858809407
CDMS-10-5C-ICAPA-CorrEtiq.txt,40.0,24.692307692307693,37.0,4.076923076923077,4.769230769230769,2.3846153846153846,0.6923076923076923,0.23076923076923078,24.692307692307693,22.923076923076923,2.998678500986193,0.10213103507417888,7.461538461538462,3.444741445845125,0.01158974358974359
CDMS-10-5C-JFALGI-CorrEtiq.txt,40.0,30.27906976744186,39.0,0.8372093023255814,0.8372093023255814,0.0,0.0,0.813953488372093,30.27906976744186,28.023255813953487,2.5805915344711683,0.08650779372705544,8.488372093023257,3.7152390724939033,0.03742437451988762
CDMS-10-5C-NBEMO-CorrEtiq.txt,40.0,30.339285714285715,35.07142857142857,0.2857142857142857,1.75,0.9107142857142857,1.4642857142857142,0.42857142857142855,27.357142857142858,16.428571428571427,2.31551827324114,0.07310947255751998,9.892857142857142,4.32236067423656,0.02187445916825287
CDMS-10-6B-ASCACO-CorrEtiq.txt,40.0,26.885057471264368,38.47126436781609,2.6551724137931036,4.2988505747126435,1.5402298850574712,1.6436781609195403,1.1494252873563218,26.471264367816094,23.482758620689655,2.891138988957513,0.09557188395945325,8.264367816091953,3.631212129559913,0.07820157944587253
CDMS-10-6B-JJMOBE-CorrEtiq.txt,40.0,26.75,37.0,3.25,3.25,0.0,0.0,0.0,25.75,25.0,2.7742323364162442,0.09847036849910414,7.0,3.1553780384939807,0.013556776556776555
CDMS-11-4A-GACHSA-CorrEtiq.txt,40.0,26.2,38.272,3.688,5.096,0.36,1.408,0.296,25.928,22.72,2.957250953227299,0.10224246637461706,7.696,3.5081992450169737,0.03225835740844408
CDMS-11-5A-EAARCA-CorrEtiq.txt,40.0,30.263157894736842,39.0,1.6907894736842106,2.651315789473684,1.0263157894736843,1.2105263157894737,1.0328947368421053,30.263157894736842,25.625,2.595406796797343,0.08087971633829087,10.631578947368421,4.413908223412331,0.06001238823609246
CDMS-11-5A-MGTHAR-CorrEtiq.txt,40.0,30.40506329113924,38.68354430379747,0.9620253164556962,1.1772151898734178,0.9367088607594937,0.21518987341772153,0.7341772151898734,29.810126582278482,25.10126582278481,2.5536542006759495,0.08252306034989615,8.89873417721519,3.92331594796897,0.04397502750698788
CDMS-11-6A-DFVEBE-CorrEtiq.txt,40.0,26.043478260869566,39.0,1.8695652173913044,2.869565217391304,1.0434782608695652,1.0,3.5652173913043477,26.043478260869566,23.82608695652174,2.999296066252588,0.10798287059156625,8.869565217391305,3.625466900249509,0.1831515988037727
CDMS-11-6A-NMREPR-CorrEtiq.txt,40.0,29.924050632911392,39.0,2.1265822784810124,2.278481012658228,1.3924050632911393,0.1518987341772152,1.2658227848101267,29.924050632911392,24.253164556962027,2.608936491621191,0.08179406508351468,10.886075949367088,4.625212147550963,0.06275295726303175
CDMS-11-6B-ARAHE-CorrEtiq.txt,40.0,27.011764705882353,39.0,4.141176470588236,4.1,1.7705882352941176,0.7294117647058823,0.9764705882352941,27.011764705882353,24.323529411764707,2.9124628813467046,0.09556716365831985,8.305882352941177,3.7320578200603993,0.06442574671285413
CDMS-11-6B-AVROTO-CorrEtiq.txt,40.0,29.17699115044248,39.0,1.4424778761061947,1.8141592920353982,0.6902654867256637,0.6283185840707964,1.4513274336283186,29.17699115044248,25.920353982300885,2.7124589808647497,0.09201835566006493,9.026548672566372,3.8634616507293815,0.08370000251239512
CDMS-11-6B-EAFESA-CorrEtiq.txt,40.0,29.8876404494382,39.0,1.7752808988764044,2.146067415730337,1.898876404494382,0.3707865168539326,0.0,29.8876404494382,25.191011235955056,2.6201679871831476,0.0819195489944512,10.797752808988765,4.518171022607944,0.004937395869560851
CDMS-11-6B-EFRGR-CorrEtiq.txt,40.0,27.641304347826086,39.0,2.6847826086956523,3.097826086956522,1.8315217391304348,0.6195652173913043,0.532608695652174,27.641304347826086,25.179347826086957,2.8337480268602255,0.09353208249803409,8.630434782608695,3.787366741414472,0.03250487512834364
CDMS-11-6B-EROCO-CorrEtiq.txt,40.0,29.471698113207548,38.79245283018868,1.679245283018868,2.0754716981132075,2.2830188679245285,0.8113207547169812,1.4150943396226414,29.245283018867923,26.754716981132077,2.6439864674436104,0.08290081361129906,9.339622641509434,4.2708378600564885,0.06216699871986906
CDMS-11-6B-JACUPE-CorrEtiq.txt,40.0,23.564705882352943,38.09411764705882,3.3117647058823527,4.358823529411764,2.8411764705882354,1.7411764705882353,1.2941176470588236,23.258823529411764,19.870588235294118,3.2581469352750823,0.11800010517294136,6.576470588235294,3.1037163108798587,0.08238128207956054
CDMS-11-6B-JDCHBA-CorrEtiq.txt,40.0,27.32894736842105,37.98684210526316,2.6907894736842106,2.973684210526316,1.4407894736842106,0.28289473684210525,2.7960526315789473,26.82236842105263,22.361842105263158,2.791260625839318,0.09421271041675292,8.894736842105264,3.7995538763251937,0.12984612645019267
CDMS-11-6B-JFSAHE-CorrEtiq.txt,40.0,29.87878787878788,39.0,2.090909090909091,2.659090909090909,0.20454545454545456,0.5681818181818182,0.4621212121212121,29.87878787878788,26.234848484848484,2.631711771539867,0.08537815693647499,9.772727272727273,4.0990820652215385,0.04295676498922828
CDMS-11-6B-JLPENA-CorrEtiq.txt,40.0,27.82051282051282,35.34615384615385,1.1025641025641026,1.5897435897435896,1.9743589743589745,0.48717948717948717,0.1794871794871795,25.96153846153846,16.602564102564102,2.5849327163298046,0.08804990775406157,10.128205128205128,4.166705991030266,0.0247540419827772
CDMS-11-6B-JMARME-CorrEtiq.txt,40.0,29.232824427480917,38.412213740458014,1.6603053435114503,2.614503816793893,0.9083969465648855,1.083969465648855,0.7595419847328244,28.931297709923665,25.47328244274809,2.6391830763502497,0.08527945814112889,8.858778625954198,3.9866955851975763,0.05291601453289126
CDMS-11-6B-JPSAMA-CorrEtiq.txt,40.0,31.425925925925927,39.0,0.018518518518518517,0.7222222222222222,0.7222222222222222,0.7037037037037037,1.2407407407407407,31.425925925925927,27.38888888888889,2.4905979546401094,0.07919655301400269,9.981481481481481,4.326602521165244,0.07196800957804923
CDMS-11-6B-LESTA-CorrEtiq.txt,40.0,29.15841584158416,35.57425742574257,1.3465346534653466,1.8514851485148516,0.6336633663366337,0.504950495049505,0.7128712871287128,27.316831683168317,19.722772277227723,2.4438234247919652,0.08133644649429514,10.198019801980198,4.1261722132648195,0.033775407911872335
CDMS-11-6B-MEBRTA-CorrEtiq.txt,40.0,28.940594059405942,39.0,2.623762376237624,2.5643564356435644,2.8217821782178216,1.1584158415841583,0.38613861386138615,28.940594059405942,22.099009900990097,2.722867693674413,0.08492798802006975,11.217821782178218,4.6970438055912425,0.05323103031732392
CDMS-11-6B-MMAMO-CorrEtiq.txt,40.0,28.502673796791445,39.0,2.0748663101604277,2.556149732620321,0.7005347593582888,0.48128342245989303,1.160427807486631,28.502673796791445,25.850267379679146,2.7547160669794106,0.09251290178760546,8.53475935828877,3.7813013449049007,0.057497931151143954
CDMS-11-6B-RSECA-CorrEtiq.txt,40.0,33.11764705882353,39.0,0.9411764705882353,1.6666666666666667,0.45098039215686275,0.7254901960784313,0.47058823529411764,33.11764705882353,27.49019607843137,2.3610292547241425,0.06982431550045123,12.294117647058824,5.12258814397547,0.020721274958913086
CDMS-11-6B-SCAPA-CorrEtiq.txt,40.0,31.941176470588236,39.0,1.107843137254902,1.107843137254902,0.0,0.0,1.1666666666666667,31.941176470588236,26.823529411764707,2.444716799088102,0.07687111442976284,10.313725490196079,4.417017842204564,0.077848933922418
CDMS-11-6B-VZAPE-CorrEtiq.txt,40.0,28.821428571428573,39.0,0.5357142857142857,2.0267857142857144,2.1875,1.4910714285714286,0.8035714285714286,28.821428571428573,25.9375,2.7249870798611857,0.08813802325463713,8.767857142857142,3.8965135057654074,0.052360917581844746
CDMS-11-6B-YLNIME-CorrEtiq.txt,40.0,29.64814814814815,39.0,0.8333333333333334,1.5185185185185186,0.0,0.6851851851851852,1.3703703703703705,29.64814814814815,27.24074074074074,2.63987612067732,0.0891066190272098,7.962962962962963,3.6271656081985464,0.05733807464419495
CDMS-11-7C-ICARE-CorrEtiq.txt,40.0,26.47222222222222,39.0,3.0833333333333335,4.083333333333333,0.0,1.0,2.2777777777777777,26.47222222222222,24.52777777777778,2.9566467493766346,0.10442984907627587,6.611111111111111,3.1885044957171393,0.10556612411641147
CDMS-11-7C-IMOIB-CorrEtiq.txt,40.0,28.54609929078014,39.0,1.7234042553191489,2.4539007092198584,0.0,0.7304964539007093,1.2269503546099292,28.54609929078014,26.21276595744681,2.7456162560392436,0.09396568213725867,7.914893617021277,3.5862075824580373,0.09817411275904495
CDMS-11-7C-SALMA-CorrEtiq.txt,40.0,27.46969696969697,39.0,2.9545454545454546,3.3333333333333335,0.16666666666666666,0.3787878787878788,0.30303030303030304,27.46969696969697,25.333333333333332,2.8520358385486304,0.0986272757106695,7.666666666666667,3.4971312246839803,0.047823218155683384
CDMS-11-7C-SPGAVE-CorrEtiq.txt,40.0,29.904761904761905,34.95238095238095,0.7619047619047619,1.3333333333333333,0.8809523809523809,0.5714285714285714,1.5238095238095237,29.404761904761905,14.642857142857142,2.3515694484177985,0.07690437985865445,11.595238095238095,4.836235778134052,0.05811487084647188
CDMS-12-5A-SRIGO-CorrEtiq.txt,40.0,29.301136363636363,39.0,2.6420454545454546,3.7670454545454546,0.2215909090909091,1.125,0.6704545454545454,29.301136363636363,25.198863636363637,2.673813510157554,0.0850944263070742,9.948863636363637,4.207104073384126,0.030138607429833795
CDMS-12-6A-FAROPA-CorrEtiq.txt,40.0,29.00653594771242,39.0,1.3071895424836601,1.4313725490196079,1.934640522875817,0.5228758169934641,1.1437908496732025,29.00653594771242,25.647058823529413,2.702515115708854,0.08849975001691164,8.372549019607844,3.6527491912363477,0.07184345843711457
CDMS-12-6A-JGIGA-CorrEtiq.txt,40.0,30.761904761904763,39.0,0.8571428571428571,1.3238095238095238,0.1619047619047619,0.4666666666666667,0.42857142857142855,30.761904761904763,25.685714285714287,2.548235900834418,0.08261800962201812,9.904761904761905,4.157876399246159,0.025419350490604075
CDMS-12-6A-SROAL-CorrEtiq.txt,40.0,27.025641025641026,39.0,2.9743589743589745,3.076923076923077,0.5384615384615384,0.10256410256410256,1.7179487179487178,27.025641025641026,25.17948717948718,2.9005224409340093,0.10172690407498562,7.897435897435898,3.3762341093133146,0.08240416896726456
CDMS-12-6B-IJDAGA-CorrEtiq.txt,40.0,28.07179487179487,39.0,2.5487179487179485,3.6153846153846154,1.9846153846153847,1.3487179487179488,0.9487179487179487,28.07179487179487,23.815384615384616,2.7990302741336985,0.08851572735987787,9.446153846153846,4.082581567413766,0.04866814551361423
CDMS-12-6B-SCLAG-CorrEtiq.txt,40.0,23.03921568627451,38.372549019607845,4.0,6.784313725490196,1.803921568627451,2.843137254901961,3.372549019607843,22.745098039215687,19.607843137254903,3.3505673014112913,0.11882467093935663,6.9411764705882355,3.1630569279660676,0.18309035422553874
CDMS-12-7C-CATRAR-CorrEtiq.txt,40.0,29.678571428571427,39.0,0.42857142857142855,0.42857142857142855,0.0,0.0,2.5357142857142856,29.678571428571427,28.071428571428573,2.632713218769154,0.09100442920957778,7.75,3.370393596815812,0.13860903016245688
CDMS-12-7C-DLOLO-CorrEtiq.txt,40.0,28.864864864864863,39.0,2.027027027027027,3.7567567567567566,0.0,1.7297297297297298,0.32432432432432434,28.864864864864863,24.7027027027027,2.732149612550541,0.08985329420571478,9.243243243243244,4.009208347179402,0.05142457421940491
CDMS-12-7C-JSZAOR-CorrEtiq.txt,40.0,26.803030303030305,36.666666666666664,2.257575757575758,2.727272727272727,1.9393939393939394,0.48484848484848486,1.6515151515151516,25.03030303030303,22.318181818181817,2.7448265229874425,0.09302382071997264,8.5,3.7679951844294672,0.08486069337218761
CDMS-12-7C-MAROBE-CorrEtiq.txt,40.0,29.6046511627907,39.0,1.5232558139534884,1.5232558139534884,0.9069767441860465,0.0,1.1162790697674418,29.6046511627907,27.0,2.652236134448731,0.0874410263211051,8.13953488372093,3.7519626278265403,0.05794569088369442
CDMS-12-7C-VMAPA-CorrEtiq.txt,40.0,29.333333333333332,39.0,2.0444444444444443,2.0444444444444443,0.0,0.0,0.0,29.333333333333332,27.533333333333335,2.6680810394853776,0.08957308041661026,7.777777777777778,3.5857876131682214,0.0020859578399260938
CDMS-12-7C-VQURA-CorrEtiq.txt,40.0,27.326923076923077,39.0,2.1153846153846154,2.7115384615384617,0.5,0.6826923076923077,0.6826923076923077,27.326923076923077,25.75,2.8690311437134146,0.10041407608453373,7.326923076923077,3.36891269126009,0.03405218348486968
CDMS-13-6B-JDTAHE-CorrEtiq.txt,40.0,29.17721518987342,38.30379746835443,0.7215189873417721,1.9367088607594938,1.5822784810126582,1.2151898734177216,0.5316455696202531,29.088607594936708,22.70886075949367,2.630303031820365,0.08530384739998798,10.39240506329114,4.272415116022394,0.01750272464463807
CDMS-13-7C-MVEAR-CorrEtiq.txt,40.0,28.948051948051948,39.0,1.4805194805194806,3.324675324675325,1.4025974025974026,1.844155844155844,0.4805194805194805,28.948051948051948,25.376623376623378,2.706721675794058,0.08525425579652499,8.935064935064934,3.894386903522054,0.01825962667622997
CDMS-13-7C-RAIZAC-CorrEtiq.txt,40.0,30.383561643835616,39.0,1.1917808219178083,1.547945205479452,0.9315068493150684,0.3561643835616438,2.219178082191781,30.383561643835616,27.356164383561644,2.5913865961887246,0.08347096624149021,10.575342465753424,4.443439172425792,0.1051852762950621
CDMS-13-7C-SSOSLO-CorrEtiq.txt,40.0,28.816326530612244,39.0,1.4285714285714286,3.0,0.061224489795918366,1.5714285714285714,2.295918367346939,28.816326530612244,24.683673469387756,2.7217730044504695,0.09114491724355119,10.16326530612245,4.293056139987983,0.10075949560203973
CDMS-14-10A-IMORTO-CorrEtiq.txt,40.0,30.175,39.0,1.15,1.975,0.0,0.825,1.35,30.175,26.5,2.601704636716149,0.0856772246523727,8.6,3.7562126536907834,0.04305959692765442
CDMS-14-10A-JCVANI-CorrEtiq.txt,40.0,27.98994974874372,39.0,2.2462311557788945,2.8341708542713566,0.7839195979899497,0.5879396984924623,1.829145728643216,27.98994974874372,25.050251256281406,2.851814125759217,0.09859266761864063,8.291457286432161,3.7013170677047795,0.10037443620565821
CDMS-14-6B-KDCAHE-CorrEtiq.txt,40.0,26.694444444444443,34.666666666666664,0.3055555555555556,0.7777777777777778,1.9444444444444444,0.4722222222222222,4.333333333333333,22.583333333333332,18.194444444444443,2.6026249187168724,0.09354536051062787,7.444444444444445,3.259093294878319,0.14751604851205746
CDMS-15-10A-AMALOS-CorrEtiq.txt,40.0,30.097902097902097,39.0,1.3636363636363635,1.867132867132867,0.9440559440559441,0.7692307692307693,0.9370629370629371,30.097902097902097,26.251748251748253,2.5989257255341673,0.08325905815283381,10.006993006993007,4.321201757970074,0.07198407888425017
CDMS-15-10A-JJMACH-CorrEtiq.txt,40.0,29.8876404494382,39.0,2.106741573033708,2.859550561797753,0.14606741573033707,0.7528089887640449,0.20786516853932585,29.8876404494382,27.337078651685392,2.622611230250839,0.08413725043518779,8.910112359550562,3.9798877671011743,0.012685224090459097
CDMS-15-10A-MAALCA-CorrEtiq.txt,40.0,29.8876404494382,39.0,0.5280898876404494,2.5730337078651684,0.34831460674157305,2.134831460674157,1.0449438202247192,29.8876404494382,27.168539325842698,2.6218584988782485,0.08459985954410434,8.775280898876405,3.802301812609403,0.06227969030612535
CDMS-15-10A-MAALRI-CorrEtiq.txt,40.0,29.866666666666667,38.68666666666667,1.8266666666666667,2.033333333333333,1.76,0.6733333333333333,0.8066666666666666,29.866666666666667,24.213333333333335,2.6236109724377754,0.08319683226685812,11.193333333333333,4.7232846536131285,0.05246095479335566
CDMS-15-10A-SGOMO-CorrEtiq.txt,40.0,29.5609756097561,39.0,1.2682926829268293,2.4959349593495936,0.5609756097560976,1.2276422764227641,0.9349593495934959,29.5609756097561,25.902439024390244,2.654374836136007,0.08644661557488188,8.926829268292684,3.8675228180921852,0.043394371778680656
CDMS-15-10A-SHEGA-CorrEtiq.txt,40.0,26.740963855421686,38.0722891566265,2.7951807228915664,3.066265060240964,1.3674698795180722,0.6746987951807228,1.4036144578313252,26.56024096385542,23.8855421686747,2.8538795867153928,0.09857127431752576,7.969879518072289,3.62463417341657,0.08315972240800201
CDMS-15-11B-JEMOLO-CorrEtiq.txt,40.0,27.642857142857142,37.34285714285714,3.1714285714285713,3.2714285714285714,1.3,0.1,1.0142857142857142,26.8,21.757142857142856,2.704396276046522,0.08891176093446387,9.5,3.933899311020322,0.050310487177482245
CDMS-15-11B-VSAHO-CorrEtiq.txt,40.0,30.267241379310345,39.0,1.1551724137931034,1.8879310344827587,1.3793103448275863,1.0086206896551724,0.4827586206896552,30.267241379310345,25.948275862068964,2.5900020238634323,0.0817352041900997,10.387931034482758,4.527664311705437,0.046234622458023816
CDMS-16-10A-SGALO-CorrEtiq.txt,40.0,30.761904761904763,39.0,0.6190476190476191,0.6190476190476191,0.0,0.0,0.7619047619047619,30.761904761904763,28.61904761904762,2.539479248570699,0.08421053117673702,9.0,3.905336203386948,0.03435092768036402
CDMS-16-11B-NGABE-CorrEtiq.txt,40.0,29.6015625,39.0,1.3203125,2.3671875,0.7265625,1.34375,1.765625,29.6015625,26.328125,2.648088135855705,0.08592371378994741,8.984375,3.9525272350995952,0.0913417603045271
CDMS-17-10A-ASSAMO-CorrEtiq.txt,40.0,30.059701492537314,39.0,1.5820895522388059,1.6343283582089552,0.0,0.05223880597014925,0.9402985074626866,30.059701492537314,27.604477611940297,2.6069515006626087,0.08634955777626861,9.104477611940299,4.04709094548549,0.049576588450717725
CDMS-18-7C-VVECA-CorrEtiq.txt,40.0,28.87162162162162,39.0,3.175675675675676,3.175675675675676,0.527027027027027,0.25675675675675674,0.9594594594594594,28.87162162162162,25.72972972972973,2.750195993036719,0.09123665214124492,9.85135135135135,4.217134076420697,0.04056395519785412
CDMS-8-4A-DJAVDA-CorrEtiq.txt,40.0,24.8125,39.0,3.4375,3.3125,2.75,0.0,0.0,24.8125,22.9375,3.145,0.11165621516164995,6.3125,3.0250564381270904,0.028827870624745625
CDMS-8-4A-DOSTR-CorrEtiq.txt,40.0,26.329545454545453,39.0,3.6136363636363638,3.875,2.397727272727273,0.8295454545454546,1.6931818181818181,26.329545454545453,21.011363636363637,2.9876435964775228,0.09958767910356082,8.579545454545455,3.6991474214300193,0.06768948817947631
CDMS-8-4A-LGOPA-CorrEtiq.txt,40.0,24.607142857142858,37.339285714285715,3.6607142857142856,4.339285714285714,0.8214285714285714,0.6785714285714286,1.375,23.857142857142858,20.357142857142858,3.063617929996437,0.11292759186071458,7.464285714285714,3.2801935083333107,0.11211072522757974
CDMS-8-4C-JDBUTU-CorrEtiq.txt,40.0,21.333333333333332,35.0,4.888888888888889,4.888888888888889,5.666666666666667,2.0,3.888888888888889,18.11111111111111,11.444444444444445,3.293954033084468,0.11376002588817233,7.666666666666667,3.3293639873103236,0.23229939142982625
CDMS-9-4A-ACDUTR-CorrEtiq.txt,40.0,25.11111111111111,35.55555555555556,4.222222222222222,4.222222222222222,3.6666666666666665,2.0,0.0,23.444444444444443,13.0,2.835213675213675,0.09168958255914778,10.333333333333334,3.9814356818704644,0.010802469135802469
CDMS-9-4A-CARGA-CorrEtiq.txt,40.0,27.010752688172044,39.0,2.5376344086021505,3.2903225806451615,0.3655913978494624,0.7849462365591398,1.032258064516129,27.010752688172044,24.86021505376344,2.8939142435950482,0.1010076168642047,7.526881720430108,3.3544864440703615,0.1042803267101097
CDMS-9-4A-CRAAG-CorrEtiq.txt,40.0,24.4,39.0,5.266666666666667,5.2,2.1333333333333333,0.9333333333333333,0.0,24.4,23.6,3.1995072463768115,0.1110689503732982,6.133333333333334,3.021581906016688,0.0
CDMS-9-4A-EROHI-CorrEtiq.txt,40.0,27.833333333333332,39.0,3.0,4.0,1.0,1.0,0.8333333333333334,27.833333333333332,26.0,2.8029100529100526,0.09110025776692443,8.0,3.6886107719441052,0.07415490887713111
CDMS-9-4A-ILOSE-CorrEtiq.txt,40.0,30.28368794326241,37.90780141843972,1.6099290780141844,1.8794326241134751,0.0,0.2695035460992908,0.7446808510638298,29.72340425531915,24.4468085106383,2.515194411459775,0.08225988965837232,8.964539007092199,3.9238237191012932,0.05066455647720808
CDMS-9-4A-TGAFR-CorrEtiq.txt,40.0,28.12962962962963,36.55555555555556,0.5740740740740741,1.0,1.7222222222222223,0.8333333333333334,1.5740740740740742,27.314814814814813,21.574074074074073,2.6089289746478808,0.08927716309182386,7.685185185185185,3.4375850449989995,0.11197445336248109
CDMS-9-4C-SCAMO-CorrEtiq.txt,40.0,30.129032258064516,38.50322580645161,1.8709677419354838,2.361290322580645,0.25161290322580643,0.49032258064516127,0.5483870967741935,29.858064516129033,25.870967741935484,2.566285848677226,0.08259328942003662,9.27741935483871,4.064985770795503,0.03416476460357356
CDMS-9-5A-ABERO-CorrEtiq.txt,40.0,26.304093567251464,39.0,2.672514619883041,4.43859649122807,3.064327485380117,2.198830409356725,1.3742690058479532,26.304093567251464,20.01169590643275,3.0273973218840236,0.09836955116236452,10.333333333333334,4.349961000890248,0.08060412468592798
CDMS-9-5A-PAGACO-CorrEtiq.txt,40.0,27.340425531914892,39.0,1.872340425531915,3.148936170212766,2.3191489361702127,1.6382978723404256,0.9361702127659575,27.340425531914892,25.27659574468085,2.8614556531911512,0.09364404957901278,8.72340425531915,3.830501410283911,0.053015036862766846
CDMS-9-5A-VVAAR-CorrEtiq.txt,40.0,31.066666666666666,39.0,0.43333333333333335,0.5333333333333333,0.6,0.1,1.3,31.066666666666666,27.966666666666665,2.5135124464893654,0.08127964051768279,9.866666666666667,4.302542746309431,0.04214689231019876
CDMS-9-5C-JDMADE-CorrEtiq.txt,40.0,28.77386934673367,38.618090452261306,2.5678391959798996,2.4321608040201004,2.1557788944723617,0.628140703517588,1.1909547738693467,28.65829145728643,24.2964824120603,2.707443515868545,0.08650252961544025,9.422110552763819,4.0810740413445785,0.05850741406013275
CDMS-9-5C-LVIZAC-CorrEtiq.txt,40.0,26.466257668711656,38.14110429447853,2.9079754601226995,4.012269938650307,2.607361963190184,1.3374233128834356,1.478527607361963,26.441717791411044,21.165644171779142,2.8935329447236042,0.09404294462180125,10.153374233128835,4.280228085164811,0.0740922736947806
CDMS-9-5C-MLOGO-CorrEtiq.txt,40.0,27.97752808988764,39.0,1.9887640449438202,2.696629213483146,1.6404494382022472,0.7078651685393258,2.101123595505618,27.97752808988764,22.674157303370787,2.7975723743437313,0.0925104050762914,8.561797752808989,3.760365920138837,0.121647986656856
CDMS-XX-10A-VGILO-CorrEtiq.txt,40.0,29.3125,38.520833333333336,1.8645833333333333,1.9479166666666667,0.4270833333333333,0.1875,0.6875,28.75,26.364583333333332,2.6342413037806067,0.0874881194872157,7.8125,3.6543536758912674,0.04686941893621711
CDMS-XX-5C-MJSARU-CorrEtiq.txt,40.0,27.781456953642383,39.0,2.8874172185430464,5.046357615894039,1.1788079470198676,2.1589403973509933,0.5761589403973509,27.781456953642383,24.05960264900662,2.8335545467201535,0.08973117235730989,9.456953642384105,4.120943086045067,0.047557649262001754
CDMS-XX-5C-MPCAQU-CorrEtiq.txt,40.0,28.163398692810457,39.0,1.8627450980392157,3.1176470588235294,0.7647058823529411,1.2549019607843137,0.9411764705882353,28.163398692810457,24.326797385620914,2.777879833828491,0.09241576767211641,9.052287581699346,3.9117762338611395,0.051669745952371254
CDMS-XX-6A-MAGICA-CorrEtiq.txt,40.0,28.692307692307693,39.0,0.9230769230769231,0.9230769230769231,0.0,0.0,1.6153846153846154,28.692307692307693,27.153846153846153,2.719704433497537,0.09593139937967524,6.846153846153846,3.308409470478436,0.09281879860697594
CDMS-XX-6B-SPUCA-CorrEtiq.txt,40.0,28.643312101910826,38.968152866242036,2.8089171974522293,3.949044585987261,0.044585987261146494,1.1401273885350318,0.28662420382165604,28.62420382165605,25.770700636942674,2.749127955727187,0.08988977317836604,8.802547770700636,3.8486547570371363,0.015411941033063453
CSO-10-4A-ICAPA-CorrEtiq.txt,40.0,20.666666666666668,37.833333333333336,6.833333333333333,8.5,1.0,1.6666666666666667,3.0,20.0,19.0,3.6634920634920634,0.13959899749373433,5.0,2.5044973544973543,0.2559599395313681
CSO-10-4A-KCOMO-CorrEtiq.txt,40.0,30.584415584415584,37.0,0.9090909090909091,0.922077922077922,0.24675324675324675,0.012987012987012988,0.922077922077922,29.48051948051948,25.857142857142858,2.4251548683897757,0.07960369906345233,8.753246753246753,3.9138081118050927,0.05526509583109268
CSO-10-4A-LRAVI-CorrEtiq.txt,40.0,32.42857142857143,39.0,0.7857142857142857,1.7857142857142858,0.0,1.0,0.0,32.42857142857143,25.642857142857142,2.409041204458323,0.07333076925784977,11.428571428571429,4.462042881668796,0.0
CSO-10-4A-LSCAVA-CorrEtiq.txt,40.0,31.14814814814815,39.0,1.3209876543209877,2.0925925925925926,0.24074074074074073,0.7716049382716049,1.1666666666666667,31.14814814814815,25.796296296296298,2.5137624883573695,0.07895239865976333,10.814814814814815,4.574828605530571,0.05737266539876719
CSO-10-5A-ACAVA-CorrEtiq.txt,40.0,28.43548387096774,35.88709677419355,1.0483870967741935,1.2419354838709677,1.7258064516129032,0.7580645161290323,1.2903225806451613,25.677419354838708,21.548387096774192,2.5244502357919596,0.08467373708842725,8.758064516129032,3.783842676188199,0.06384975433765756
CSO-10-5A-ARACA-CorrEtiq.txt,40.0,26.609375,39.0,3.4375,4.4609375,1.0390625,1.203125,1.4140625,26.609375,23.34375,2.9516112413339743,0.09938958812689665,7.8515625,3.5647375216792816,0.0669809289784943
CSO-10-5A-DABRZA-CorrEtiq.txt,40.0,25.54140127388535,38.503184713375795,4.707006369426751,5.547770700636943,2.261146496815287,1.605095541401274,1.178343949044586,25.426751592356688,21.61783439490446,3.0552429801133036,0.10021120976503828,7.840764331210191,3.611799399096527,0.08612602555533719
CSO-10-5A-GZAMA-CorrEtiq.txt,40.0,25.689655172413794,38.6551724137931,5.068965517241379,5.068965517241379,0.1896551724137931,0.0,1.1896551724137931,25.482758620689655,23.32758620689655,3.0296687979265657,0.10609147932339785,7.586206896551724,3.4189466278454543,0.061643614831479024
CSO-10-5A-IPECA-CorrEtiq.txt,40.0,31.16190476190476,39.0,0.780952380952381,1.1428571428571428,0.6,0.3619047619047619,0.7428571428571429,31.16190476190476,27.866666666666667,2.5078913289453713,0.07964842440835841,9.219047619047618,4.073546732052596,0.044263244740711534
CSO-10-5A-JANORO-CorrEtiq.txt,40.0,30.37142857142857,38.785714285714285,2.5285714285714285,3.1142857142857143,0.0,0.5857142857142857,0.7857142857142857,30.25,26.15,2.56479267771336,0.08061012929721742,10.085714285714285,4.350336864514704,0.031260325253348896
CSO-10-5A-JBUVE-CorrEtiq.txt,40.0,30.977777777777778,39.0,0.5222222222222223,1.9333333333333333,1.8444444444444446,1.4111111111111112,0.16666666666666666,30.977777777777778,27.2,2.5267345101431995,0.07636136674450851,10.855555555555556,4.636860221551709,0.022692344235096442
CSO-10-5A-JJSEMO-CorrEtiq.txt,40.0,24.727272727272727,34.5,4.863636363636363,6.863636363636363,1.8181818181818181,2.0,0.0,23.136363636363637,15.136363636363637,2.802214206522507,0.0885127250147013,7.818181818181818,3.685077023650611,0.027652597390410306
CSO-10-5A-JLCARI-CorrEtiq.txt,40.0,28.23170731707317,38.853658536585364,1.7682926829268293,4.317073170731708,0.573170731707317,2.548780487804878,0.6341463414634146,28.182926829268293,24.463414634146343,2.770459898279732,0.08970120659470615,9.012195121951219,3.949870399198006,0.0542862313861137
CSO-10-5A-MAARAN-CorrEtiq.txt,40.0,27.818181818181817,39.0,1.878787878787879,2.3181818181818183,0.09090909090909091,0.4393939393939394,1.2121212121212122,27.818181818181817,26.136363636363637,2.8079434741503704,0.09842286066423997,6.636363636363637,3.166276603345569,0.06693610494611059
CSO-10-5A-MAOSMO-CorrEtiq.txt,40.0,29.495495495495497,39.0,2.2522522522522523,3.234234234234234,0.0,0.9819819819819819,0.34234234234234234,29.495495495495497,26.792792792792792,2.659189999629377,0.08588714728213527,8.531531531531531,3.768986509970131,0.01675187771197226
CSO-10-5A-RVMOIB-CorrEtiq.txt,40.0,30.45664739884393,38.138728323699425,1.8323699421965318,2.5953757225433525,0.28901734104046245,0.7630057803468208,0.8439306358381503,29.884393063583815,22.947976878612717,2.512565004361733,0.07917470504697556,10.716763005780347,4.425490021832109,0.036418396289682034
CSO-10-5A-SVHEES-CorrEtiq.txt,40.0,28.69811320754717,38.515723270440255,1.1320754716981132,2.0440251572327046,2.1823899371069184,1.3144654088050314,0.6540880503144654,28.58490566037736,23.742138364779873,2.7008974431761748,0.08783153011913618,9.49056603773585,4.105756546094158,0.04470424078921646
CSO-11-5A-MDVOSPE-CorrEtiq.txt,40.0,28.008333333333333,39.0,2.9,3.8583333333333334,0.16666666666666666,0.9583333333333334,1.2333333333333334,28.008333333333333,24.958333333333332,2.801811812875564,0.09358546404912738,8.425,3.859927578506787,0.048660079597379745
CSO-11-5A-MTAGA-CorrEtiq.txt,40.0,28.884615384615383,35.282051282051285,0.2564102564102564,0.2564102564102564,1.205128205128205,0.0,0.7307692307692307,27.423076923076923,22.115384615384617,2.4474194857729983,0.08448208360297291,8.0,3.52499148950106,0.03722336495941699
CSO-11-6A-CAPAMU-CorrEtiq.txt,40.0,27.902173913043477,38.23913043478261,1.6141304347826086,2.5869565217391304,0.42391304347826086,0.9728260869565217,1.6195652173913044,27.70108695652174,23.91304347826087,2.7469912244437076,0.0944552380531577,8.375,3.668148996667488,0.10527550070064973
CSO-11-6A-DSCACH-CorrEtiq.txt,40.0,30.772727272727273,39.0,1.2424242424242424,1.606060606060606,0.19696969696969696,0.36363636363636365,0.25757575757575757,30.772727272727273,27.196969696969695,2.5445781870547877,0.08196904826378008,9.712121212121213,4.148517918469931,0.018226333626869057
CSO-11-6A-EROMO-CorrEtiq.txt,40.0,30.041666666666668,38.111111111111114,2.0694444444444446,2.8333333333333335,0.2708333333333333,0.7638888888888888,0.1736111111111111,27.98611111111111,25.145833333333332,2.5775443208021755,0.08310417158668051,8.625,3.868692294546076,0.00581617148283815
CSO-11-6A-FSOVRE-CorrEtiq.txt,40.0,29.008196721311474,36.59836065573771,2.278688524590164,3.4836065573770494,0.639344262295082,1.2049180327868851,0.7540983606557377,27.30327868852459,17.737704918032787,2.560760274238623,0.08189377388081374,10.180327868852459,4.202412901340183,0.040854285615877235
CSO-11-6B-ANREVA-CorrEtiq.txt,40.0,28.974358974358974,39.0,0.8461538461538461,1.5384615384615385,1.0,0.6923076923076923,0.10256410256410256,28.974358974358974,26.615384615384617,2.6995810221686196,0.09066055003189569,7.538461538461538,3.469348494905275,0.02610145239113606
CSO-11-6B-DISEMO-CorrEtiq.txt,40.0,29.333333333333332,33.0,1.0,1.0,0.0,0.0,0.0,29.333333333333332,9.0,2.250574712643678,0.07706622879036672,9.0,4.277394636015326,0.0
CSO-11-6B-LHFDLACH-CorrEtiq.txt,40.0,29.902985074626866,39.0,2.328358208955224,3.6791044776119404,0.582089552238806,1.3507462686567164,0.6865671641791045,29.902985074626866,23.544776119402986,2.620504763826183,0.0811134776014786,11.694029850746269,4.855266429989961,0.035356347606128484
CSO-11-6B-RJGIHE-CorrEtiq.txt,40.0,28.743589743589745,39.0,1.0256410256410255,0.5641025641025641,3.230769230769231,0.05128205128205128,1.0512820512820513,28.743589743589745,25.666666666666668,2.7164933406312715,0.08864684779804143,8.179487179487179,3.6872664650737157,0.0748979976114623
CSO-11-6B-SFLVA-CorrEtiq.txt,40.0,30.685714285714287,39.0,2.1142857142857143,3.0285714285714285,0.0,0.9142857142857143,0.34285714285714286,30.685714285714287,26.8,2.5475212947618795,0.07929509751097229,10.8,4.4976276235373644,0.034279126628198354
CSO-11-6B-VCOMA-CorrEtiq.txt,40.0,29.858024691358025,39.0,2.234567901234568,2.6666666666666665,0.48148148148148145,0.43209876543209874,0.9197530864197531,29.858024691358025,25.185185185185187,2.6286262361085875,0.08463638288143528,10.203703703703704,4.385785797718881,0.06501753590612695
CSO-12-6A-DGISE-CorrEtiq.txt,40.0,27.3,35.0,2.7,4.3,1.3,1.6,0.0,26.3,20.4,2.5655270655270654,0.08195685795685795,8.8,3.9423960113960113,0.0
CSO-12-6A-FJOVRE-CorrEtiq.txt,40.0,26.5968992248062,38.14728682170543,2.302325581395349,3.503875968992248,2.75968992248062,1.550387596899225,1.503875968992248,26.162790697674417,21.11627906976744,2.881298394204552,0.09487428113878954,9.62015503875969,3.996329273872898,0.0811473910529272
CSO-12-6B-GQULO-CorrEtiq.txt,40.0,29.81294964028777,39.0,1.2446043165467626,2.3453237410071943,0.9712230215827338,1.1007194244604317,1.079136690647482,29.81294964028777,21.73381294964029,2.6507408928346603,0.08560942570509847,11.122302158273381,4.580929176624921,0.08193733361677075
CSO-12-6B-LJHEFE-CorrEtiq.txt,40.0,30.01058201058201,38.80952380952381,1.8888888888888888,2.8518518518518516,1.0952380952380953,0.9629629629629629,0.9735449735449735,29.91005291005291,22.544973544973544,2.6086362257420426,0.0816245031952861,11.465608465608465,4.78046004288338,0.05446633756247538
CSO-12-7A-DALRE-CorrEtiq.txt,40.0,18.583333333333332,39.0,9.041666666666666,9.416666666666666,0.0,0.375,2.625,18.583333333333332,16.708333333333332,4.237423131134432,0.18462612450615545,5.0,2.4737109922384692,0.16436176351743073
CSO-12-7A-ESALA-CorrEtiq.txt,40.0,31.12162162162162,39.0,1.7432432432432432,1.7972972972972974,0.3918918918918919,0.05405405405405406,0.06756756756756757,31.12162162162162,28.2027027027027,2.514493961428464,0.07896135604659782,9.635135135135135,4.229693080798884,0.015913242782217566
CSO-12-7A-IMERO-CorrEtiq.txt,40.0,28.088,39.0,1.944,2.8,1.248,0.944,0.896,28.088,25.312,2.7941937857199037,0.09305616925734835,8.736,3.797057254915666,0.05970288911623461
CSO-12-7A-JHEZA-CorrEtiq.txt,40.0,27.08839779005525,39.0,3.298342541436464,4.3535911602209945,0.430939226519337,1.0552486187845305,0.7900552486187845,27.08839779005525,24.502762430939228,2.905497739784506,0.09802112345186736,7.795580110497237,3.614302010813734,0.049892844965555586
CSO-12-7A-LSARAR-CorrEtiq.txt,40.0,32.875,37.95,1.45,1.375,1.475,0.0,0.0,29.7,19.15,2.313104783946814,0.06718950568986148,11.725,5.139888983938004,0.0
CSO-12-7A-SCAHO-CorrEtiq.txt,40.0,29.38607594936709,38.43037974683544,2.3417721518987342,2.829113924050633,0.34177215189873417,0.4873417721518987,1.120253164556962,28.88607594936709,24.40506329113924,2.6298534583535673,0.08542738989627938,9.310126582278482,3.924662055463403,0.07181486581676713
CSO-12-7B-DVAGRO-CorrEtiq.txt,40.0,27.62264150943396,39.0,1.9245283018867925,3.0283018867924527,1.7264150943396226,1.1037735849056605,1.1320754716981132,27.62264150943396,25.38679245283019,2.8579564318488786,0.09536125392862348,8.160377358490566,3.745631063758464,0.08579931169853398
CSO-12-7B-SMUGU-CorrEtiq.txt,40.0,28.676056338028168,38.63380281690141,2.7464788732394365,2.6056338028169015,0.8732394366197183,0.22535211267605634,0.19718309859154928,28.281690140845072,25.169014084507044,2.70642525221588,0.08887486075257309,8.084507042253522,3.6350989997904546,0.025127612383083475
CSO-12-7B-SSARA-CorrEtiq.txt,40.0,29.74863387978142,39.0,1.9180327868852458,2.8688524590163933,0.1366120218579235,0.9508196721311475,1.010928961748634,29.74863387978142,25.12568306010929,2.6283049725576944,0.08464361579632343,9.775956284153006,4.211884347029712,0.04974000931758012
CSO-12-7B-VHOMA-CorrEtiq.txt,40.0,29.842105263157894,39.0,1.263157894736842,2.6315789473684212,0.2631578947368421,1.4947368421052631,1.431578947368421,29.842105263157894,26.51578947368421,2.6227492886157484,0.08460646711583425,9.631578947368421,4.140791628203664,0.08419043521444843
CSO-12-8A-YTOME-CorrEtiq.txt,40.0,29.138297872340427,39.0,1.297872340425532,3.5531914893617023,0.7978723404255319,2.25531914893617,1.446808510638298,29.138297872340427,25.47872340425532,2.6821498891409608,0.08486923904255218,8.585106382978724,3.955510886374701,0.10395809810030328
CSO-13-6A-ANASA-CorrEtiq.txt,40.0,31.48780487804878,38.0609756097561,0.9634146341463414,1.2926829268292683,0.17073170731707318,0.32926829268292684,0.9817073170731707,31.109756097560975,23.524390243902438,2.426913825377486,0.07711896705574221,10.414634146341463,4.364754166032384,0.05572769171382198
CSO-13-6B-JETAVE-CorrEtiq.txt,40.0,27.305555555555557,37.979166666666664,4.027777777777778,4.986111111111111,0.22916666666666666,0.9583333333333334,0.6944444444444444,26.958333333333332,23.1875,2.8191093979272406,0.09296711863263171,8.569444444444445,3.7376718007156478,0.046453155290067744
CSO-13-6B-LFMIES-CorrEtiq.txt,40.0,32.55555555555556,35.22222222222222,0.16666666666666666,1.3055555555555556,0.0,1.1388888888888888,0.027777777777777776,30.25,20.11111111111111,2.175472283763563,0.06680880727758795,10.166666666666666,4.32730399828603,0.008148232597997383
CSO-13-6B-LJMAHU-CorrEtiq.txt,40.0,28.612903225806452,36.87096774193548,1.7096774193548387,2.774193548387097,2.0,2.064516129032258,0.0,27.225806451612904,20.032258064516128,2.5835803295238513,0.08196062329113389,11.32258064516129,4.249119543580056,0.0
CSO-13-7A-CAPAMU-CorrEtiq.txt,40.0,28.908333333333335,38.358333333333334,1.2,2.35,0.375,1.15,1.3,28.841666666666665,24.983333333333334,2.6652789689329963,0.08944437787550778,8.366666666666667,3.6361603625189525,0.06293652081880817
CSO-13-7A-CDDITR-CorrEtiq.txt,40.0,28.38888888888889,39.0,1.037037037037037,2.3703703703703702,0.0,1.3333333333333333,1.5555555555555556,28.38888888888889,25.685185185185187,2.7583247095374768,0.0949544432604829,6.907407407407407,3.309306334243765,0.11064327219900702
CSO-13-7A-JJATFL-CorrEtiq.txt,40.0,28.59090909090909,36.04545454545455,2.772727272727273,2.8636363636363638,0.0,0.09090909090909091,0.4090909090909091,28.545454545454547,21.727272727272727,2.5207941483803555,0.08413170482136,9.636363636363637,4.108959750339061,0.02665447579240682
CSO-13-7A-RXCHLU-CorrEtiq.txt,40.0,24.957894736842107,39.0,4.631578947368421,6.315789473684211,0.0,1.6842105263157894,0.17894736842105263,24.957894736842107,22.91578947368421,3.1434998424688314,0.11070028934449357,6.978947368421053,3.2595080198010837,0.05417949549814538
CSO-13-7A-YAMEZA-CorrEtiq.txt,40.0,29.28228228228228,39.0,1.8288288288288288,2.4834834834834836,0.21021021021021022,0.6546546546546547,0.9669669669669669,29.28228228228228,25.48048048048048,2.678428212706441,0.08884901545750122,9.6006006006006,4.107100222624495,0.06481773764510644
CSO-13-8A-KIGAGU-CorrEtiq.txt,40.0,30.02469135802469,39.0,1.4074074074074074,1.5679012345679013,2.271604938271605,0.6296296296296297,1.4814814814814814,30.02469135802469,26.160493827160494,2.606352291000357,0.08136590669157719,10.061728395061728,4.321873539228248,0.06377622739270937
CSO-13-8A-MBUAN-CorrEtiq.txt,40.0,32.0,31.0,0.0,0.0,0.0,0.0,2.0,29.0,9.0,1.9375,0.0625,12.0,4.620689655172414,0.08444940476190477
CSO-13-8A-MGAAN-CorrEtiq.txt,40.0,30.867521367521366,38.337606837606835,1.6282051282051282,1.952991452991453,0.5042735042735043,0.3247863247863248,0.358974358974359,30.764957264957264,25.427350427350426,2.494658005392291,0.0784925240642671,10.153846153846153,4.353021274287068,0.01913981330216586
CSO-13-8A-MGAHE-CorrEtiq.txt,40.0,27.258426966292134,39.0,2.3707865168539324,3.842696629213483,0.21910112359550563,1.4719101123595506,0.6460674157303371,27.258426966292134,25.09550561797753,2.9029440947394405,0.09978165278960902,7.073033707865169,3.2604574736411367,0.04481480149366209
CSO-13-8A-MJAGA-CorrEtiq.txt,40.0,28.444444444444443,39.0,1.6319444444444444,2.4722222222222223,1.6805555555555556,1.3194444444444444,1.9513888888888888,28.444444444444443,24.416666666666668,2.7566386215734298,0.090290836613805,8.847222222222221,3.797002455292716,0.10739560573552193
CSO-13-8A-VHODU-CorrEtiq.txt,40.0,27.41732283464567,38.48031496062992,4.102362204724409,4.6299212598425195,0.0,0.5275590551181102,0.9133858267716536,27.41732283464567,24.8503937007874,2.8231222026754548,0.09487496056641792,8.464566929133857,3.7313431630970233,0.04053667082464521
CSO-13-8B-FCJISA-CorrEtiq.txt,40.0,31.370967741935484,38.62903225806452,1.3548387096774193,1.9516129032258065,0.0,0.5967741935483871,0.24193548387096775,31.370967741935484,26.919354838709676,2.4690788668119317,0.07743403384144046,9.870967741935484,4.266039856702038,0.019980730799894417
CSO-13-8B-JEMABE-CorrEtiq.txt,40.0,24.967741935483872,36.806451612903224,2.2580645161290325,4.354838709677419,0.22580645161290322,2.096774193548387,1.8709677419354838,20.806451612903224,18.161290322580644,2.9701978225400385,0.1098371287431596,6.0,2.855535099840438,0.1425641386232617
CSO-13-9B-DMLLLU-CorrEtiq.txt,40.0,26.96551724137931,33.758620689655174,0.5862068965517241,1.4137931034482758,2.2413793103448274,0.8275862068965517,0.8620689655172413,26.24137931034483,21.655172413793103,2.5058339951324493,0.08610269283277606,8.344827586206897,3.7355780107504244,0.040406143012167585
CSO-14-7B-EVEGO-CorrEtiq.txt,40.0,30.755102040816325,39.0,1.7074829931972788,2.2653061224489797,0.2653061224489796,0.5578231292517006,0.8503401360544217,30.755102040816325,25.428571428571427,2.552877999207811,0.08107757423894989,10.843537414965986,4.573107317009368,0.04862549536052196
CSO-14-8A-AQUMA-CorrEtiq.txt,40.0,28.688172043010752,38.225806451612904,2.139784946236559,2.5591397849462365,0.5268817204301075,0.41935483870967744,1.1505376344086022,28.301075268817204,22.301075268817204,2.689833325735848,0.09008157379124601,9.494623655913978,4.071016926687354,0.06331035961293749
CSO-14-8A-SZARA-CorrEtiq.txt,40.0,27.627118644067796,37.54237288135593,1.0847457627118644,3.135593220338983,0.0,2.0508474576271185,1.4915254237288136,27.220338983050848,23.71186440677966,2.725536459048271,0.09454926087372849,7.966101694915254,3.5146408729205136,0.07563520896875911
CSO-14-8B-JLLORA-CorrEtiq.txt,40.0,28.761904761904763,39.0,1.4285714285714286,1.4285714285714286,1.3492063492063493,0.0,0.9365079365079365,28.761904761904763,24.650793650793652,2.734027577042435,0.09298198058876092,9.634920634920634,4.0155072440421025,0.06629925434983398
CSO-14-9A-AEDCAGO-CorrEtiq.txt,40.0,30.9,38.542857142857144,0.9857142857142858,1.3785714285714286,0.2785714285714286,0.39285714285714285,0.14285714285714285,30.892857142857142,25.87142857142857,2.507803305397057,0.08075041602396693,9.664285714285715,4.198687071393808,0.012504702817834104
CSO-14-9A-HASACA-CorrEtiq.txt,40.0,28.368932038834952,38.71844660194175,3.0097087378640777,3.1067961165048543,0.44660194174757284,0.0970873786407767,0.46601941747572817,28.368932038834952,25.135922330097088,2.789131467902651,0.09428029496387562,9.048543689320388,3.995357441310341,0.04152607059097026
CSO-14-9A-JSMAAL-CorrEtiq.txt,40.0,30.591549295774648,39.0,0.8591549295774648,1.295774647887324,0.5492957746478874,0.43661971830985913,0.9295774647887324,30.591549295774648,24.943661971830984,2.576055561623621,0.08436702345234609,10.464788732394366,4.319263295115563,0.06388267504098448
CSO-14-9A-MARJA-CorrEtiq.txt,40.0,31.88372093023256,39.0,1.6511627906976745,1.6511627906976745,0.5930232558139535,0.0,1.0465116279069768,31.88372093023256,26.569767441860463,2.459412017061895,0.07563666837712023,11.05813953488372,4.632404210708812,0.05966147343954857
CSO-14-9A-SORZU-CorrEtiq.txt,40.0,26.0,37.55421686746988,3.0963855421686746,3.746987951807229,1.0843373493975903,0.6506024096385542,1.6746987951807228,24.14457831325301,20.59036144578313,2.9340472242449995,0.10395504644938665,6.9156626506024095,3.1437942334560036,0.12731811264032944
CSO-14-9B-ERAGA-CorrEtiq.txt,40.0,27.88607594936709,39.0,1.9240506329113924,2.151898734177215,1.2278481012658229,0.379746835443038,1.5316455696202531,27.88607594936709,25.481012658227847,2.809588456734125,0.09592361097022609,8.037974683544304,3.56932672704414,0.07506429203733082
CSO-14-9B-MFEGA-CorrEtiq.txt,40.0,29.38888888888889,39.0,1.8703703703703705,2.9537037037037037,0.9351851851851852,1.0833333333333333,0.3425925925925926,29.38888888888889,25.49074074074074,2.667252375785491,0.08481808179459557,9.083333333333334,3.9696272980099905,0.028822062674621757
CSO-15-10A-LJRAGU-CorrEtiq.txt,40.0,30.19254658385093,37.099378881987576,0.5403726708074534,1.9192546583850931,0.391304347826087,1.3788819875776397,0.7204968944099379,29.372670807453417,21.70807453416149,2.469002481004272,0.07980119237889817,9.956521739130435,4.171420712374346,0.039241443537768664
CSO-15-10A-MAARLO-CorrEtiq.txt,40.0,28.839285714285715,37.410714285714285,1.7321428571428572,2.732142857142857,1.7678571428571428,1.3571428571428572,1.6071428571428572,28.321428571428573,19.839285714285715,2.6121281148369664,0.08360827611634414,10.696428571428571,4.533014252956213,0.12101362517929863
CSO-15-10A-SFEGA-CorrEtiq.txt,40.0,30.333333333333332,37.27777777777778,1.2222222222222223,1.2222222222222223,1.5555555555555556,0.0,0.0,30.333333333333332,25.88888888888889,2.458674247105838,0.0776235794033347,11.333333333333334,4.778720330055147,0.0
CSO-15-10B-MEBUAR-CorrEtiq.txt,40.0,28.0,39.0,4.377777777777778,5.044444444444444,0.35555555555555557,0.6666666666666666,1.2222222222222223,28.0,23.1,2.810348459296473,0.09033192200539172,10.0,4.174356379351697,0.06304927336573951
CSO-15-10B-YVBUAN-CorrEtiq.txt,40.0,28.571428571428573,39.0,1.4047619047619047,1.9761904761904763,1.5238095238095237,0.5714285714285714,0.2857142857142857,28.571428571428573,26.452380952380953,2.7357773018983886,0.09084743568508598,8.452380952380953,3.8483868557516523,0.0358031457990407
CSO-15-10C-SSCAMO-CorrEtiq.txt,40.0,28.40552995391705,39.0,2.8617511520737327,2.8617511520737327,1.0737327188940091,0.0,1.6359447004608294,28.40552995391705,24.94930875576037,2.805988981074119,0.09422604106192103,9.373271889400922,4.1074034399125035,0.08349055043846684
CSO-15-11C-JETALO-CorrEtiq.txt,40.0,28.054945054945055,39.0,2.291208791208791,3.1868131868131866,0.5824175824175825,0.9340659340659341,2.0,28.054945054945055,24.296703296703296,2.791223191546169,0.09356855727966498,8.945054945054945,3.901656559244577,0.10003783457135886
CSO-15-7B-JCRAGA-CorrEtiq.txt,40.0,31.357142857142858,39.0,0.0,0.0,1.0714285714285714,0.0,0.8571428571428571,31.357142857142858,27.071428571428573,2.4913536685783626,0.0799553444595555,8.214285714285714,3.551863284498752,0.03275263694201403
CSO-15-8A-VBMABR-CorrEtiq.txt,40.0,26.632911392405063,39.0,2.670886075949367,3.151898734177215,0.6582278481012658,0.4810126582278481,0.46835443037974683,26.632911392405063,25.21518987341772,2.9422485442028834,0.10415922219539397,6.886075949367089,3.2547801561661087,0.04174066409683728
CSO-15-8B-KEPOGO-CorrEtiq.txt,40.0,29.166666666666668,39.0,1.6153846153846154,2.41025641025641,0.25,0.7948717948717948,1.0064102564102564,29.166666666666668,26.82051282051282,2.693917585452297,0.08986241035876924,8.435897435897436,3.795375849644204,0.056864289991929266
CSO-15-9B-ALRIHE-CorrEtiq.txt,40.0,30.685714285714287,39.0,1.4071428571428573,1.6785714285714286,0.5428571428571428,0.2714285714285714,0.55,30.685714285714287,26.814285714285713,2.5586604028623956,0.08218798850869383,9.32857142857143,4.0959958527373725,0.026519163138030592
CSO-15-9B-AMSAGO-CorrEtiq.txt,40.0,30.516129032258064,39.0,2.6451612903225805,3.129032258064516,0.0,0.4838709677419355,0.0,30.516129032258064,25.258064516129032,2.5618239008291575,0.08010015175100037,11.32258064516129,4.635815336331591,0.009587058955532888
CSO-15-9B-JCAPA-CorrEtiq.txt,40.0,28.149122807017545,38.24561403508772,2.6228070175438596,3.6228070175438596,0.6842105263157895,1.0,1.5175438596491229,27.18421052631579,24.035087719298247,2.7306441156527996,0.08929359917894937,8.903508771929825,3.860262134733235,0.09349366649605602
CSO-15-9B-KSBEJA-CorrEtiq.txt,40.0,28.1123595505618,36.348314606741575,2.0898876404494384,2.146067415730337,0.4943820224719101,0.056179775280898875,1.4831460674157304,27.213483146067414,21.06741573033708,2.5985519611212586,0.08959023391692296,9.820224719101123,3.919207862456638,0.09393792589714861
CSO-15-9B-RMCHLU-CorrEtiq.txt,40.0,28.802325581395348,39.0,1.686046511627907,2.313953488372093,0.0,0.627906976744186,0.37209302325581395,28.802325581395348,26.430232558139537,2.721760748115451,0.09285907789700763,7.662790697674419,3.528170763626341,0.0269429366472562
CSO-15-9B-SJAGRO-CorrEtiq.txt,40.0,31.90909090909091,39.0,1.946969696969697,2.1742424242424243,0.14393939393939395,0.22727272727272727,0.07575757575757576,31.90909090909091,24.734848484848484,2.457682327235749,0.075261978632529,11.727272727272727,4.831681060908952,0.002778723292836196
CSO-16-10A-MSACO-CorrEtiq.txt,40.0,31.0,39.0,3.0,3.0,0.0,0.0,1.0,31.0,21.75,2.5161290322580645,0.07741935483870968,14.0,5.340322580645161,0.05376344086021505
CSO-16-10A-YKMUJO-CorrEtiq.txt,40.0,27.9,39.0,0.9,2.9,0.0,2.0,0.0,27.9,25.5,2.799671592775041,0.09646948198672337,7.0,3.307328477397443,0.0
CSO-16-10B-JESUGU-CorrEtiq.txt,40.0,29.607142857142858,38.67857142857143,0.75,0.75,0.875,0.0,0.8214285714285714,29.607142857142858,26.053571428571427,2.615397765752575,0.08779149977257002,8.464285714285714,3.8362223195420797,0.047356028083475034
CSO-16-10B-LTVIFA-CorrEtiq.txt,40.0,30.894736842105264,39.0,0.7894736842105263,1.4736842105263157,0.0,0.6842105263157895,1.9210526315789473,30.894736842105264,28.36842105263158,2.526464146765944,0.0813897134128678,10.289473684210526,4.266608947348145,0.10659586476197402
CSO-16-10B-VVILI-CorrEtiq.txt,40.0,31.862385321100916,39.0,0.7339449541284404,1.4678899082568808,0.5504587155963303,0.7339449541284404,0.0,31.862385321100916,27.522935779816514,2.4576343852291838,0.0759248138194404,10.20183486238532,4.375544575137237,0.0
CSO-16-10C-ACALGU-CorrEtiq.txt,40.0,28.566037735849058,38.075471698113205,1.880503144654088,2.358490566037736,0.24528301886792453,0.4779874213836478,1.6226415094339623,28.465408805031448,23.735849056603772,2.680230344095894,0.09117484501790067,8.628930817610064,3.7121169425654617,0.08985913843085781
CSO-16-10C-MAVAVE-CorrEtiq.txt,40.0,29.81132075471698,39.0,1.2641509433962264,1.9339622641509433,0.0,0.6698113207547169,0.5660377358490566,29.81132075471698,26.88679245283019,2.6216435545138035,0.08676904409151456,8.81132075471698,3.82793329287639,0.0474786414926206
CSO-16-11A-JAVABO-CorrEtiq.txt,40.0,29.327272727272728,39.0,0.8545454545454545,1.8727272727272728,0.2545454545454545,1.018181818181818,1.3636363636363635,29.327272727272728,25.963636363636365,2.66430556603818,0.08920145800143182,8.418181818181818,3.707603199771488,0.07219910249528678
CSO-16-11A-JDMUVA-CorrEtiq.txt,40.0,31.639705882352942,39.0,0.5073529411764706,1.25,0.3602941176470588,0.7426470588235294,0.11029411764705882,31.639705882352942,28.53676470588235,2.4679766925634055,0.07736895080583137,9.625,4.133404268675552,0.005890508351560869
CSO-16-11A-VZAOR-CorrEtiq.txt,40.0,30.25,39.0,2.919642857142857,3.5982142857142856,0.29464285714285715,0.6785714285714286,1.0982142857142858,30.25,25.607142857142858,2.5872740440515036,0.07986102189022129,11.133928571428571,4.651077225849915,0.05956288155823953
CSO-16-11B-KRORE-CorrEtiq.txt,40.0,29.867924528301888,39.0,1.7641509433962264,1.9622641509433962,0.18867924528301888,0.19811320754716982,1.2641509433962264,29.867924528301888,26.18867924528302,2.6421106953192006,0.08756823509567581,9.00943396226415,3.929125661450357,0.060164453106602435
CSO-16-11B-LLOZA-CorrEtiq.txt,40.0,31.3125,38.34722222222222,0.9305555555555556,1.7777777777777777,0.0,0.8472222222222222,1.1180555555555556,31.15972222222222,24.90972222222222,2.4778566478561435,0.07898933286114804,11.069444444444445,4.566579906886937,0.061566461867170325
CSO-16-11B-YAROMO-CorrEtiq.txt,40.0,29.63876651982379,38.3215859030837,2.5330396475770924,2.8854625550660793,0.2599118942731278,0.3524229074889868,0.6387665198237885,29.449339207048457,24.90308370044053,2.6085874334512975,0.08442758247212033,9.859030837004406,4.222973058566201,0.03294872512283454
CSO-16-9A-JALEMO-CorrEtiq.txt,40.0,31.262032085561497,39.0,1.914438502673797,2.5614973262032086,0.5508021390374331,0.6470588235294118,0.5882352941176471,31.262032085561497,27.22459893048128,2.5073260184646795,0.07665068344351904,10.705882352941176,4.576558163946274,0.02948556097867226
CSO-16-9A-JPROSO-CorrEtiq.txt,40.0,30.13425925925926,39.0,1.5740740740740742,2.1712962962962963,0.7407407407407407,0.7175925925925926,0.8657407407407407,30.13425925925926,25.77777777777778,2.602492263141341,0.08331572579811175,9.958333333333334,4.279425836995287,0.058292151070615854
CSO-16-9A-JSMAGU-CorrEtiq.txt,40.0,28.210526315789473,39.0,3.0350877192982457,3.6140350877192984,0.3684210526315789,0.6929824561403509,0.7543859649122807,28.210526315789473,25.68421052631579,2.79991987533618,0.09305343242079059,8.526315789473685,3.765305586906334,0.0344623992837162
CSO-16-9B-SJPAJI-CorrEtiq.txt,40.0,24.0,38.642857142857146,1.1428571428571428,2.142857142857143,1.5,1.0,2.0,23.785714285714285,22.428571428571427,3.226619684663163,0.12742829634133981,7.0,2.8965415019762846,0.08815285077241598
CSO-17-10A-YVGOCA-CorrEtiq.txt,40.0,32.5625,38.25,0.8125,0.8125,0.7708333333333334,0.0,0.020833333333333332,31.4375,26.9375,2.3541013790658005,0.07172844516594516,10.416666666666666,4.4638731904605855,0.0009408602150537634
CSO-17-10B-EHECO-CorrEtiq.txt,40.0,31.0,36.83098591549296,1.4788732394366197,1.591549295774648,0.0,0.11267605633802817,1.0422535211267605,29.830985915492956,24.211267605633804,2.386676412883763,0.07659047849495812,8.887323943661972,3.885866546454602,0.04811004453637574
CSO-17-10B-YCQUVE.txt,40.0,29.201342281879196,36.033557046979865,1.3154362416107384,2.563758389261745,0.5503355704697986,1.2483221476510067,0.7315436241610739,27.97986577181208,19.449664429530202,2.4861967866110186,0.08118770647336415,11.020134228187919,4.496486461048022,0.04344748829569369
CSO-17-11A-DJAPA-CorrEtiq.txt,40.0,24.323529411764707,36.588235294117645,1.2647058823529411,2.264705882352941,0.29411764705882354,1.0,1.7647058823529411,22.852941176470587,20.264705882352942,3.0381083790634897,0.12344574811899973,6.647058823529412,2.973601208321039,0.07114896474676038
CSO-17-11A-JDAMO-CorrEtiq.txt,40.0,28.424242424242426,39.0,1.696969696969697,1.696969696969697,0.0,0.0,0.2727272727272727,28.424242424242426,25.87878787878788,2.75799071144733,0.09711682662727301,7.454545454545454,3.348709039969337,0.03286238834586205
CSO-17-11A-NPAHE-CorrEtiq.txt,40.0,27.8,39.0,2.152,4.24,0.704,2.088,1.2,27.8,24.368,2.827844410457889,0.09294224640603771,8.592,3.7832403065493225,0.08014403869715002
CSO-17-11A-RLPAIG-CorrEtiq.txt,40.0,28.036585365853657,39.0,1.7926829268292683,2.5853658536585367,0.9878048780487805,0.7926829268292683,1.7317073170731707,28.036585365853657,25.463414634146343,2.795689679934301,0.09459288775582832,8.097560975609756,3.5792488949258443,0.10444973023418812
CSO-17-11A-SPUVA-CorrEtiq.txt,40.0,27.98148148148148,39.0,4.055555555555555,3.185185185185185,2.574074074074074,0.2962962962962963,0.7222222222222222,27.98148148148148,22.51851851851852,2.7966003361890768,0.08849432540189761,11.25925925925926,4.796143451445948,0.06122519720378305
CSO-17-11B-CDBEBU-CorrEtiq.txt,40.0,27.59016393442623,34.39344262295082,1.7540983606557377,3.2459016393442623,0.0,1.4918032786885247,1.180327868852459,27.049180327868854,13.39344262295082,2.52477153029641,0.08800336591969135,12.491803278688524,4.9542188352798,0.09733626628708958
CSO-17-11C-JDAAG-CorrEtiq.txt,40.0,30.091666666666665,39.0,1.6666666666666667,2.8583333333333334,0.0,1.1916666666666667,0.775,30.091666666666665,26.891666666666666,2.603679806401949,0.08333289883195824,9.825,4.1445892810774785,0.04246676536499882
CSO-17-11C-MAPAMA-CorrEtiq.txt,40.0,29.722627737226276,38.4014598540146,1.1824817518248176,2.0437956204379564,0.5693430656934306,0.8613138686131386,0.7591240875912408,29.525547445255473,25.73722627737226,2.592650165826891,0.08457697389771145,8.978102189781023,3.9733036363514875,0.0335178896470913
CSO-17-11C-MCAAG-CorrEtiq.txt,40.0,32.388297872340424,39.0,0.7287234042553191,1.702127659574468,0.2074468085106383,0.973404255319149,0.4308510638297872,32.388297872340424,26.180851063829788,2.419604331533031,0.07383499386349689,12.138297872340425,4.990619770247496,0.025123232861904564
CSO-17-11C-SARJA-CorrEtiq.txt,40.0,30.245098039215687,39.0,1.7156862745098038,2.0,0.0,0.28431372549019607,0.8627450980392157,30.245098039215687,25.53921568627451,2.5992829194043883,0.08543027206928576,10.676470588235293,4.381664572240268,0.03959118413967209
CSO-18-11A-ADBAHO-CorrEtiq.txt,40.0,30.555555555555557,39.0,0.9,1.1666666666666667,0.43333333333333335,0.26666666666666666,0.9222222222222223,30.555555555555557,26.633333333333333,2.556493810403792,0.0831638112974129,9.677777777777777,4.175709284804421,0.04398875738353153
CSO-18-11B-YLLRE-CorrEtiq.txt,40.0,31.04054054054054,39.0,1.3108108108108107,2.0,0.17567567567567569,0.6891891891891891,1.1261261261261262,31.04054054054054,25.81981981981982,2.5376716804349537,0.08053645379829995,10.59009009009009,4.482758963078651,0.06533104433295661
CSO-18-9B-MAMOLO-CorrEtiq.txt,40.0,26.772036474164135,38.53191489361702,4.279635258358662,5.2097264437689965,1.878419452887538,1.0577507598784195,1.060790273556231,26.480243161094226,21.80851063829787,2.914227772443871,0.09317376707538616,9.680851063829786,4.112931880072978,0.06629602214533746
CSO-8-3A-DAPAVA-CorrEtiq.txt,40.0,29.114427860696516,37.850746268656714,1.6567164179104477,2.4079601990049753,1.4776119402985075,0.9800995024875622,1.208955223880597,28.880597014925375,22.90049751243781,2.618961842867096,0.0845959039301755,10.139303482587065,4.364995317178459,0.07094561683943137
CSO-8-3A-KVPECO-CorrEtiq.txt,40.0,27.46153846153846,32.53846153846154,2.4615384615384617,4.846153846153846,1.0,2.3846153846153846,0.0,25.076923076923077,5.6923076923076925,2.373527635543551,0.07355123508969662,13.76923076923077,5.635623886900692,0.0
CSO-8-4A-ARAGR-CorrEtiq.txt,40.0,27.07843137254902,37.96078431372549,3.6470588235294117,3.6470588235294117,0.0,0.0,0.3137254901960784,26.764705882352942,22.352941176470587,2.8201118659468896,0.09842674403658618,7.686274509803922,3.5110424441350156,0.0241296777413523
CSO-9-2A-EXMOCO-CorrEtiq.txt,40.0,29.69724770642202,37.31192660550459,1.981651376146789,2.55045871559633,0.7706422018348624,0.5688073394495413,0.30275229357798167,29.486238532110093,22.954128440366972,2.525240268862362,0.08057251165197303,10.220183486238533,4.48645524274302,0.02794862255739494
CSO-9-4A-AGAPE-CorrEtiq.txt,40.0,30.365671641791046,39.0,1.8507462686567164,2.7313432835820897,0.582089552238806,0.8805970149253731,0.4925373134328358,30.365671641791046,26.94776119402985,2.57984287128333,0.08077294973657848,10.64179104477612,4.445901608175184,0.030764894003105402
CSO-9-4A-DKVIMO-CorrEtiq.txt,40.0,26.693877551020407,39.0,1.1428571428571428,1.9387755102040816,0.5102040816326531,0.7959183673469388,1.2448979591836735,26.693877551020407,24.591836734693878,2.947681008692978,0.10926063740348171,7.142857142857143,3.23228847433313,0.07002126308291944
CSO-9-4A-DSMOMU-CorrEtiq.txt,40.0,30.36036036036036,39.0,1.1711711711711712,2.369369369369369,0.4954954954954955,1.1981981981981982,1.2882882882882882,30.36036036036036,25.513513513513512,2.5784813054050115,0.08177526932052659,9.846846846846846,4.167361967908599,0.07435390841783748
CSO-9-4A-DVGATO-CorrEtiq.txt,40.0,28.717391304347824,39.0,2.2028985507246377,3.760869565217391,1.2318840579710144,1.7391304347826086,1.181159420289855,28.717391304347824,21.92753623188406,2.730138897441682,0.08632988962729597,10.44927536231884,4.326984165724955,0.0742491501600776
CSO-9-4A-EGCAMO-CorrEtiq.txt,40.0,29.87719298245614,39.0,0.38596491228070173,0.42105263157894735,0.6842105263157895,0.19298245614035087,0.0,29.87719298245614,27.92982456140351,2.62303347272917,0.08887934315682267,7.754385964912281,3.55006609349748,0.0
CSO-9-4A-FAGIGA-CorrEtiq.txt,40.0,28.207792207792206,39.0,2.9740259740259742,4.3896103896103895,0.6103896103896104,1.4155844155844155,0.6493506493506493,28.207792207792206,23.818181818181817,2.7775441081325325,0.08927994631839452,9.2987012987013,4.053552294007345,0.034501141899513484
CSO-9-4A-GSBRCO-CorrEtiq.txt,40.0,28.046511627906977,39.0,3.0,2.744186046511628,1.627906976744186,0.046511627906976744,1.2790697674418605,28.046511627906977,26.13953488372093,2.7923169698418033,0.09176942348229454,9.023255813953488,3.8396972534899017,0.042105678470859664
CSO-9-4A-KEMOCO-CorrEtiq.txt,40.0,26.666666666666668,38.0,2.0476190476190474,2.0476190476190474,1.0476190476190477,0.0,1.7619047619047619,26.666666666666668,22.0,2.855689865689866,0.10248626689620478,9.095238095238095,3.8271715072750268,0.08702009483755516
CSO-9-4A-LCOMO-CorrEtiq.txt,40.0,16.756756756756758,39.0,9.45945945945946,9.513513513513514,3.324324324324324,0.6216216216216216,0.7837837837837838,16.756756756756758,15.783783783783784,4.725028163340856,0.2025017280435237,4.513513513513513,2.3296256268392495,0.12358924447104455
CSO-9-4A-MLORO-CorrEtiq.txt,40.0,25.90625,38.46875,2.1875,4.375,1.15625,2.53125,1.9375,24.5,22.625,2.977606516872821,0.10296255023157197,6.875,3.1136586985457124,0.13217465653810762
CSO-9-4A-MPAME-CorrEtiq.txt,40.0,28.61904761904762,39.0,0.8571428571428571,2.380952380952381,3.6666666666666665,1.5238095238095237,0.0,28.61904761904762,20.142857142857142,2.7287608554730753,0.08352049121687344,10.952380952380953,4.506104389535715,0.04094030460204516
CSO-9-4A-NSARPA-CorrEtiq.txt,40.0,29.65,36.7,1.75,2.525,0.0,0.775,1.45,25.975,20.875,2.48984220381954,0.08155445930856109,8.35,3.644330588638023,0.07063262805768368
CSO-9-4A-SLOCA-CorrEtiq.txt,40.0,24.18,39.0,3.62,4.46,3.46,1.98,0.76,24.18,21.86,3.2338305665349143,0.11126609750957578,7.16,3.258323208514513,0.03562657626324293
