file,wc,nodes,edges,re,pe,l1,l2,l3,lcc,lsc,atd,density,diameter,asp,cc
CDMS-10-4A-JURAN-CorrEtiq.txt,20.0,16.565891472868216,19.0,0.5426356589147286,1.1705426356589148,0.29457364341085274,0.627906976744186,0.3953488372093023,16.565891472868216,9.310077519379846,2.310320759192168,0.13824345082895015,9.7984496124031,4.093888436438296,0.05447215924104109
CDMS-10-5A-HEPIHO-CorrEtiq.txt,20.0,16.203389830508474,18.508474576271187,0.5254237288135594,0.6779661016949152,0.0,0.15254237288135594,0.3305084745762712,15.864406779661017,11.220338983050848,2.3018347430236763,0.14750753705140546,7.6440677966101696,3.3662994382900457,0.04459299781769872
CDMS-10-5A-KSRAGU-CorrEtiq.txt,20.0,16.04040404040404,19.0,0.5757575757575758,0.898989898989899,0.6363636363636364,0.32323232323232326,0.5555555555555556,16.04040404040404,10.767676767676768,2.4093643086958596,0.15033449583360456,8.808080808080808,3.78123027035683,0.08156009809459946
CDMS-10-5A-SROPU-CorrEtiq.txt,20.0,16.805194805194805,19.0,0.7792207792207793,1.2532467532467533,0.2857142857142857,0.474025974025974,0.2077922077922078,16.805194805194805,8.688311688311689,2.2963539611648853,0.13479707203924163,10.363636363636363,4.304212208578237,0.04367370001409143
CDMS-10-5A-SZURO-CorrEtiq.txt,20.0,16.47826086956522,18.347826086956523,0.5652173913043478,0.6521739130434783,0.0,0.08695652173913043,0.0,15.391304347826088,10.347826086956522,2.242249218527991,0.14109020419762108,7.869565217391305,3.357590037129679,0.014371980676328501
CDMS-10-5B-SRAJA-CorrEtiq.txt,20.0,16.045454545454547,19.0,0.7727272727272727,1.1590909090909092,0.23295454545454544,0.38636363636363635,0.8125,16.045454545454547,8.948863636363637,2.3941381739175855,0.1497002485915904,9.488636363636363,3.9134508405349067,0.09904040613454312
CDMS-10-5C-DAAUSA-CorrEtiq.txt,20.0,16.251851851851853,19.0,0.837037037037037,1.1111111111111112,0.11851851851851852,0.2740740740740741,0.562962962962963,16.251851851851853,10.74074074074074,2.371879841291606,0.14726015330590492,8.414814814814815,3.6250432869885914,0.06576216063852229
CDMS-10-5C-ICAPA-CorrEtiq.txt,20.0,15.969696969696969,17.87878787878788,0.06060606060606061,0.3333333333333333,1.303030303030303,0.2727272727272727,0.09090909090909091,15.787878787878787,7.393939393939394,2.2565785521667876,0.13867978426801958,9.090909090909092,3.856355595442283,0.008545008912655971
CDMS-10-5C-JFALGI-CorrEtiq.txt,20.0,17.61904761904762,19.0,0.0,0.0,0.0,0.0,0.3333333333333333,17.61904761904762,11.206349206349206,2.1621796866894907,0.13082010582010584,8.984126984126984,3.833726609552203,0.03453607238866957
CDMS-10-5C-MAORTO-CorrEtiq.txt,20.0,17.555555555555557,17.333333333333332,0.5555555555555556,0.5555555555555556,0.0,0.0,0.0,16.333333333333332,6.888888888888889,1.9850389863547757,0.11676358652622842,8.777777777777779,3.728042328042328,0.0
CDMS-10-5C-NBEMO-CorrEtiq.txt,20.0,16.776315789473685,17.17105263157895,0.039473684210526314,0.6447368421052632,0.5,0.6052631578947368,0.2236842105263158,13.973684210526315,6.592105263157895,2.059778913873952,0.12262470546852165,8.921052631578947,3.7508583972786758,0.022768317853457173
CDMS-10-6B-ASCACO-CorrEtiq.txt,20.0,15.850467289719626,18.570093457943926,0.616822429906542,1.4018691588785046,0.7102803738317757,0.7850467289719626,0.3644859813084112,15.514018691588785,10.158878504672897,2.363246000532971,0.14196638679871226,8.355140186915888,3.656854202897431,0.043754755796399564
CDMS-10-6B-JJMOBE-CorrEtiq.txt,20.0,16.84375,17.90625,0.1875,0.1875,0.0,0.0,0.0,15.96875,11.5625,2.132878880718954,0.13392200630252102,7.6875,3.332892622298582,0.002573529411764706
CDMS-11-4A-GACHSA-CorrEtiq.txt,20.0,16.52413793103448,18.482758620689655,0.5793103448275863,1.2,0.1724137931034483,0.6206896551724138,0.11724137931034483,15.4,9.144827586206896,2.2693732563061055,0.13820070360584932,8.648275862068965,3.693884530591054,0.013209624256422288
CDMS-11-5A-EAARCA-CorrEtiq.txt,20.0,17.02906976744186,19.0,0.4186046511627907,0.8430232558139535,0.4418604651162791,0.5290697674418605,0.5,17.02906976744186,9.511627906976743,2.2479044524786658,0.13168475531316629,10.168604651162791,4.2149040379105545,0.05809867330585165
CDMS-11-5A-MGTHAR-CorrEtiq.txt,20.0,17.161616161616163,18.747474747474747,0.18181818181818182,0.32323232323232326,0.4444444444444444,0.1414141414141414,0.32323232323232326,16.393939393939394,10.343434343434344,2.195001367550387,0.13127348800723412,9.01010101010101,3.8935852693240816,0.038256663495925866
CDMS-11-6A-DFVEBE-CorrEtiq.txt,20.0,15.465116279069768,19.0,0.5813953488372093,1.0,0.5581395348837209,0.4186046511627907,1.1162790697674418,15.465116279069768,8.418604651162791,2.4671986624107007,0.15762303132344171,8.651162790697674,3.701995359861297,0.1526530302043298
CDMS-11-6A-NMREPR-CorrEtiq.txt,20.0,16.646464646464647,19.0,0.7575757575757576,0.8787878787878788,0.7070707070707071,0.12121212121212122,0.6262626262626263,16.646464646464647,7.575757575757576,2.3112931549206057,0.13647469375023555,10.797979797979798,4.390395404198293,0.06761291707757136
CDMS-11-6B-ARAHE-CorrEtiq.txt,20.0,15.621052631578948,19.0,1.331578947368421,1.231578947368421,0.9947368421052631,0.3736842105263158,0.47368421052631576,15.621052631578948,9.821052631578947,2.4977893236794166,0.15371654145647953,8.773684210526316,3.757477878792039,0.05733238649005718
CDMS-11-6B-AVROTO-CorrEtiq.txt,20.0,16.834586466165412,19.0,0.3308270676691729,0.5338345864661654,0.2857142857142857,0.2706766917293233,0.5037593984962406,16.834586466165412,10.984962406015038,2.288175499619551,0.14131862347893911,9.488721804511279,4.013059841452029,0.057237680947322706
CDMS-11-6B-EAFESA-CorrEtiq.txt,20.0,17.119266055045873,19.0,0.3669724770642202,0.5504587155963303,0.8715596330275229,0.1834862385321101,0.0,17.119266055045873,8.477064220183486,2.2364543982730707,0.12991725234461055,11.403669724770642,4.602871262038473,0.0018239405854084754
CDMS-11-6B-EFRGR-CorrEtiq.txt,20.0,16.137254901960784,19.0,0.6519607843137255,0.8284313725490197,0.9411764705882353,0.2647058823529412,0.29411764705882354,16.137254901960784,9.901960784313726,2.3758672347772696,0.14407833195053193,9.294117647058824,3.9404989735302975,0.038711670188437367
CDMS-11-6B-EROCO-CorrEtiq.txt,20.0,16.493150684931507,18.84931506849315,0.4520547945205479,0.6986301369863014,1.2465753424657535,0.4931506849315068,0.6575342465753424,16.328767123287673,8.068493150684931,2.31865514734169,0.13554225343105278,10.616438356164384,4.348661301424353,0.07562189235839517
CDMS-11-6B-JACUPE-CorrEtiq.txt,20.0,13.947368421052632,18.610526315789475,0.9842105263157894,1.5736842105263158,1.4631578947368422,0.8105263157894737,0.4263157894736842,13.76842105263158,9.694736842105263,2.7057511717728433,0.17748911649066448,6.6947368421052635,3.0062366417552173,0.060761774774932664
CDMS-11-6B-JDCHBA-CorrEtiq.txt,20.0,15.866279069767442,18.569767441860463,0.6744186046511628,0.9011627906976745,0.6627906976744186,0.22674418604651161,1.1104651162790697,15.377906976744185,9.331395348837209,2.3676033382941726,0.1478384682912547,8.534883720930232,3.6358923196046997,0.11732706320453047
CDMS-11-6B-JFSAHE-CorrEtiq.txt,20.0,17.42105263157895,19.0,0.40789473684210525,0.6973684210526315,0.125,0.2894736842105263,0.18421052631578946,17.42105263157895,10.947368421052632,2.1958665044965353,0.12922413052158857,10.05921052631579,4.253649588964075,0.02218029755761954
CDMS-11-6B-JLPENA-CorrEtiq.txt,20.0,16.387755102040817,16.836734693877553,0.2653061224489796,0.4489795918367347,0.7755102040816326,0.1836734693877551,0.1326530612244898,13.357142857142858,7.204081632653061,2.108429213212179,0.1302073401349954,7.887755102040816,3.4370763723404782,0.024713042420875554
CDMS-11-6B-JMARME-CorrEtiq.txt,20.0,16.833333333333332,18.73758865248227,0.3191489361702128,0.8226950354609929,0.4326241134751773,0.5035460992907801,0.30851063829787234,16.50709219858156,9.060283687943262,2.24395549871062,0.13335016053875154,9.843971631205674,4.1256798346425185,0.039685625245494495
CDMS-11-6B-JPSAMA-CorrEtiq.txt,20.0,17.445945945945947,19.0,0.0,0.43243243243243246,0.25675675675675674,0.43243243243243246,0.4594594594594595,17.445945945945947,8.716216216216216,2.1917329093799682,0.12969310531230036,10.64864864864865,4.4088058480860335,0.05747211995277011
CDMS-11-6B-LESTA-CorrEtiq.txt,20.0,16.727272727272727,17.173553719008265,0.32231404958677684,0.5785123966942148,0.38016528925619836,0.256198347107438,0.256198347107438,14.388429752066116,7.958677685950414,2.068791969671508,0.12590118000334719,8.454545454545455,3.6486307692682587,0.023743072880773413
CDMS-11-6B-MAGIMU-CorrEtiq.txt,20.0,16.555555555555557,19.0,0.4444444444444444,0.4444444444444444,1.6666666666666667,0.0,0.0,16.555555555555557,8.0,2.3029048656499636,0.13236331569664903,11.333333333333334,4.485511982570806,0.0
CDMS-11-6B-MEBRTA-CorrEtiq.txt,20.0,16.322314049586776,19.0,0.9586776859504132,0.9090909090909091,1.256198347107438,0.47107438016528924,0.15702479338842976,16.322314049586776,7.917355371900826,2.3757871861299185,0.1396556007198742,10.661157024793388,4.407976548195442,0.03616293250635547
CDMS-11-6B-MMAMO-CorrEtiq.txt,20.0,16.57487922705314,19.0,0.5314009661835749,0.7729468599033816,0.391304347826087,0.24154589371980675,0.3526570048309179,16.57487922705314,10.545893719806763,2.3140634861649354,0.14110228677577358,9.454106280193237,3.958142676560364,0.04272956416143401
CDMS-11-6B-RSECA-CorrEtiq.txt,20.0,17.704225352112676,19.0,0.19718309859154928,0.6338028169014085,0.2676056338028169,0.43661971830985913,0.3380281690140845,17.704225352112676,8.943661971830986,2.168206170153146,0.1251597569327478,11.67605633802817,4.7051919252808805,0.03106527551432274
CDMS-11-6B-SCAPA-CorrEtiq.txt,20.0,17.516393442622952,19.0,0.4098360655737705,0.4098360655737705,0.0,0.0,0.6147540983606558,17.516393442622952,9.844262295081966,2.1862079257932683,0.13090682889381056,10.524590163934427,4.360124531992394,0.07683973658967949
CDMS-11-6B-VZAPE-CorrEtiq.txt,20.0,16.325757575757574,19.0,0.0,0.6818181818181818,1.121212121212121,0.6818181818181818,0.3106060606060606,16.325757575757574,10.31060606060606,2.349340923237982,0.14049740607403147,8.893939393939394,3.8473038012898693,0.04139895983645984
CDMS-11-6B-YLNIME-CorrEtiq.txt,20.0,17.486486486486488,19.0,0.14864864864864866,0.3918918918918919,0.0,0.24324324324324326,0.35135135135135137,17.486486486486488,10.702702702702704,2.1861133192015543,0.13116908925732454,9.945945945945946,4.132579112726171,0.033002119766825655
CDMS-11-7C-ICARE-CorrEtiq.txt,20.0,16.178571428571427,19.0,0.4107142857142857,1.0357142857142858,0.0,0.625,0.9464285714285714,16.178571428571427,12.089285714285714,2.359342486994798,0.14816570859112876,7.964285714285714,3.5211827359148784,0.09245101512827354
CDMS-11-7C-IMOIB-CorrEtiq.txt,20.0,17.111801242236027,19.0,0.18012422360248448,0.453416149068323,0.0,0.2732919254658385,0.4472049689440994,17.111801242236027,11.347826086956522,2.229629387987079,0.1361387810419597,9.055900621118013,3.8645520333346033,0.05846831849589932
CDMS-11-7C-SALMA-CorrEtiq.txt,20.0,16.3953488372093,19.0,0.5930232558139535,0.8023255813953488,0.12790697674418605,0.20930232558139536,0.0,16.3953488372093,11.604651162790697,2.3274618374481575,0.14480253938188276,8.116279069767442,3.5818398826435764,0.03575499967428832
CDMS-11-7C-SPGAVE-CorrEtiq.txt,20.0,16.741935483870968,17.451612903225808,0.08064516129032258,0.3870967741935484,0.5967741935483871,0.3064516129032258,0.6774193548387096,15.709677419354838,6.096774193548387,2.105007525625722,0.12728520078964503,9.82258064516129,4.060673139847713,0.063643834774053
CDMS-12-5A-SRIGO-CorrEtiq.txt,20.0,16.882653061224488,19.0,0.6377551020408163,1.1377551020408163,0.09693877551020408,0.5,0.27040816326530615,16.882653061224488,9.341836734693878,2.2717511913190185,0.13496831931153028,10.408163265306122,4.265540756499245,0.02981019895748287
CDMS-12-6A-FAROPA-CorrEtiq.txt,20.0,16.612716763005782,19.0,0.27167630057803466,0.3583815028901734,0.8786127167630058,0.20809248554913296,0.43352601156069365,16.612716763005782,9.820809248554914,2.3041086628811893,0.13937637929119523,9.393063583815028,3.9684153009530165,0.05688117654473531
CDMS-12-6A-JGIGA-CorrEtiq.txt,20.0,17.088,19.0,0.392,0.536,0.136,0.144,0.064,17.088,11.016,2.2448919342095817,0.13570401493930906,9.168,3.862544827377645,0.005259803921568628
CDMS-12-6A-JSOTGU-CorrEtiq.txt,20.0,16.333333333333332,17.333333333333332,0.5,0.5,0.0,0.0,0.0,16.333333333333332,10.0,2.1282407407407407,0.13518129474011828,9.833333333333334,3.9664721444133213,0.0
CDMS-12-6A-SROAL-CorrEtiq.txt,20.0,15.779661016949152,19.0,1.0677966101694916,1.1355932203389831,0.3559322033898305,0.06779661016949153,0.576271186440678,15.779661016949152,10.64406779661017,2.432713641736573,0.15338818708709037,8.084745762711865,3.4653732331698435,0.07221877136339108
CDMS-12-6B-IJDAGA-CorrEtiq.txt,20.0,16.21395348837209,19.0,0.641860465116279,1.0790697674418606,0.9720930232558139,0.5720930232558139,0.4558139534883721,16.21395348837209,9.409302325581395,2.371089128989266,0.14006024371385448,9.772093023255813,4.079048143319149,0.05205553150227764
CDMS-12-6B-SCLAG-CorrEtiq.txt,20.0,13.788732394366198,18.549295774647888,1.0140845070422535,2.380281690140845,0.8450704225352113,1.380281690140845,1.5492957746478873,13.577464788732394,8.47887323943662,2.7251391800687577,0.17929124865744583,7.323943661971831,3.268182052689095,0.1966786929815099
CDMS-12-7C-ARAHE-CorrEtiq.txt,20.0,16.22222222222222,17.444444444444443,1.0555555555555556,1.6666666666666667,0.0,0.6111111111111112,0.0,15.444444444444445,7.944444444444445,2.1542755991285403,0.1276416122004357,8.444444444444445,3.6478757172384624,0.03141264221738078
CDMS-12-7C-CATRAR-CorrEtiq.txt,20.0,16.958333333333332,19.0,0.16666666666666666,0.16666666666666666,0.0,0.0,0.75,16.958333333333332,10.395833333333334,2.24958809912854,0.14083265250544663,8.458333333333334,3.612464985994398,0.09328732071532318
CDMS-12-7C-DLOLO-CorrEtiq.txt,20.0,16.87719298245614,19.0,0.43859649122807015,0.9824561403508771,0.0,0.543859649122807,0.21052631578947367,16.87719298245614,10.157894736842104,2.2794404311432173,0.13864558561071516,9.75438596491228,4.045980325506153,0.04640002784739627
CDMS-12-7C-JSZAOR-CorrEtiq.txt,20.0,15.604651162790697,18.13953488372093,0.43023255813953487,0.6744186046511628,1.0813953488372092,0.2441860465116279,0.6627906976744186,14.94186046511628,9.011627906976743,2.3374972022201845,0.14518783959618434,8.837209302325581,3.749531582468619,0.07835766723206873
CDMS-12-7C-MAROBE-CorrEtiq.txt,20.0,17.528301886792452,19.0,0.2830188679245283,0.2830188679245283,0.3584905660377358,0.0,0.49056603773584906,17.528301886792452,9.70754716981132,2.180703539277346,0.1285014005602241,10.61320754716981,4.423140838592968,0.05037723544123597
CDMS-12-7C-VMAPA-CorrEtiq.txt,20.0,18.015384615384615,19.0,0.07692307692307693,0.07692307692307693,0.0,0.0,0.0,18.015384615384615,12.76923076923077,2.1142131724484665,0.12436902966314732,9.476923076923077,4.0325638379508355,0.0
CDMS-12-7C-VQURA-CorrEtiq.txt,20.0,16.556451612903224,19.0,0.41935483870967744,0.7903225806451613,0.3064516129032258,0.4435483870967742,0.25806451612903225,16.556451612903224,11.419354838709678,2.313765586879913,0.14131936480133825,8.39516129032258,3.672948910311589,0.0247854450920153
CDMS-13-6B-ASUMO-CorrEtiq.txt,20.0,14.636363636363637,17.454545454545453,0.9090909090909091,0.9090909090909091,0.0,0.0,0.8181818181818182,14.636363636363637,10.181818181818182,2.3878787878787877,0.16636696636696638,7.545454545454546,3.3615717615717617,0.17893217893217894
CDMS-13-6B-JDTAHE-CorrEtiq.txt,20.0,16.383838383838384,18.444444444444443,0.1717171717171717,0.7676767676767676,0.7171717171717171,0.5959595959595959,0.2222222222222222,15.656565656565656,7.878787878787879,2.2611342179969633,0.13607077954343177,9.525252525252526,3.962686245885889,0.024613458739275732
CDMS-13-7C-MVEAR-CorrEtiq.txt,20.0,15.948453608247423,19.0,0.5051546391752577,1.3402061855670102,0.7010309278350515,0.8350515463917526,0.17525773195876287,15.948453608247423,9.31958762886598,2.3919311367158547,0.14276032908537456,9.24742268041237,3.8637958884320316,0.013530217929096037
CDMS-13-7C-RAIZAC-CorrEtiq.txt,20.0,16.548387096774192,19.0,0.44086021505376344,0.7204301075268817,0.5161290322580645,0.27956989247311825,0.7956989247311828,16.548387096774192,8.161290322580646,2.3312187654218013,0.14311739347942284,10.56989247311828,4.311541932809285,0.08843967523063866
CDMS-13-7C-SSOSLO-CorrEtiq.txt,20.0,16.389830508474578,19.0,0.4915254237288136,1.2118644067796611,0.05084745762711865,0.7203389830508474,0.9322033898305084,16.389830508474578,6.906779661016949,2.342431329333124,0.1446942444948427,10.779661016949152,4.37525776167417,0.09403894858491595
CDMS-14-10A-IMORTO-CorrEtiq.txt,20.0,17.3,19.0,0.26666666666666666,0.5666666666666667,0.0,0.3,0.3,17.3,11.366666666666667,2.2112200435729847,0.13282329598506068,9.283333333333333,3.897675315740331,0.017642195767195768
CDMS-14-10A-JCVANI-CorrEtiq.txt,20.0,16.296803652968038,19.0,0.6255707762557078,0.8812785388127854,0.3470319634703196,0.2557077625570776,0.7853881278538812,16.296803652968038,9.844748858447488,2.3548179042135526,0.14604864425573533,8.867579908675799,3.8134731729010536,0.08333877624733693
CDMS-14-6B-KDCAHE-CorrEtiq.txt,20.0,15.0,17.214285714285715,0.017857142857142856,0.26785714285714285,1.0,0.25,1.3392857142857142,12.678571428571429,8.910714285714286,2.325346677132391,0.1573317176520958,5.75,2.7442440845802194,0.11938570460235376
CDMS-15-10A-AMALOS-CorrEtiq.txt,20.0,17.226993865030675,19.0,0.32515337423312884,0.5214723926380368,0.5153374233128835,0.3067484662576687,0.34355828220858897,17.226993865030675,8.343558282208589,2.2170485985805364,0.1300434790211424,11.030674846625766,4.518875627960796,0.04978231973735212
CDMS-15-10A-JJMACH-CorrEtiq.txt,20.0,17.7020202020202,19.0,0.45454545454545453,0.7323232323232324,0.09595959595959595,0.2777777777777778,0.09595959595959595,17.7020202020202,9.5,2.1585140621905325,0.1243323636383492,11.16161616161616,4.565563300457521,0.01052043772202011
CDMS-15-10A-MAALCA-CorrEtiq.txt,20.0,16.788990825688074,19.0,0.1926605504587156,1.2477064220183487,0.24770642201834864,1.091743119266055,0.3119266055045872,16.788990825688074,9.8348623853211,2.2826992758994917,0.13477980551999924,9.724770642201834,4.074051266930524,0.04180120605444405
CDMS-15-10A-MAALRI-CorrEtiq.txt,20.0,16.758823529411764,18.78235294117647,0.4411764705882353,0.6294117647058823,0.7823529411764706,0.29411764705882354,0.3058823529411765,16.541176470588237,8.476470588235294,2.2709904052118586,0.13492580033738294,10.4,4.291794424590363,0.0457313116045815
CDMS-15-10A-SGOMO-CorrEtiq.txt,20.0,16.552447552447553,19.0,0.3986013986013986,1.0419580419580419,0.26573426573426573,0.6433566433566433,0.22377622377622378,16.552447552447553,10.895104895104895,2.312743792155557,0.13975274348577515,8.622377622377622,3.751752773436508,0.026322288822288823
CDMS-15-10A-SHEGA-CorrEtiq.txt,20.0,15.543010752688172,18.602150537634408,0.9301075268817204,1.0591397849462365,0.6559139784946236,0.3225806451612903,0.510752688172043,15.387096774193548,10.193548387096774,2.4169370477719623,0.1529092266171563,8.311827956989248,3.6160350051241896,0.06630337763724183
CDMS-15-11B-JEMOLO-CorrEtiq.txt,20.0,15.533333333333333,18.177777777777777,1.0777777777777777,1.1555555555555554,0.7222222222222222,0.07777777777777778,0.45555555555555555,15.088888888888889,9.066666666666666,2.3509532787473963,0.14541855203619908,8.833333333333334,3.6700373754785516,0.04683575338967495
CDMS-15-11B-VSAHO-CorrEtiq.txt,20.0,17.03676470588235,19.0,0.3014705882352941,0.6544117647058824,0.6323529411764706,0.4411764705882353,0.15441176470588236,17.03676470588235,8.507352941176471,2.245173902894491,0.1316866424667827,10.845588235294118,4.374004316142588,0.02515680646613651
CDMS-16-10A-SGALO-CorrEtiq.txt,20.0,18.121951219512194,19.0,0.024390243902439025,0.024390243902439025,0.0,0.0,0.3902439024390244,18.121951219512194,9.975609756097562,2.1073609118444123,0.12422285987565757,11.170731707317072,4.5418084606542655,0.04971073117593921
CDMS-16-11B-NGABE-CorrEtiq.txt,20.0,16.93243243243243,19.0,0.2972972972972973,0.7837837837837838,0.3581081081081081,0.6081081081081081,0.527027027027027,16.93243243243243,9.93918918918919,2.2660504881093115,0.13531115073297736,9.83108108108108,4.124014834076754,0.05695523274567393
CDMS-17-10A-ASSAMO-CorrEtiq.txt,20.0,17.25974025974026,19.0,0.4805194805194805,0.4805194805194805,0.0,0.0,0.43506493506493504,17.25974025974026,9.467532467532468,2.218765233366074,0.13467276187864421,10.545454545454545,4.330530136235576,0.04582135751695682
CDMS-18-7C-VVECA-CorrEtiq.txt,20.0,16.529761904761905,19.0,1.0416666666666667,1.0416666666666667,0.2261904761904762,0.10714285714285714,0.36904761904761907,16.529761904761905,9.470238095238095,2.357973948126259,0.14634807420494064,10.19047619047619,4.189491094305059,0.04315580112192507
CDMS-8-4A-DJAVDA-CorrEtiq.txt,20.0,14.527777777777779,19.0,0.9166666666666666,0.8611111111111112,1.3333333333333333,0.0,0.0,14.527777777777779,11.5,2.62627442002442,0.17269605394605395,6.055555555555555,2.8148328523328523,0.030808107787274455
CDMS-8-4A-DOSTR-CorrEtiq.txt,20.0,14.935185185185185,19.0,1.1111111111111112,1.3703703703703705,1.1574074074074074,0.42592592592592593,0.6111111111111112,14.935185185185185,9.268518518518519,2.5787970743853097,0.1623341659805368,7.861111111111111,3.460555003625609,0.05919006392522187
CDMS-8-4A-LGOPA-CorrEtiq.txt,20.0,15.526315789473685,18.11842105263158,0.5394736842105263,0.9342105263157895,0.34210526315789475,0.39473684210526316,0.4473684210526316,14.394736842105264,10.013157894736842,2.3556463982354074,0.15270212888246945,6.776315789473684,3.1078141178566874,0.05492024942005592
CDMS-8-4C-JDBUTU-CorrEtiq.txt,20.0,12.758620689655173,16.517241379310345,1.896551724137931,1.7586206896551724,3.2413793103448274,0.896551724137931,1.2758620689655173,9.862068965517242,5.0,2.6838701359492436,0.16605026706446585,5.482758620689655,2.608684610408748,0.19271645218653335
CDMS-9-4A-ACDUTR-CorrEtiq.txt,20.0,13.931034482758621,17.82758620689655,1.5172413793103448,1.5517241379310345,2.0,1.1379310344827587,0.0,13.206896551724139,6.896551724137931,2.617701821505067,0.16483562076868363,7.137931034482759,3.1623973727422006,0.005363984674329501
CDMS-9-4A-CARGA-CorrEtiq.txt,20.0,15.5929203539823,19.0,0.7522123893805309,1.2300884955752212,0.19469026548672566,0.4778761061946903,0.45132743362831856,15.5929203539823,11.601769911504425,2.4532798914891574,0.1571168470515028,7.31858407079646,3.269977747760701,0.07775415657526909
CDMS-9-4A-CRAAG-CorrEtiq.txt,20.0,15.0,19.0,1.8571428571428572,1.7428571428571429,1.1142857142857143,0.4,0.0,15.0,10.0,2.568632091531251,0.1585562290184139,8.4,3.572846933645253,0.0
CDMS-9-4A-EROHI-CorrEtiq.txt,20.0,16.884615384615383,19.0,0.6923076923076923,0.9230769230769231,0.7307692307692307,0.23076923076923078,0.19230769230769232,16.884615384615383,9.76923076923077,2.257503770739065,0.13013987646340588,10.5,4.451554083171731,0.017617521367521368
CDMS-9-4A-ILOSE-CorrEtiq.txt,20.0,17.229813664596275,18.540372670807454,0.5031055900621118,0.6149068322981367,0.0,0.11180124223602485,0.3167701863354037,16.875776397515526,10.024844720496894,2.1804959864600657,0.13232942950747695,9.683229813664596,4.057835979868362,0.039181719148572026
CDMS-9-4A-TGAFR-CorrEtiq.txt,20.0,15.797297297297296,17.635135135135137,0.13513513513513514,0.2702702702702703,0.7972972972972973,0.2702702702702703,0.7432432432432432,14.364864864864865,8.35135135135135,2.2474666408489936,0.14363485172308701,6.797297297297297,3.102222033839681,0.09976670392111568
CDMS-9-4C-SCAMO-CorrEtiq.txt,20.0,17.222857142857144,18.78857142857143,0.46285714285714286,0.6685714285714286,0.10857142857142857,0.2057142857142857,0.22857142857142856,16.742857142857144,9.93142857142857,2.1970113378684806,0.13121446851345125,9.937142857142858,4.1298908747157315,0.029771262189086163
CDMS-9-5A-ABERO-CorrEtiq.txt,20.0,14.87434554973822,19.0,0.9424083769633508,1.7958115183246073,1.5026178010471205,1.0732984293193717,0.6020942408376964,14.87434554973822,8.026178010471204,2.6057590845317975,0.1573993773684176,9.225130890052355,3.851615995987724,0.07402706628117997
CDMS-9-5A-PAGACO-CorrEtiq.txt,20.0,16.104477611940297,19.0,0.7014925373134329,1.0,1.2985074626865671,0.5522388059701493,0.6119402985074627,16.104477611940297,6.507462686567164,2.368716506885954,0.13834158232753493,11.119402985074627,4.491828886166024,0.057529143498195295
CDMS-9-5A-VVAAR-CorrEtiq.txt,20.0,17.44,19.0,0.04,0.1,0.36,0.06,0.34,17.44,8.56,2.1870882352941177,0.13051307189542485,10.98,4.411534571723426,0.02952205882352941
CDMS-9-5C-JDMADE-CorrEtiq.txt,20.0,16.28310502283105,18.831050228310502,0.9954337899543378,0.9954337899543378,0.954337899543379,0.3287671232876712,0.410958904109589,16.17808219178082,9.136986301369863,2.3321997666880825,0.13767047554421913,9.365296803652969,3.9850323028415824,0.04264642088674874
CDMS-9-5C-LVIZAC-CorrEtiq.txt,20.0,14.737704918032787,18.453551912568305,1.1639344262295082,1.715846994535519,1.2513661202185793,0.6502732240437158,0.6557377049180327,14.693989071038251,8.21311475409836,2.550991673243361,0.1586502786117058,8.73224043715847,3.7550303342276643,0.07995563046189853
CDMS-9-5C-MLOGO-CorrEtiq.txt,20.0,15.36697247706422,19.0,0.8440366972477065,1.18348623853211,0.6972477064220184,0.3394495412844037,0.9724770642201835,15.36697247706422,9.34862385321101,2.501196694113586,0.15828686064789682,8.01834862385321,3.5145971920512493,0.11834165991410998
CDMS-9-5C-SCAAG-CorrEtiq.txt,20.0,11.133333333333333,17.933333333333334,4.933333333333334,6.666666666666667,0.13333333333333333,1.7333333333333334,1.0,9.533333333333333,7.2,3.23010101010101,0.19831649831649834,5.133333333333334,2.4602982202982204,0.10836700336700336
CDMS-XX-10A-VGILO-CorrEtiq.txt,20.0,17.603448275862068,18.603448275862068,0.1810344827586207,0.33620689655172414,0.2672413793103448,0.15517241379310345,0.11206896551724138,16.836206896551722,11.301724137931034,2.120228520930453,0.1239896563586112,9.293103448275861,4.011694197200496,0.013782069341146421
CDMS-XX-5C-MJSARU-CorrEtiq.txt,20.0,15.87719298245614,19.0,0.847953216374269,1.8362573099415205,0.5555555555555556,0.9883040935672515,0.23976608187134502,15.87719298245614,9.222222222222221,2.420802803052545,0.14310164043204074,9.286549707602338,3.9088409249155545,0.03254903758374445
CDMS-XX-5C-MPCAQU-CorrEtiq.txt,20.0,16.3121387283237,19.0,0.4913294797687861,1.0115606936416186,0.32947976878612717,0.5202312138728323,0.3988439306358382,16.3121387283237,10.179190751445086,2.353265264902463,0.14469990932570795,8.809248554913294,3.8059729917256897,0.049904424581114395
CDMS-XX-6A-MAGICA-CorrEtiq.txt,20.0,17.060606060606062,19.0,0.15151515151515152,0.15151515151515152,0.0,0.0,0.7272727272727273,17.060606060606062,11.545454545454545,2.2324717765894238,0.1384432560903149,8.666666666666666,3.7497623291740942,0.08236985871789794
CDMS-XX-6B-SPUCA-CorrEtiq.txt,20.0,16.70056497175141,18.971751412429377,0.6892655367231638,1.2485875706214689,0.03954802259887006,0.559322033898305,0.04519774011299435,16.683615819209038,10.80225988700565,2.301534438199443,0.13811699821171405,9.180790960451978,3.9252871134043406,0.003933615819209039
CSO-10-4A-ICAPA-CorrEtiq.txt,20.0,13.73076923076923,18.73076923076923,1.2307692307692308,1.8076923076923077,0.23076923076923078,0.5769230769230769,1.4615384615384615,13.576923076923077,11.115384615384615,2.7434795973257513,0.19366915136145907,5.884615384615385,2.703264684033915,0.20386954925416462
CSO-10-4A-KCOMO-CorrEtiq.txt,20.0,17.463917525773194,18.237113402061855,0.27835051546391754,0.28865979381443296,0.1958762886597938,0.010309278350515464,0.17525773195876287,16.969072164948454,9.391752577319588,2.1021087056634915,0.12551800190560525,10.082474226804123,4.224249586585612,0.02638676529272106
CSO-10-4A-LRAVI-CorrEtiq.txt,20.0,17.676470588235293,19.0,0.08823529411764706,0.6176470588235294,0.0,0.5294117647058824,0.0,17.676470588235293,10.0,2.1559688581314878,0.1255567913439886,10.647058823529411,4.391499618423221,0.0
CSO-10-4A-LSCAVA-CorrEtiq.txt,20.0,17.142857142857142,19.0,0.3131868131868132,0.6703296703296703,0.1043956043956044,0.35714285714285715,0.521978021978022,17.142857142857142,9.56043956043956,2.229712141266763,0.13402883057094944,10.307692307692308,4.226703297326405,0.052037554948719415
CSO-10-5A-ACAVA-CorrEtiq.txt,20.0,16.048780487804876,17.646341463414632,0.3048780487804878,0.5121951219512195,0.7560975609756098,0.3902439024390244,0.4146341463414634,14.670731707317072,7.804878048780488,2.2238144945282676,0.13977627832494555,8.560975609756097,3.6566923409009795,0.041763618674486684
CSO-10-5A-ARACA-CorrEtiq.txt,20.0,15.087837837837839,19.0,1.3243243243243243,1.804054054054054,0.5135135135135135,0.5,0.668918918918919,15.087837837837839,10.533783783783784,2.586623161990809,0.16372941667059315,7.493243243243243,3.3057117996939978,0.07200779730191495
CSO-10-5A-DABRZA-CorrEtiq.txt,20.0,15.265536723163843,18.785310734463277,1.2372881355932204,1.7796610169491525,1.1299435028248588,0.8248587570621468,0.5480225988700564,15.163841807909604,8.638418079096045,2.489885055862125,0.14867949431758007,8.892655367231638,3.812591383582358,0.062040520097270895
CSO-10-5A-GZAMA-CorrEtiq.txt,20.0,16.23076923076923,18.743589743589745,0.8205128205128205,0.8205128205128205,0.14102564102564102,0.0,0.3717948717948718,16.076923076923077,11.5,2.325322906940554,0.14613798510857334,8.35897435897436,3.5767741798612245,0.032063117982235635
CSO-10-5A-IPECA-CorrEtiq.txt,20.0,17.528,19.0,0.128,0.272,0.304,0.144,0.336,17.528,10.232,2.1736339869281047,0.12808345373237015,10.016,4.21813230134159,0.04252785804380232
CSO-10-5A-JANORO-CorrEtiq.txt,20.0,17.24375,18.8125,0.7125,0.9375,0.0,0.225,0.275,17.10625,8.95625,2.201302352671838,0.13039804762231233,10.6375,4.3713427277272086,0.025560545307304207
CSO-10-5A-JBUVE-CorrEtiq.txt,20.0,17.236363636363638,19.0,0.2727272727272727,0.9363636363636364,0.7818181818181819,0.6636363636363637,0.12727272727272726,17.236363636363638,8.172727272727272,2.2158080808080807,0.12451785658442005,11.872727272727273,4.777823245725723,0.015230614973262032
CSO-10-5A-JJSEMO-CorrEtiq.txt,20.0,15.30952380952381,16.976190476190474,0.7142857142857143,1.6666666666666667,0.8809523809523809,0.9523809523809523,0.0,13.238095238095237,7.738095238095238,2.27394586039544,0.13675614768051741,6.785714285714286,3.143200714629286,0.018131419234360412
CSO-10-5A-JLCARI-CorrEtiq.txt,20.0,16.176470588235293,18.88235294117647,0.5686274509803921,1.6372549019607843,0.4215686274509804,1.0686274509803921,0.3137254901960784,16.068627450980394,8.568627450980392,2.362507252775419,0.1407782839694149,9.980392156862745,4.120414541649289,0.04437640830590658
CSO-10-5A-MAARAN-CorrEtiq.txt,20.0,16.197674418604652,19.0,0.47674418604651164,0.686046511627907,0.06976744186046512,0.20930232558139536,0.46511627906976744,16.197674418604652,12.453488372093023,2.3574606974572774,0.15016166573964113,7.3023255813953485,3.27254091857375,0.05002283374590146
CSO-10-5A-MAOSMO-CorrEtiq.txt,20.0,17.27480916030534,19.0,0.48091603053435117,0.9007633587786259,0.0,0.4198473282442748,0.06870229007633588,17.27480916030534,10.755725190839694,2.214340418101083,0.1304365257553403,9.603053435114504,4.063435287065141,0.008524173027989822
CSO-10-5A-RVMOIB-CorrEtiq.txt,20.0,17.10362694300518,18.616580310880828,0.40932642487046633,0.7823834196891192,0.15544041450777202,0.37305699481865284,0.23316062176165803,16.481865284974095,8.564766839378239,2.1973933521860984,0.13150518274758316,9.958549222797927,4.164090760669949,0.029991862211660412
CSO-10-5A-SVHEES-CorrEtiq.txt,20.0,16.1731843575419,18.793296089385475,0.35195530726256985,0.8547486033519553,0.9553072625698324,0.6033519553072626,0.16201117318435754,15.983240223463687,8.893854748603353,2.3408829267274878,0.14095569484814863,9.402234636871508,3.9478557327446926,0.0292299834272629
CSO-11-5A-MDVOSPE-CorrEtiq.txt,20.0,16.642857142857142,19.0,0.6928571428571428,1.0857142857142856,0.1357142857142857,0.39285714285714285,0.6071428571428571,16.642857142857142,9.785714285714286,2.3229811248508727,0.14192543567543567,9.835714285714285,4.150344515980849,0.061896234579588184
CSO-11-5A-MTAGA-CorrEtiq.txt,20.0,17.040816326530614,17.489795918367346,0.061224489795918366,0.061224489795918366,0.5510204081632653,0.0,0.2755102040816326,15.724489795918368,8.295918367346939,2.069261930721778,0.12613341075778683,9.16326530612245,3.868679188730367,0.029857218528437014
CSO-11-6A-CAPAMU-CorrEtiq.txt,20.0,16.166666666666668,18.637254901960784,0.5637254901960784,1.0441176470588236,0.18627450980392157,0.4803921568627451,0.6078431372549019,15.676470588235293,9.67156862745098,2.316208307103636,0.14347084736358093,8.53921568627451,3.6781065619949707,0.07507506358501168
CSO-11-6A-DSCACH-CorrEtiq.txt,20.0,17.42105263157895,19.0,0.34868421052631576,0.5328947368421053,0.125,0.18421052631578946,0.1118421052631579,17.42105263157895,9.171052631578947,2.1947908988156666,0.13007091536095935,10.578947368421053,4.3155931021638,0.010068897518995288
CSO-11-6A-EROMO-CorrEtiq.txt,20.0,17.5,18.548780487804876,0.4817073170731707,0.8170731707317073,0.11585365853658537,0.3353658536585366,0.0,16.25609756097561,10.158536585365853,2.149559368775653,0.12563820432883335,9.445121951219512,4.02513920259852,0.0
CSO-11-6A-FSOVRE-CorrEtiq.txt,20.0,16.380281690140844,17.95774647887324,0.6901408450704225,1.3450704225352113,0.2676056338028169,0.6549295774647887,0.2535211267605634,15.0,7.429577464788732,2.2248537086614313,0.13296082844659132,9.028169014084508,3.8315582891287114,0.03314150868003395
CSO-11-6B-ANREVA-CorrEtiq.txt,20.0,16.70408163265306,19.0,0.21428571428571427,0.5612244897959183,0.3877551020408163,0.3469387755102041,0.0,16.70408163265306,12.714285714285714,2.2856225823662797,0.1390460946283275,7.775510204081633,3.4853434356198623,0.004114229024943311
CSO-11-6B-DISEMO-CorrEtiq.txt,20.0,16.91304347826087,16.043478260869566,0.43478260869565216,0.43478260869565216,0.0,0.0,0.0,15.782608695652174,1.8695652173913044,1.9003380146871869,0.11652757212724907,11.826086956521738,4.764824824223801,0.0
CSO-11-6B-LHFDLACH-CorrEtiq.txt,20.0,16.441558441558442,19.0,0.922077922077922,1.4870129870129871,0.24675324675324675,0.564935064935065,0.2532467532467532,16.441558441558442,8.415584415584416,2.329729572481673,0.13825829190711986,10.441558441558442,4.294629599478117,0.02442152365996904
CSO-11-6B-RJGIHE-CorrEtiq.txt,20.0,16.1864406779661,19.0,0.01694915254237288,0.05084745762711865,1.4576271186440677,0.03389830508474576,0.5423728813559322,16.1864406779661,10.847457627118644,2.359604915412493,0.14389365481090308,8.474576271186441,3.6652913664379265,0.07597712813939135
CSO-11-6B-SFLVA-CorrEtiq.txt,20.0,17.12727272727273,19.0,0.5454545454545454,1.1272727272727272,0.0,0.5818181818181818,0.21818181818181817,17.12727272727273,8.581818181818182,2.2354783125371362,0.13187759952465836,11.563636363636364,4.630349447594029,0.03512946805516465
CSO-11-6B-VCOMA-CorrEtiq.txt,20.0,16.86263736263736,19.0,0.7032967032967034,0.9725274725274725,0.2087912087912088,0.2692307692307692,0.4230769230769231,16.86263736263736,9.219780219780219,2.269078785360298,0.1352840165444357,10.148351648351648,4.237662091723433,0.058597096733430214
CSO-12-6A-DGISE-CorrEtiq.txt,20.0,16.433333333333334,17.033333333333335,0.0,0.6666666666666666,0.7333333333333333,0.6666666666666666,0.0,15.033333333333333,7.733333333333333,2.0763289760348584,0.1237776221599751,8.733333333333333,3.795749822073352,0.0
CSO-12-6A-FJOVRE-CorrEtiq.txt,20.0,15.114093959731544,18.348993288590606,0.7919463087248322,1.3758389261744965,1.2013422818791946,0.6577181208053692,0.4697986577181208,14.416107382550335,8.281879194630873,2.4502871979974232,0.15138166763709598,8.63758389261745,3.644414558113729,0.06470379312167707
CSO-12-6B-GQULO-CorrEtiq.txt,20.0,16.830188679245282,19.0,0.24528301886792453,0.6981132075471698,0.4716981132075472,0.4528301886792453,0.4779874213836478,16.830188679245282,9.345911949685535,2.2824528731021516,0.13740403162682502,10.062893081761006,4.180925128519906,0.06311865469528981
CSO-12-6B-LJHEFE-CorrEtiq.txt,20.0,16.282296650717704,18.827751196172247,0.6650717703349283,1.105263157894737,0.569377990430622,0.44019138755980863,0.49282296650717705,16.19138755980861,7.6124401913875595,2.355072667583222,0.1427948980654626,10.24401913875598,4.2065331486210065,0.05831280228029824
CSO-12-6B-VPAMA-CorrEtiq.txt,20.0,18.125,19.0,0.0,0.0,1.0,0.0,0.0,18.125,8.875,2.0972222222222223,0.11609907120743033,12.375,5.002450980392157,0.0
CSO-12-7A-DALRE-CorrEtiq.txt,20.0,12.568181818181818,19.0,2.8636363636363638,3.0681818181818183,0.0,0.20454545454545456,0.75,12.568181818181818,10.727272727272727,3.0844179810088903,0.22812818494636675,4.9772727272727275,2.458114234250598,0.07995587114905298
CSO-12-7A-ESALA-CorrEtiq.txt,20.0,18.095744680851062,19.0,0.1595744680851064,0.20212765957446807,0.20212765957446807,0.0425531914893617,0.031914893617021274,18.095744680851062,10.159574468085106,2.109763941037408,0.12152081810701136,11.22340425531915,4.5934096034830505,0.006079648171325267
CSO-12-7A-IMERO-CorrEtiq.txt,20.0,15.924137931034483,19.0,0.6344827586206897,1.0206896551724138,0.5241379310344828,0.38620689655172413,0.4206896551724138,15.924137931034483,8.951724137931034,2.407269700099315,0.15038943251924997,9.062068965517241,3.8432403093863536,0.06303589304864297
CSO-12-7A-JHEZA-CorrEtiq.txt,20.0,16.28358208955224,19.0,0.9054726368159204,1.4378109452736318,0.1890547263681592,0.5323383084577115,0.40298507462686567,16.28358208955224,9.467661691542288,2.3740277817977558,0.14405113790655125,9.681592039800995,4.078084486345427,0.04724096438471544
CSO-12-7A-LSARAR-CorrEtiq.txt,20.0,17.566666666666666,18.383333333333333,0.31666666666666665,0.31666666666666665,0.6833333333333333,0.0,0.0,16.016666666666666,8.6,2.1068247211165168,0.12115912424348957,9.883333333333333,4.1569697147251325,0.0
CSO-12-7A-SCAHO-CorrEtiq.txt,20.0,16.820224719101123,18.584269662921347,0.6235955056179775,0.8314606741573034,0.19101123595505617,0.20786516853932585,0.5224719101123596,16.089887640449437,9.325842696629213,2.2335758993888537,0.1350331696959171,9.331460674157304,3.9047866466140544,0.06860149478498785
CSO-12-7B-DVAGRO-CorrEtiq.txt,20.0,16.00793650793651,19.0,0.5873015873015873,1.0396825396825398,0.9603174603174603,0.4523809523809524,0.48412698412698413,16.00793650793651,9.373015873015873,2.4155042838166088,0.14629861882183862,9.587301587301587,4.036934793751468,0.07272968048744587
CSO-12-7B-SMUGU-CorrEtiq.txt,20.0,16.307692307692307,18.714285714285715,0.7692307692307693,0.8461538461538461,0.4175824175824176,0.17582417582417584,0.15384615384615385,15.868131868131869,9.516483516483516,2.3070307610223577,0.1410546467107553,8.340659340659341,3.618632952553444,0.02037922861452273
CSO-12-7B-SSARA-CorrEtiq.txt,20.0,16.970443349753694,19.0,0.5320197044334976,0.9901477832512315,0.12315270935960591,0.458128078817734,0.3448275862068966,16.970443349753694,9.600985221674877,2.2592286870539553,0.1347497875784871,10.078817733990148,4.17527559071467,0.03933092941610142
CSO-12-7B-VHOMA-CorrEtiq.txt,20.0,16.878260869565217,19.0,0.2782608695652174,0.8,0.21739130434782608,0.6260869565217392,0.6521739130434783,16.878260869565217,9.582608695652175,2.2713814801282832,0.13701607533819138,10.034782608695652,4.158196501155177,0.07877733992147584
CSO-12-8A-YTOME-CorrEtiq.txt,20.0,16.666666666666668,19.0,0.3157894736842105,1.2719298245614035,0.3333333333333333,0.956140350877193,0.6052631578947368,16.666666666666668,9.771929824561404,2.304569745127021,0.13592076198805872,9.666666666666666,4.089218023194315,0.08147829045437811
CSO-13-6A-ANASA-CorrEtiq.txt,20.0,17.63586956521739,18.597826086956523,0.10869565217391304,0.21195652173913043,0.10326086956521739,0.10326086956521739,0.41847826086956524,17.39673913043478,8.467391304347826,2.1176473392560684,0.126137561241125,10.641304347826088,4.338160035988226,0.048703479357672386
CSO-13-6B-JETAVE-CorrEtiq.txt,20.0,16.451219512195124,18.3109756097561,0.6890243902439024,1.25,0.11585365853658537,0.5609756097560976,0.3170731707317073,16.109756097560975,9.21951219512195,2.2423654836316245,0.13502271554450063,9.329268292682928,3.8938852257511174,0.036496757865122284
CSO-13-6B-LFMIES-CorrEtiq.txt,20.0,17.625,16.607142857142858,0.017857142857142856,0.4642857142857143,0.0,0.44642857142857145,0.017857142857142856,15.071428571428571,6.803571428571429,1.897030154841964,0.11212812385413004,9.428571428571429,3.9010109760994327,0.0015412414965986394
CSO-13-6B-LJMAHU-CorrEtiq.txt,20.0,16.58823529411765,18.19607843137255,0.35294117647058826,0.9215686274509803,0.7450980392156863,0.9215686274509803,0.0,15.176470588235293,8.490196078431373,2.200485643173678,0.12896524278786162,8.980392156862745,3.7235615883539763,0.0
CSO-13-7A-CAPAMU-CorrEtiq.txt,20.0,16.35,18.735714285714284,0.38571428571428573,0.8785714285714286,0.17857142857142858,0.4928571428571429,0.5357142857142857,16.271428571428572,9.664285714285715,2.309812694308493,0.1442239858156488,9.364285714285714,3.8714412242629845,0.0497199775209229
CSO-13-7A-CDDITR-CorrEtiq.txt,20.0,16.37837837837838,19.0,0.17567567567567569,0.6621621621621622,0.0,0.4864864864864865,0.6351351351351351,16.37837837837838,11.972972972972974,2.3289136825901533,0.14715018023841553,7.364864864864865,3.3285380556278388,0.08534930227820543
CSO-13-7A-JJATFL-CorrEtiq.txt,20.0,16.833333333333332,17.452380952380953,0.6904761904761905,0.7380952380952381,0.0,0.047619047619047616,0.21428571428571427,15.738095238095237,7.5476190476190474,2.075613081489906,0.12559526509659194,8.80952380952381,3.7633676277528556,0.025038256043158003
CSO-13-7A-KRAMA-CorrEtiq.txt,20.0,15.61111111111111,15.88888888888889,0.3888888888888889,0.4444444444444444,0.5,0.05555555555555555,0.0,14.666666666666666,7.444444444444445,2.0465985539514953,0.13261749144102086,8.333333333333334,3.6188355217766985,0.0
CSO-13-7A-RXCHLU-CorrEtiq.txt,20.0,15.347826086956522,19.0,1.2260869565217392,1.9304347826086956,0.0,0.7043478260869566,0.09565217391304348,15.347826086956522,11.052173913043479,2.5234362738710567,0.16114389872701895,7.660869565217391,3.355739526174309,0.032529766364165345
CSO-13-7A-YAMEZA-CorrEtiq.txt,20.0,17.011331444759207,19.0,0.4985835694050991,0.8101983002832861,0.10764872521246459,0.311614730878187,0.35410764872521244,17.011331444759207,9.271954674220963,2.2482070194243167,0.13493880071248757,10.06515580736544,4.201844889110388,0.03854278543455347
CSO-13-8A-KIGAGU-CorrEtiq.txt,20.0,16.77227722772277,19.0,0.504950495049505,0.7623762376237624,1.0,0.43564356435643564,0.5148514851485149,16.77227722772277,6.841584158415841,2.2782480979190356,0.1320603516991035,11.455445544554456,4.618988937219174,0.04242025357997984
CSO-13-8A-MBUAN-CorrEtiq.txt,20.0,17.857142857142858,14.761904761904763,0.0,0.0,0.0,0.0,0.0,13.380952380952381,1.4761904761904763,1.6581322587514538,0.09883163791832522,10.047619047619047,4.09987242760352,0.0
CSO-13-8A-MGAAN-CorrEtiq.txt,20.0,17.551181102362204,18.677165354330707,0.4015748031496063,0.5433070866141733,0.2283464566929134,0.14173228346456693,0.14173228346456693,17.291338582677167,9.011811023622048,2.1430636766379436,0.1251912083864011,10.68503937007874,4.40662411691275,0.015518024288501606
CSO-13-8A-MGAHE-CorrEtiq.txt,20.0,16.32323232323232,19.0,0.45454545454545453,1.101010101010101,0.09595959595959595,0.6464646464646465,0.20707070707070707,16.32323232323232,11.696969696969697,2.3660428565954414,0.14689872911798046,7.833333333333333,3.472629847193596,0.031056677857034365
CSO-13-8A-MJAGA-CorrEtiq.txt,20.0,15.707317073170731,19.0,0.6036585365853658,1.0426829268292683,0.7926829268292683,0.6158536585365854,0.7682926829268293,15.707317073170731,10.140243902439025,2.4426749452126066,0.1511308295562241,8.21951219512195,3.55112137641068,0.08528866418101533
CSO-13-8A-VHODU-CorrEtiq.txt,20.0,16.333333333333332,18.741496598639454,1.0068027210884354,1.3265306122448979,0.0,0.3197278911564626,0.40816326530612246,16.333333333333332,11.54421768707483,2.321495546825679,0.14296689786675254,8.768707482993197,3.8240952783190734,0.044510767917630666
CSO-13-8B-FCJISA-CorrEtiq.txt,20.0,17.70731707317073,18.71951219512195,0.23170731707317074,0.45121951219512196,0.0,0.21951219512195122,0.18292682926829268,17.5609756097561,10.914634146341463,2.1214909134385462,0.12470862114636183,9.890243902439025,4.177179680337953,0.023459502364631492
CSO-13-8B-JEMABE-CorrEtiq.txt,20.0,14.509803921568627,17.784313725490197,0.8823529411764706,1.7058823529411764,0.13725490196078433,0.8235294117647058,0.7058823529411765,11.745098039215685,8.588235294117647,2.5014938252827523,0.17125734703589374,5.607843137254902,2.6337327160856576,0.12341172140047572
CSO-13-9B-DMLLLU-CorrEtiq.txt,20.0,15.714285714285714,16.408163265306122,0.061224489795918366,0.42857142857142855,1.0816326530612246,0.3673469387755102,0.3469387755102041,13.979591836734693,6.673469387755102,2.108719288756567,0.13184975937550653,8.89795918367347,3.793596869317158,0.03728280689565203
CSO-14-7A-MVEBE-CorrEtiq.txt,20.0,16.0,19.0,0.0,0.0,0.0,0.0,0.0,16.0,15.0,2.375,0.15833333333333333,6.0,2.9625000000000004,0.0
CSO-14-7B-EVEGO-CorrEtiq.txt,20.0,17.29940119760479,19.0,0.4251497005988024,0.6706586826347305,0.11377245508982035,0.24550898203592814,0.31137724550898205,17.29940119760479,9.724550898203592,2.2139768943044746,0.13187472343216583,10.646706586826348,4.391837721940983,0.041579695417754595
CSO-14-8A-AQUMA-CorrEtiq.txt,20.0,16.300884955752213,18.672566371681416,0.4424778761061947,0.6548672566371682,0.2920353982300885,0.21238938053097345,0.5132743362831859,16.079646017699115,9.008849557522124,2.3175507643493067,0.14618106602750017,8.955752212389381,3.7747666594374727,0.058226702714971476
CSO-14-8A-MCIDOS-CorrEtiq.txt,20.0,16.0,19.0,0.0,1.8888888888888888,1.0,1.8888888888888888,0.0,16.0,9.333333333333334,2.3770697167755994,0.13452380952380952,8.555555555555555,3.7613912231559286,0.0
CSO-14-8A-SZARA-CorrEtiq.txt,20.0,15.810126582278482,18.063291139240505,0.3291139240506329,1.0886075949367089,0.0,0.759493670886076,0.6455696202531646,15.531645569620252,8.164556962025317,2.299840487964092,0.14817620122906797,8.708860759493671,3.7197136775692248,0.07267655536735954
CSO-14-8B-JLLORA-CorrEtiq.txt,20.0,15.783132530120483,19.0,0.6144578313253012,0.6144578313253012,0.6987951807228916,0.0,0.42168674698795183,15.783132530120483,10.144578313253012,2.4254882923203263,0.15489938638414896,8.55421686746988,3.603645415534147,0.047913785069171315
CSO-14-9A-AEDCAGO-CorrEtiq.txt,20.0,16.93125,18.7625,0.36875,0.65625,0.11875,0.2875,0.10625,16.8,9.05,2.237386600596256,0.13612915518004526,9.59375,4.0233615452529925,0.013954085106264728
CSO-14-9A-HASACA-CorrEtiq.txt,20.0,16.959349593495936,18.764227642276424,0.3089430894308943,0.3902439024390244,0.21138211382113822,0.08130081300813008,0.0975609756097561,16.821138211382113,10.609756097560975,2.234093413431554,0.13738825198841811,9.105691056910569,3.913719664010384,0.019398598216446284
CSO-14-9A-JSMAAL-CorrEtiq.txt,20.0,17.24175824175824,19.0,0.08791208791208792,0.2857142857142857,0.2087912087912088,0.1978021978021978,0.31868131868131866,17.24175824175824,9.945054945054945,2.215858651152769,0.13429269143554856,9.87912087912088,4.100765947404603,0.04068128173446617
CSO-14-9A-MARJA-CorrEtiq.txt,20.0,17.443396226415093,19.0,0.49056603773584906,0.49056603773584906,0.29245283018867924,0.0,0.4811320754716981,17.443396226415093,9.849056603773585,2.1929782604865844,0.12886855860160376,10.471698113207546,4.281427976048719,0.0544239682246064
CSO-14-9A-SORZU-CorrEtiq.txt,20.0,15.067961165048544,18.281553398058254,0.9223300970873787,1.1067961165048543,0.4854368932038835,0.18446601941747573,0.44660194174757284,13.592233009708737,10.271844660194175,2.489145250967067,0.16568297335002075,6.223300970873787,2.8514548716718906,0.08500482210219504
CSO-14-9B-ERAGA-CorrEtiq.txt,20.0,16.151515151515152,19.0,0.6161616161616161,0.5959595959595959,0.7474747474747475,0.10101010101010101,0.494949494949495,16.151515151515152,10.787878787878787,2.3688431031568284,0.14635660272915174,8.636363636363637,3.6771984847320245,0.055565506872696416
CSO-14-9B-MFEGA-CorrEtiq.txt,20.0,16.8828125,19.0,0.265625,0.8515625,0.4453125,0.5859375,0.1328125,16.8828125,10.1328125,2.260601037289916,0.13323523519984917,9.453125,3.9735256950705384,0.022343387875983726
CSO-15-10A-LJRAGU-CorrEtiq.txt,20.0,17.027624309392266,17.977900552486187,0.09392265193370165,0.7403314917127072,0.20994475138121546,0.6464088397790055,0.30939226519337015,16.049723756906076,8.337016574585636,2.128133999553102,0.1270235203184248,9.69060773480663,4.042516358200637,0.03374102821963007
CSO-15-10A-MAARLO-CorrEtiq.txt,20.0,16.105263157894736,18.30263157894737,0.3684210526315789,0.6052631578947368,1.1973684210526316,0.47368421052631576,0.7631578947368421,15.513157894736842,8.118421052631579,2.2964998764972284,0.1390214305411063,9.092105263157896,3.91431189209827,0.09878290982444071
CSO-15-10A-SFEGA-CorrEtiq.txt,20.0,17.657894736842106,18.18421052631579,0.18421052631578946,0.18421052631578946,0.7368421052631579,0.0,0.0,17.18421052631579,3.6052631578947367,2.068242717216157,0.1185170744197956,13.026315789473685,5.083912794111181,0.0
CSO-15-10B-MEBUAR-CorrEtiq.txt,20.0,16.009090909090908,19.0,1.2,1.5272727272727273,0.17272727272727273,0.32727272727272727,0.509090909090909,16.009090909090908,10.172727272727272,2.413494381435558,0.14856223247934477,8.963636363636363,3.829644480046957,0.05826370524899937
CSO-15-10B-YVBUAN-CorrEtiq.txt,20.0,16.677419354838708,19.0,0.16129032258064516,0.46774193548387094,0.6129032258064516,0.3064516129032258,0.1935483870967742,16.677419354838708,10.387096774193548,2.291687373874281,0.1386935171090769,8.983870967741936,3.8229863067511625,0.02655130737448724
CSO-15-10C-ALBAHO-CorrEtiq.txt,20.0,19.727272727272727,19.0,0.0,0.0,0.0,0.0,0.0,19.727272727272727,5.7272727272727275,1.9272727272727272,0.10303030303030303,16.454545454545453,6.425837320574163,0.0
CSO-15-10C-SSCAMO-CorrEtiq.txt,20.0,16.38818565400844,19.0,0.8818565400843882,0.8818565400843882,0.5063291139240507,0.0,0.6962025316455697,16.38818565400844,8.49367088607595,2.37433133866492,0.14639528861420148,10.172995780590718,4.198865019224975,0.07989464738839105
CSO-15-11C-JETALO-CorrEtiq.txt,20.0,15.767326732673267,19.0,0.8762376237623762,1.2524752475247525,0.33663366336633666,0.41089108910891087,0.8613861386138614,15.767326732673267,9.01980198019802,2.44775470678936,0.15376749859859937,8.811881188118813,3.751801109754088,0.0955483305510346
CSO-15-7B-JCRAGA-CorrEtiq.txt,20.0,17.323529411764707,19.0,0.0,0.0,0.4411764705882353,0.0,0.058823529411764705,17.323529411764707,11.676470588235293,2.2040128796616685,0.1325856813313561,8.176470588235293,3.567065985320857,0.004519896193771626
CSO-15-8A-VBMABR-CorrEtiq.txt,20.0,16.363636363636363,19.0,0.5555555555555556,0.7474747474747475,0.32323232323232326,0.1919191919191919,0.1919191919191919,16.363636363636363,11.121212121212121,2.3367927642437447,0.14485308006979836,7.878787878787879,3.495832097612283,0.03065676607343274
CSO-15-8B-KEPOGO-CorrEtiq.txt,20.0,17.15909090909091,19.0,0.19318181818181818,0.5056818181818182,0.10795454545454546,0.3125,0.38636363636363635,17.15909090909091,10.357954545454545,2.2313321074350485,0.13517338462191406,9.755681818181818,4.118819837390851,0.04951853361779832
CSO-15-9B-ALRIHE-CorrEtiq.txt,20.0,17.3,19.0,0.3625,0.475,0.2375,0.1125,0.2125,17.3,10.4,2.2136992633591897,0.13222928645142268,9.9875,4.180050909702612,0.01999019215057818
CSO-15-9B-AMSAGO-CorrEtiq.txt,20.0,17.45098039215686,19.0,0.7254901960784313,1.0196078431372548,0.0,0.29411764705882354,0.0,17.45098039215686,8.588235294117647,2.1921856978085352,0.12686466743560168,11.627450980392156,4.625803166123691,0.0
CSO-15-9B-JCAPA-CorrEtiq.txt,20.0,16.671641791044777,18.44776119402985,0.30597014925373134,0.7089552238805971,0.2835820895522388,0.40298507462686567,0.7388059701492538,15.880597014925373,9.955223880597014,2.2272522073062713,0.1355853791352382,8.85820895522388,3.8168951717511166,0.08491251334326978
CSO-15-9B-KSBEJA-CorrEtiq.txt,20.0,16.201834862385322,17.642201834862384,0.5871559633027523,0.6330275229357798,0.22018348623853212,0.045871559633027525,0.5229357798165137,15.20183486238532,9.146788990825687,2.1900417894751407,0.13862334523424646,8.55045871559633,3.638200966512808,0.06758710459013058
CSO-15-9B-RMCHLU-CorrEtiq.txt,20.0,17.09433962264151,19.0,0.36792452830188677,0.6886792452830188,0.0,0.32075471698113206,0.18867924528301888,17.09433962264151,11.018867924528301,2.232696695030213,0.1346503165980063,9.141509433962264,3.9100433288177903,0.028680574486221723
CSO-15-9B-SJAGRO-CorrEtiq.txt,20.0,17.32236842105263,19.0,0.6381578947368421,0.756578947368421,0.125,0.11842105263157894,0.06578947368421052,17.32236842105263,10.085526315789474,2.215839632074152,0.1307852020700318,10.296052631578947,4.261448193347941,0.005882672879093158
CSO-16-10A-JEGAHE-CorrEtiq.txt,20.0,12.333333333333334,17.833333333333332,2.0833333333333335,2.0833333333333335,0.6666666666666666,0.0,1.3333333333333333,11.833333333333334,8.5,2.940808265808266,0.22695221445221445,5.583333333333333,2.5502825877825877,0.21734544776211442
CSO-16-10A-MSACO-CorrEtiq.txt,20.0,16.291666666666668,19.0,1.2083333333333333,1.2083333333333333,0.0,0.0,0.6666666666666666,16.291666666666668,6.708333333333333,2.3569434718331777,0.14612040328952094,10.041666666666666,4.192218751535703,0.07854468176159352
CSO-16-10A-SMOUT-CorrEtiq.txt,20.0,17.75,15.0,0.0,0.0,0.0,0.0,0.0,8.25,6.75,1.6911764705882353,0.10110294117647059,3.75,1.998015873015873,0.0
CSO-16-10A-YKMUJO-CorrEtiq.txt,20.0,16.4,19.0,0.0,0.9666666666666667,0.0,0.9666666666666667,0.0,16.4,12.466666666666667,2.3232570806100217,0.14394024276377218,7.933333333333334,3.4723311546840963,0.0
CSO-16-10B-JESUGU-CorrEtiq.txt,20.0,16.736842105263158,18.763157894736842,0.3026315789473684,0.3026315789473684,0.39473684210526316,0.0,0.4342105263157895,16.605263157894736,9.763157894736842,2.2491142070863432,0.13890561995804784,9.526315789473685,4.01095690797805,0.041116404164004784
CSO-16-10B-LTVIFA-CorrEtiq.txt,20.0,17.551724137931036,19.0,0.08620689655172414,0.5344827586206896,0.0,0.4482758620689655,0.896551724137931,17.551724137931036,8.551724137931034,2.1806187417495733,0.12922675701580366,11.137931034482758,4.524344736731306,0.09659908765885866
CSO-16-10B-VVILI-CorrEtiq.txt,20.0,17.68217054263566,19.0,0.10852713178294573,0.4186046511627907,0.29457364341085274,0.31007751937984496,0.0,17.68217054263566,9.333333333333334,2.16484756693375,0.12620468486801556,11.015503875968992,4.507318408851996,0.0
CSO-16-10C-ACALGU-CorrEtiq.txt,20.0,16.636871508379887,18.58659217877095,0.45251396648044695,0.7541899441340782,0.10614525139664804,0.3016759776536313,0.5586592178770949,16.106145251396647,9.8268156424581,2.2555801822232975,0.13943626340585713,8.82122905027933,3.763210492359358,0.06519431666594266
CSO-16-10C-MAVAVE-CorrEtiq.txt,20.0,17.214285714285715,19.0,0.23015873015873015,0.47619047619047616,0.0,0.24603174603174602,0.18253968253968253,17.214285714285715,11.412698412698413,2.224764720703096,0.13524981217558246,9.198412698412698,3.901125080411532,0.029084760284880683
CSO-16-11A-JAVABO-CorrEtiq.txt,20.0,16.733333333333334,19.0,0.16,0.64,0.18666666666666668,0.48,0.52,16.733333333333334,11.306666666666667,2.277442265795207,0.13914285714285712,8.413333333333334,3.7020610513211136,0.060268222844693436
CSO-16-11A-JDMUVA-CorrEtiq.txt,20.0,17.756410256410255,19.0,0.14743589743589744,0.5,0.24358974358974358,0.3525641025641026,0.03205128205128205,17.756410256410255,9.365384615384615,2.146934179654768,0.12368211567127975,11.064102564102564,4.516516112742893,0.0024839743589743593
CSO-16-11A-VZAOR-CorrEtiq.txt,20.0,17.583333333333332,19.0,0.6363636363636364,0.9090909090909091,0.14393939393939395,0.2727272727272727,0.4090909090909091,17.583333333333332,8.18939393939394,2.1867144565673975,0.12585475383463,11.712121212121213,4.71548144909213,0.04436685548140657
CSO-16-11B-KRORE-CorrEtiq.txt,20.0,16.69047619047619,19.0,0.6587301587301587,0.8015873015873016,0.15079365079365079,0.14285714285714285,0.48412698412698413,16.69047619047619,11.698412698412698,2.3577521593978177,0.14917368138656653,8.571428571428571,3.76894976920961,0.06031147357069392
CSO-16-11B-LLOZA-CorrEtiq.txt,20.0,17.353658536585368,18.548780487804876,0.2865853658536585,0.7317073170731707,0.0,0.4451219512195122,0.4573170731707317,16.804878048780488,7.689024390243903,2.1627146168035694,0.12907044643669652,10.75609756097561,4.356631960859667,0.04771539492139526
CSO-16-11B-YAROMO-CorrEtiq.txt,20.0,16.927125506072876,18.700404858299596,0.7975708502024291,0.9595141700404858,0.15384615384615385,0.16194331983805668,0.26720647773279355,16.83400809716599,9.412955465587045,2.2322180392971056,0.13302267138832236,10.03238866396761,4.204218055661695,0.0275285346663557
CSO-16-9A-JALEMO-CorrEtiq.txt,20.0,17.391304347826086,19.0,0.5314009661835749,0.8260869565217391,0.2753623188405797,0.2946859903381642,0.24154589371980675,17.391304347826086,9.748792270531402,2.1998032224161808,0.12753552789223807,10.81159420289855,4.417048691799668,0.02439889804553061
CSO-16-9A-JPROSO-CorrEtiq.txt,20.0,17.076271186440678,19.0,0.4110169491525424,0.6991525423728814,0.3855932203389831,0.3135593220338983,0.3601694915254237,17.076271186440678,8.98728813559322,2.243991141654402,0.1329352185074492,10.580508474576272,4.32986684346421,0.0478145601832764
CSO-16-9A-JSMAGU-CorrEtiq.txt,20.0,16.46268656716418,19.0,0.7835820895522388,1.037313432835821,0.23880597014925373,0.27611940298507465,0.2537313432835821,16.46268656716418,10.64179104477612,2.3406839831225255,0.14307571026183846,9.014925373134329,3.88769776257762,0.02524017691653776
CSO-16-9B-SJPAJI-CorrEtiq.txt,20.0,15.205882352941176,18.852941176470587,0.20588235294117646,0.6764705882352942,0.6176470588235294,0.47058823529411764,0.6176470588235294,15.117647058823529,11.352941176470589,2.491430916257906,0.16479951709190463,6.794117647058823,3.020901143262735,0.05607561010829671
CSO-17-10A-YVGOCA-CorrEtiq.txt,20.0,18.205882352941178,18.470588235294116,0.11764705882352941,0.11764705882352941,0.27941176470588236,0.0,0.014705882352941176,17.25,9.544117647058824,2.041117156356867,0.11716369210222789,10.470588235294118,4.351691783524555,0.0012110726643598615
CSO-17-10B-EHECO-CorrEtiq.txt,20.0,17.373626373626372,18.186813186813186,0.15384615384615385,0.15384615384615385,0.0,0.0,0.5604395604395604,16.9010989010989,10.197802197802197,2.1110242664490273,0.12991056902362316,9.241758241758241,3.9449901968469314,0.06045793831762065
CSO-17-10B-YCQUVE.txt,20.0,16.62130177514793,17.467455621301774,0.378698224852071,0.8875739644970414,0.30177514792899407,0.5088757396449705,0.24260355029585798,15.153846153846153,7.242603550295858,2.1238609287952537,0.1281124411704953,9.692307692307692,4.015394620025301,0.030942344064516014
CSO-17-11A-DJAPA-CorrEtiq.txt,20.0,15.75925925925926,17.48148148148148,0.3333333333333333,0.7962962962962963,0.18518518518518517,0.46296296296296297,0.3333333333333333,14.037037037037036,9.185185185185185,2.2384682220466536,0.14569161472756245,7.277777777777778,3.258200393326812,0.027548698729254282
CSO-17-11A-JDAMO-CorrEtiq.txt,20.0,16.58490566037736,19.0,0.4716981132075472,0.4716981132075472,0.0,0.0,0.16981132075471697,16.58490566037736,11.981132075471699,2.3042175360710324,0.14542043232387294,8.169811320754716,3.50635664726003,0.03827552719200887
CSO-17-11A-NPAHE-CorrEtiq.txt,20.0,16.03448275862069,19.0,0.6758620689655173,1.5655172413793104,0.3310344827586207,0.8896551724137931,0.38620689655172413,16.03448275862069,9.972413793103449,2.392378649072361,0.14405980429307003,8.931034482758621,3.7745657807075546,0.05014449225328986
CSO-17-11A-RLPAIG-CorrEtiq.txt,20.0,16.03921568627451,19.0,0.47058823529411764,0.8333333333333334,0.4411764705882353,0.3627450980392157,0.7549019607843137,16.03921568627451,11.07843137254902,2.385776039928289,0.14974432206266117,8.215686274509803,3.5826536144875245,0.09542143642273401
CSO-17-11A-SPUVA-CorrEtiq.txt,20.0,15.986486486486486,19.0,1.2162162162162162,1.0810810810810811,1.027027027027027,0.21621621621621623,0.25675675675675674,15.986486486486486,6.635135135135135,2.4244499648911413,0.1465501286708717,11.135135135135135,4.485355869295498,0.05828028471410824
CSO-17-11B-CDBEBU-CorrEtiq.txt,20.0,16.14814814814815,17.17283950617284,0.2962962962962963,0.9629629629629629,0.0,0.6666666666666666,0.6419753086419753,15.012345679012345,5.864197530864198,2.149195814844823,0.1362891495531101,9.703703703703704,4.035183025789034,0.09002567250388602
CSO-17-11C-JDAAG-CorrEtiq.txt,20.0,17.47142857142857,19.0,0.20714285714285716,0.7285714285714285,0.0,0.5214285714285715,0.32142857142857145,17.47142857142857,9.021428571428572,2.1871615312791786,0.12867736568311536,10.792857142857143,4.430253566338816,0.04081454965026946
CSO-17-11C-MAPAMA-CorrEtiq.txt,20.0,17.044585987261147,18.54140127388535,0.34394904458598724,0.7070063694267515,0.24203821656050956,0.3630573248407643,0.267515923566879,16.59235668789809,9.375796178343949,2.183750527811974,0.13011767417024658,9.726114649681529,4.067732844446477,0.026913154858546392
CSO-17-11C-MCAAG-CorrEtiq.txt,20.0,17.85096153846154,19.0,0.22115384615384615,0.6538461538461539,0.09134615384615384,0.4326923076923077,0.1971153846153846,17.85096153846154,7.576923076923077,2.138108031674208,0.12261119781920865,12.302884615384615,4.8916216942242485,0.023659292776939837
CSO-17-11C-SARJA-CorrEtiq.txt,20.0,17.16393442622951,19.0,0.36885245901639346,0.5327868852459017,0.0,0.16393442622950818,0.30327868852459017,17.16393442622951,10.631147540983607,2.2273912843826054,0.1354799976228185,9.852459016393443,4.081417248986274,0.03551725296580141
CSO-18-11A-ADBAHO-CorrEtiq.txt,20.0,17.554545454545455,19.0,0.20909090909090908,0.37272727272727274,0.17272727272727273,0.16363636363636364,0.3181818181818182,17.554545454545455,10.636363636363637,2.1704114676173503,0.1280035538936468,10.372727272727273,4.36116317978547,0.03232429819349324
CSO-18-11B-YLLRE-CorrEtiq.txt,20.0,17.33884297520661,19.0,0.4090909090909091,0.7892561983471075,0.07851239669421488,0.38016528925619836,0.5330578512396694,17.33884297520661,9.392561983471074,2.218699727189032,0.1311797920499274,10.818181818181818,4.429504080676266,0.06336736363052153
CSO-18-9B-MAMOLO-CorrEtiq.txt,20.0,15.392550143266476,18.787965616045845,1.3925501432664757,1.848137535816619,0.9340974212034384,0.5186246418338109,0.4813753581661891,15.232091690544413,8.166189111747851,2.4846398035172683,0.14931646839730087,9.593123209169054,4.004783234227822,0.06019646525085233
CSO-8-3A-DAPAVA-CorrEtiq.txt,20.0,16.244343891402714,18.497737556561084,0.6425339366515838,1.081447963800905,0.7013574660633484,0.5203619909502263,0.4751131221719457,16.013574660633484,7.764705882352941,2.2982610807404527,0.1380878653650182,10.131221719457013,4.192473163262777,0.06036597307059112
CSO-8-3A-KVPECO-CorrEtiq.txt,20.0,16.060606060606062,15.727272727272727,0.6666666666666666,1.7575757575757576,0.42424242424242425,1.0909090909090908,0.0,11.090909090909092,2.9696969696969697,1.966446679681974,0.11259829495123613,8.151515151515152,3.4537298560025835,0.0
CSO-8-4A-ARAGR-CorrEtiq.txt,20.0,16.816901408450704,18.253521126760564,0.7183098591549296,0.7183098591549296,0.0,0.0,0.22535211267605634,15.661971830985916,9.605633802816902,2.202337353751255,0.13645937837604866,8.492957746478874,3.6938887196757952,0.0272847958061406
CSO-8-4A-JRAAR-CorrEtiq.txt,20.0,16.647058823529413,15.823529411764707,0.7647058823529411,1.2352941176470589,0.0,0.47058823529411764,0.8235294117647058,12.823529411764707,2.6470588235294117,1.9269243610756996,0.11513775788953351,8.823529411764707,3.7817657832363714,0.12144848135332562
CSO-9-2A-EXMOCO-CorrEtiq.txt,20.0,17.410852713178294,18.1937984496124,0.20930232558139536,0.5193798449612403,0.34108527131782945,0.31007751937984496,0.06976744186046512,16.24031007751938,7.767441860465116,2.104274937229073,0.12339697179858458,10.550387596899224,4.358402850725912,0.01641999435433088
CSO-9-4A-AGAPE-CorrEtiq.txt,20.0,17.344155844155843,19.0,0.474025974025974,0.8506493506493507,0.24675324675324675,0.37662337662337664,0.2727272727272727,17.344155844155843,8.363636363636363,2.213174244056597,0.12945704352161672,11.435064935064934,4.594061141202893,0.03132977025308958
CSO-9-4A-DKVIMO-CorrEtiq.txt,20.0,16.81159420289855,19.0,0.13043478260869565,0.391304347826087,0.3188405797101449,0.2608695652173913,0.2898550724637681,16.81159420289855,12.043478260869565,2.2729559939917996,0.1399170018297761,8.884057971014492,3.8366418031547926,0.03424056820795952
CSO-9-4A-DSMOMU-CorrEtiq.txt,20.0,16.938931297709924,19.0,0.22137404580152673,0.732824427480916,0.26717557251908397,0.5114503816793893,0.7251908396946565,16.938931297709924,9.816793893129772,2.2545856765097896,0.1352649048617191,9.603053435114504,4.018155670340578,0.0867134915883232
CSO-9-4A-DVGATO-CorrEtiq.txt,20.0,16.227848101265824,19.0,0.4810126582278481,1.139240506329114,0.7025316455696202,0.759493670886076,0.4873417721518987,16.227848101265824,9.113924050632912,2.3635328733895378,0.14127679166378856,9.310126582278482,3.9333065056783556,0.061955034163941464
CSO-9-4A-EGCAMO-CorrEtiq.txt,20.0,17.155844155844157,19.0,0.11688311688311688,0.14285714285714285,0.4935064935064935,0.14285714285714285,0.0,17.155844155844157,12.090909090909092,2.235711557350213,0.13524901802212727,8.831168831168831,3.785070650760611,0.0
CSO-9-4A-FAGIGA-CorrEtiq.txt,20.0,16.711340206185568,19.0,0.6288659793814433,1.1958762886597938,0.31958762886597936,0.5670103092783505,0.18556701030927836,16.711340206185568,10.536082474226804,2.3081682316066794,0.13714152939999544,9.494845360824742,4.043836058012114,0.021981798270458063
CSO-9-4A-GSBRCO-CorrEtiq.txt,20.0,16.206349206349206,19.0,1.3968253968253967,1.2222222222222223,0.8412698412698413,0.031746031746031744,0.2857142857142857,16.206349206349206,10.222222222222221,2.3823883114499362,0.1408549019193277,9.507936507936508,3.982039379499943,0.028144659098207184
CSO-9-4A-KEMOCO-CorrEtiq.txt,20.0,16.170731707317074,18.48780487804878,0.36585365853658536,0.36585365853658536,0.4878048780487805,0.0,0.4634146341463415,15.902439024390244,10.121951219512194,2.297528523604564,0.14557076113747563,8.487804878048781,3.5811883477593667,0.0408687933167847
CSO-9-4A-LCOMO-CorrEtiq.txt,20.0,12.68421052631579,19.0,2.1052631578947367,2.3684210526315788,1.719298245614035,0.40350877192982454,0.19298245614035087,12.68421052631579,11.280701754385966,3.0374112815289283,0.20614743014123818,5.052631578947368,2.5460872689974856,0.042472975367712204
CSO-9-4A-MLORO-CorrEtiq.txt,20.0,15.134615384615385,18.673076923076923,0.4423076923076923,1.4038461538461537,0.5769230769230769,1.0384615384615385,0.8461538461538461,14.26923076923077,12.115384615384615,2.491243114602843,0.1588920286601282,6.173076923076923,2.9668348933620425,0.10015587275344062
CSO-9-4A-MPAME-CorrEtiq.txt,20.0,15.926829268292684,19.0,0.43902439024390244,1.2195121951219512,1.7317073170731707,0.7804878048780488,0.0,15.926829268292684,7.804878048780488,2.397519195295379,0.1360486596139394,10.439024390243903,4.260629892982834,0.0027100271002710027
CSO-9-4A-NSARPA-CorrEtiq.txt,20.0,17.033333333333335,17.766666666666666,0.26666666666666666,0.45,0.0,0.18333333333333332,0.5833333333333334,14.45,9.85,2.094347265221878,0.12791775189608007,7.8,3.400313001412073,0.061854575163398685
CSO-9-4A-SLOCA-CorrEtiq.txt,20.0,14.82857142857143,19.0,0.9428571428571428,1.542857142857143,1.6285714285714286,0.8571428571428571,0.2714285714285714,14.82857142857143,9.657142857142857,2.5923431680364453,0.1574048687073897,8.185714285714285,3.5702466184609043,0.03555869014272375
CSO-9-4A-YVDITR-CorrEtiq.txt,20.0,18.0,19.0,0.0,0.0,0.2222222222222222,0.0,0.16666666666666666,18.0,10.222222222222221,2.113289760348584,0.12313907044299202,10.5,4.348156270305393,0.019996887643946464
