file,wc,nodes,edges,re,pe,l1,l2,l3,lcc,lsc,atd,density,diameter,asp,cc
CDMS-10-4A-JURAN-CorrEtiq.txt,10.0,9.0,9.0,0.14388489208633093,0.43884892086330934,0.12949640287769784,0.2949640287769784,0.1510791366906475,9.0,2.7050359712230216,2.0221993833504626,0.23919150393970537,7.043165467625899,3.050959232613909,0.0397187012294926
CDMS-10-5A-HEPIHO-CorrEtiq.txt,10.0,9.3203125,8.734375,0.0625,0.125,0.0,0.0625,0.1484375,8.953125,2.875,1.8952442956349207,0.22916666666666669,6.8984375,3.0028831845238093,0.03775524966931217
CDMS-10-5A-KSRAGU-CorrEtiq.txt,10.0,8.963302752293577,9.0,0.06422018348623854,0.21100917431192662,0.3302752293577982,0.14678899082568808,0.22935779816513763,8.963302752293577,2.743119266055046,2.0316513761467894,0.2436726372506189,6.954128440366972,3.0381170816950633,0.05949650502402796
CDMS-10-5A-SROPU-CorrEtiq.txt,10.0,9.146341463414634,9.0,0.13414634146341464,0.3353658536585366,0.14634146341463414,0.20121951219512196,0.08536585365853659,9.146341463414634,2.6280487804878048,1.9950783972125434,0.2334349593495935,7.2073170731707314,3.1184039876113046,0.022273035230352307
CDMS-10-5A-SZURO-CorrEtiq.txt,10.0,9.242424242424242,8.545454545454545,0.09090909090909091,0.15151515151515152,0.0,0.06060606060606061,0.0,8.606060606060606,3.1818181818181817,1.8607744107744109,0.224001924001924,6.575757575757576,2.877344877344877,0.0
CDMS-10-5B-SRAJA-CorrEtiq.txt,10.0,8.758064516129032,9.0,0.1881720430107527,0.3602150537634409,0.14516129032258066,0.17204301075268819,0.3333333333333333,8.758064516129032,3.4193548387096775,2.083141321044547,0.25878136200716845,6.333333333333333,2.82584058713091,0.08937958696023211
CDMS-10-5C-DAAUSA-CorrEtiq.txt,10.0,9.006896551724138,9.0,0.20689655172413793,0.32413793103448274,0.06206896551724138,0.11724137931034483,0.2482758620689655,9.006896551724138,3.1655172413793102,2.0550738916256157,0.25496442255062945,6.8068965517241375,2.979496442255063,0.06899060390439701
CDMS-10-5C-ICAPA-CorrEtiq.txt,10.0,8.767441860465116,8.604651162790697,0.0,0.18604651162790697,0.5348837209302325,0.18604651162790697,0.046511627906976744,8.44186046511628,2.372093023255814,1.9755075673680327,0.23379475821336287,6.767441860465116,2.9571797711332595,0.012812230835486648
CDMS-10-5C-JFALGI-CorrEtiq.txt,10.0,9.465753424657533,9.0,0.0,0.0,0.0,0.0,0.0958904109589041,9.465753424657533,3.0547945205479454,1.908904109589041,0.22759295499021526,7.191780821917808,3.095509893455099,0.023592085235920855
CDMS-10-5C-MAORTO-CorrEtiq.txt,10.0,9.368421052631579,8.210526315789474,0.10526315789473684,0.10526315789473684,0.0,0.0,0.0,8.789473684210526,2.473684210526316,1.7561403508771931,0.20793650793650795,6.894736842105263,2.9966583124477864,0.0
CDMS-10-5C-NBEMO-CorrEtiq.txt,10.0,9.127906976744185,8.209302325581396,0.03488372093023256,0.3372093023255814,0.20930232558139536,0.3023255813953488,0.08139534883720931,7.988372093023256,2.011627906976744,1.8206441491325214,0.21077888519748986,6.3604651162790695,2.8278423772609815,0.020483419465977606
CDMS-10-6B-ASCACO-CorrEtiq.txt,10.0,8.743589743589743,8.709401709401709,0.21367521367521367,0.6153846153846154,0.3076923076923077,0.4017094017094017,0.11965811965811966,8.418803418803419,2.5555555555555554,2.0333808167141503,0.2367928367928368,6.632478632478633,2.9176706010039344,0.032718310496088275
CDMS-10-6B-JJMOBE-CorrEtiq.txt,10.0,9.380952380952381,8.595238095238095,0.0,0.0,0.0,0.0,0.0,8.928571428571429,3.5714285714285716,1.8382275132275134,0.22101284958427816,6.5,2.8848261526832957,0.0
CDMS-11-4A-GACHSA-CorrEtiq.txt,10.0,9.193548387096774,8.761290322580646,0.025806451612903226,0.2838709677419355,0.0967741935483871,0.25806451612903225,0.04516129032258064,8.858064516129032,2.903225806451613,1.9191346646185354,0.22607782898105477,6.825806451612904,2.973783922171019,0.009826762246117086
CDMS-11-5A-EAARCA-CorrEtiq.txt,10.0,9.153846153846153,9.0,0.08241758241758242,0.25824175824175827,0.1978021978021978,0.21978021978021978,0.1978021978021978,9.153846153846153,2.5274725274725274,1.9842621664050237,0.23285801500087216,7.1923076923076925,3.108930751787895,0.04848646723646724
CDMS-11-5A-MGTHAR-CorrEtiq.txt,10.0,9.293577981651376,8.844036697247706,0.0,0.03669724770642202,0.22018348623853212,0.03669724770642202,0.12844036697247707,9.027522935779816,2.6605504587155964,1.9137614678899082,0.2258191349934469,7.018348623853211,3.053291102373671,0.03244988107373429
CDMS-11-6A-DFVEBE-CorrEtiq.txt,10.0,8.49056603773585,9.0,0.16981132075471697,0.32075471698113206,0.32075471698113206,0.1509433962264151,0.3584905660377358,8.49056603773585,3.4150943396226414,2.1525606469002696,0.2734651093141659,6.169811320754717,2.7587601078167117,0.1105121293800539
CDMS-11-6A-NMREPR-CorrEtiq.txt,10.0,8.825688073394495,9.0,0.22935779816513763,0.30275229357798167,0.3302752293577982,0.07339449541284404,0.3119266055045872,8.825688073394495,2.697247706422018,2.092267365661861,0.2540192223678462,6.834862385321101,2.996060870831513,0.0867888694723557
CDMS-11-6B-ARAHE-CorrEtiq.txt,10.0,8.655,9.0,0.4,0.37,0.45,0.17,0.2,8.655,2.745,2.1598928571428573,0.2611904761904762,6.765,2.947003968253968,0.051260251322751325
CDMS-11-6B-AVROTO-CorrEtiq.txt,10.0,9.335664335664335,9.0,0.03496503496503497,0.14685314685314685,0.1258741258741259,0.11188811188811189,0.14685314685314685,9.335664335664335,2.2867132867132867,1.9419580419580418,0.22826062826062823,7.545454545454546,3.2165334665334666,0.031921781921781925
CDMS-11-6B-EAFESA-CorrEtiq.txt,10.0,9.201680672268907,9.0,0.058823529411764705,0.14285714285714285,0.37815126050420167,0.08403361344537816,0.0,9.201680672268907,2.3361344537815127,1.9766506602641059,0.22993197278911565,7.5210084033613445,3.1883753501400562,0.0
CDMS-11-6B-EFRGR-CorrEtiq.txt,10.0,8.892523364485982,9.0,0.12149532710280374,0.19626168224299065,0.4485981308411215,0.11214953271028037,0.09813084112149532,8.892523364485982,2.869158878504673,2.0472296395193594,0.24389927310488058,6.813084112149533,2.9822912030855955,0.027102185630223017
CDMS-11-6B-EROCO-CorrEtiq.txt,10.0,8.771084337349398,8.867469879518072,0.1566265060240964,0.25301204819277107,0.5421686746987951,0.1927710843373494,0.26506024096385544,8.53012048192771,2.4216867469879517,2.0823101931535666,0.25001912411550964,6.698795180722891,2.9388697647733792,0.07965034742143176
CDMS-11-6B-JACUPE-CorrEtiq.txt,10.0,7.98,8.83,0.23,0.525,0.71,0.335,0.155,7.775,3.7,2.267670634920635,0.2868293650793651,5.235,2.472277777777778,0.05203273809523809
CDMS-11-6B-JDCHBA-CorrEtiq.txt,10.0,8.802197802197803,8.813186813186814,0.16483516483516483,0.2857142857142857,0.2967032967032967,0.12087912087912088,0.42857142857142855,8.505494505494505,2.708791208791209,2.041413744985174,0.2504491540205826,6.5,2.8772806558520845,0.11470725042153614
CDMS-11-6B-JFSAHE-CorrEtiq.txt,10.0,9.574074074074074,9.0,0.037037037037037035,0.17901234567901234,0.05555555555555555,0.1419753086419753,0.04938271604938271,9.574074074074074,2.0185185185185186,1.8882716049382715,0.21561336468743875,8.0,3.3667450519302373,0.011945587562871514
CDMS-11-6B-JLPENA-CorrEtiq.txt,10.0,9.083333333333334,8.055555555555555,0.0,0.07407407407407407,0.3333333333333333,0.07407407407407407,0.07407407407407407,7.907407407407407,2.074074074074074,1.7959141681363904,0.21422692533803644,6.277777777777778,2.7850896531452087,0.018625685871056244
CDMS-11-6B-JMARME-CorrEtiq.txt,10.0,9.099315068493151,8.883561643835616,0.09246575342465753,0.3150684931506849,0.21232876712328766,0.2226027397260274,0.0958904109589041,8.928082191780822,2.4280821917808217,1.976897151554686,0.23189280278321375,7.085616438356165,3.0668215916503585,0.025621511922881788
CDMS-11-6B-JPSAMA-CorrEtiq.txt,10.0,9.297619047619047,9.0,0.0,0.19047619047619047,0.10714285714285714,0.19047619047619047,0.16666666666666666,9.297619047619047,2.6547619047619047,1.9494047619047619,0.22945011337868482,7.309523809523809,3.1527777777777777,0.04378858024691358
CDMS-11-6B-LESTA-CorrEtiq.txt,10.0,9.16030534351145,8.221374045801527,0.06870229007633588,0.19083969465648856,0.1984732824427481,0.12213740458015267,0.08396946564885496,8.106870229007633,2.6106870229007635,1.8179571065067248,0.21627287047134375,6.267175572519084,2.787543923421786,0.020565753867280583
CDMS-11-6B-MAGIMU-CorrEtiq.txt,10.0,8.736842105263158,9.0,0.21052631578947367,0.21052631578947367,0.7894736842105263,0.0,0.0,8.736842105263158,1.7894736842105263,2.0710526315789473,0.23909774436090225,7.315789473684211,3.1152882205513786,0.0
CDMS-11-6B-MEBRTA-CorrEtiq.txt,10.0,8.702290076335878,9.0,0.3435114503816794,0.3053435114503817,0.6183206106870229,0.20610687022900764,0.061068702290076333,8.702290076335878,2.4732824427480917,2.120065430752454,0.2534048224887919,6.885496183206107,2.988234581364352,0.025420554141928186
CDMS-11-6B-MMAMO-CorrEtiq.txt,10.0,9.188940092165899,9.0,0.11059907834101383,0.2304147465437788,0.1889400921658986,0.11981566820276497,0.1152073732718894,9.188940092165899,2.6175115207373274,1.9789993416721527,0.2327298661400044,7.32258064516129,3.1435886182429957,0.029356545485577742
CDMS-11-6B-RSECA-CorrEtiq.txt,10.0,9.345679012345679,9.0,0.07407407407407407,0.2716049382716049,0.1111111111111111,0.19753086419753085,0.1111111111111111,9.345679012345679,2.037037037037037,1.9462081128747795,0.2258475406623555,7.802469135802469,3.2804232804232805,0.027712456724802402
CDMS-11-6B-SCAPA-CorrEtiq.txt,10.0,9.416666666666666,9.0,0.07575757575757576,0.07575757575757576,0.0,0.0,0.25757575757575757,9.416666666666666,2.6666666666666665,1.925,0.23003246753246753,7.4393939393939394,3.190897065897066,0.06937429854096522
CDMS-11-6B-VZAPE-CorrEtiq.txt,10.0,8.845070422535212,9.0,0.0,0.28169014084507044,0.5211267605633803,0.28169014084507044,0.09154929577464789,8.845070422535212,2.5140845070422535,2.056790744466801,0.24133132126089873,6.950704225352113,3.01645987033311,0.02510432968179447
CDMS-11-6B-YLNIME-CorrEtiq.txt,10.0,9.464285714285714,9.0,0.011904761904761904,0.10714285714285714,0.0,0.09523809523809523,0.08333333333333333,9.464285714285714,2.7857142857142856,1.9107142857142858,0.22515117157974304,7.440476190476191,3.186933106575964,0.019896384479717817
CDMS-11-7C-ICARE-CorrEtiq.txt,10.0,9.166666666666666,9.0,0.0,0.24242424242424243,0.0,0.24242424242424243,0.42424242424242425,9.166666666666666,2.727272727272727,1.9742424242424244,0.23793891293891295,7.03030303030303,3.063311688311688,0.09083894500561168
CDMS-11-7C-IMOIB-CorrEtiq.txt,10.0,9.309941520467836,9.0,0.03508771929824561,0.17543859649122806,0.0,0.14035087719298245,0.1695906432748538,9.309941520467836,3.0,1.9441520467836257,0.23184349763297135,7.105263157894737,3.0771604938271606,0.04250054147714966
CDMS-11-7C-SALMA-CorrEtiq.txt,10.0,9.177083333333334,9.0,0.09375,0.17708333333333334,0.09375,0.08333333333333333,0.0,9.177083333333334,3.4583333333333335,1.983184523809524,0.24008763227513227,6.854166666666667,3.003414351851852,0.00954861111111111
CDMS-11-7C-SPGAVE-CorrEtiq.txt,10.0,9.069444444444445,8.291666666666666,0.0,0.125,0.3472222222222222,0.125,0.16666666666666666,8.055555555555555,2.2777777777777777,1.8533068783068782,0.2197200176366843,6.25,2.7898478835978837,0.04043118018812463
CDMS-12-5A-SRIGO-CorrEtiq.txt,10.0,9.174757281553399,9.0,0.15048543689320387,0.38349514563106796,0.043689320388349516,0.23300970873786409,0.10679611650485436,9.174757281553399,2.5728155339805827,1.9988210818307905,0.23785251964863616,7.325242718446602,3.136037910309755,0.031361727538912004
CDMS-12-6A-FAROPA-CorrEtiq.txt,10.0,9.01639344262295,9.0,0.07650273224043716,0.12021857923497267,0.39344262295081966,0.08743169398907104,0.14754098360655737,9.01639344262295,2.901639344262295,2.0163153786104604,0.2397779512533611,6.939890710382514,3.024807008413566,0.038017896897678316
CDMS-12-6A-JGIGA-CorrEtiq.txt,10.0,9.4,9.0,0.044444444444444446,0.1037037037037037,0.08888888888888889,0.05925925925925926,0.0,9.4,2.911111111111111,1.927883597883598,0.2269370958259847,7.437037037037037,3.1642857142857146,0.0
CDMS-12-6A-JSOTGU-CorrEtiq.txt,10.0,9.625,8.375,0.0,0.0,0.0,0.0,0.0,8.75,1.1875,1.7357638888888889,0.20173611111111112,7.6875,3.2291666666666665,0.0
CDMS-12-6A-SROAL-CorrEtiq.txt,10.0,8.942028985507246,9.0,0.11594202898550725,0.17391304347826086,0.18840579710144928,0.057971014492753624,0.2028985507246377,8.942028985507246,3.927536231884058,2.0341614906832297,0.24942489072923854,6.27536231884058,2.8544398435702787,0.05151637144390768
CDMS-12-6B-IJDAGA-CorrEtiq.txt,10.0,8.866666666666667,9.0,0.13333333333333333,0.3244444444444444,0.44,0.2311111111111111,0.18666666666666668,8.866666666666667,2.4133333333333336,2.0573333333333332,0.24079717813051146,6.986666666666666,3.0352380952380953,0.04736625514403293
CDMS-12-6B-SCLAG-CorrEtiq.txt,10.0,7.839506172839506,8.666666666666666,0.3333333333333333,0.9135802469135802,0.37037037037037035,0.5925925925925926,0.6049382716049383,7.45679012345679,3.037037037037037,2.3255829903978054,0.3080540858318636,5.283950617283951,2.488114834411131,0.18889215494153763
CDMS-12-7C-ARAHE-CorrEtiq.txt,10.0,9.392857142857142,8.392857142857142,0.25,0.5714285714285714,0.0,0.32142857142857145,0.0,8.428571428571429,1.5357142857142858,1.7948412698412697,0.19764739229024944,7.321428571428571,3.111111111111111,0.0
CDMS-12-7C-CATRAR-CorrEtiq.txt,10.0,9.086206896551724,9.0,0.06896551724137931,0.06896551724137931,0.0,0.0,0.27586206896551724,9.086206896551724,4.137931034482759,1.9905172413793104,0.24655172413793106,6.189655172413793,2.8039135194307607,0.06843869731800767
CDMS-12-7C-DLOLO-CorrEtiq.txt,10.0,9.298507462686567,9.0,0.07462686567164178,0.31343283582089554,0.0,0.23880597014925373,0.07462686567164178,9.298507462686567,2.6417910447761193,1.9533049040511727,0.23041933191186922,7.477611940298507,3.1818881781568344,0.014614427860696517
CDMS-12-7C-JSZAOR-CorrEtiq.txt,10.0,8.625,8.645833333333334,0.0625,0.17708333333333334,0.4791666666666667,0.11458333333333333,0.28125,8.34375,2.4375,2.029356812169312,0.24939649470899472,6.4375,2.850338955026455,0.0799155368165785
CDMS-12-7C-MAROBE-CorrEtiq.txt,10.0,9.39655172413793,9.0,0.05172413793103448,0.05172413793103448,0.15517241379310345,0.0,0.1896551724137931,9.39655172413793,2.25,1.9296182266009851,0.22719622331691297,7.603448275862069,3.2412082649151617,0.043385103083378944
CDMS-12-7C-VMAPA-CorrEtiq.txt,10.0,9.8,9.0,0.0,0.0,0.0,0.0,0.0,9.8,1.9866666666666666,1.84,0.21,8.253333333333334,3.447407407407407,0.0
CDMS-12-7C-VQURA-CorrEtiq.txt,10.0,9.126865671641792,9.0,0.09701492537313433,0.27611940298507465,0.20149253731343283,0.23880597014925373,0.08955223880597014,9.126865671641792,2.529850746268657,2.00090618336887,0.23606372897417674,7.231343283582089,3.1115849324804548,0.02261756692726842
CDMS-13-6B-ASUMO-CorrEtiq.txt,10.0,8.380952380952381,8.19047619047619,0.19047619047619047,0.19047619047619047,0.0,0.0,0.3333333333333333,8.333333333333334,2.3333333333333335,1.9714285714285713,0.26734693877551025,6.190476190476191,2.7694633408919125,0.12021289997480473
CDMS-13-6B-JDTAHE-CorrEtiq.txt,10.0,8.825688073394495,8.688073394495413,0.06422018348623854,0.3302752293577982,0.3302752293577982,0.26605504587155965,0.07339449541284404,8.403669724770642,2.596330275229358,1.9804499781564002,0.23532838211737292,6.431192660550459,2.8503422163972623,0.018752123683316347
CDMS-13-7C-MVEAR-CorrEtiq.txt,10.0,8.626168224299066,9.0,0.17757009345794392,0.5607476635514018,0.3644859813084112,0.38317757009345793,0.06542056074766354,8.626168224299066,2.9158878504672896,2.1126168224299064,0.2500148345942738,6.598130841121495,2.902425456163774,0.014636181575433912
CDMS-13-7C-RAIZAC-CorrEtiq.txt,10.0,8.883495145631068,9.0,0.1262135922330097,0.2912621359223301,0.2621359223300971,0.1650485436893204,0.2912621359223301,8.883495145631068,2.621359223300971,2.060887656033287,0.24914470642625983,6.864077669902913,2.9897518878101406,0.07675039810962142
CDMS-13-7C-SSOSLO-CorrEtiq.txt,10.0,8.828125,9.0,0.15625,0.46875,0.046875,0.3125,0.328125,8.828125,3.0546875,2.0612723214285715,0.25181671626984126,6.625,2.9269593253968256,0.08030650628306879
CDMS-14-10A-IMORTO-CorrEtiq.txt,10.0,9.428571428571429,9.0,0.08571428571428572,0.2,0.0,0.11428571428571428,0.11428571428571428,9.428571428571429,2.6857142857142855,1.925204081632653,0.2264965986394558,7.557142857142857,3.2068027210884353,0.024962207105064246
CDMS-14-10A-JCVANI-CorrEtiq.txt,10.0,8.921397379912664,9.0,0.17467248908296942,0.28820960698689957,0.1572052401746725,0.11353711790393013,0.31877729257641924,8.921397379912664,2.8777292576419216,2.042732376793512,0.24940042974977472,6.751091703056769,2.9602204200457476,0.07568823502229616
CDMS-14-6B-KDCAHE-CorrEtiq.txt,10.0,8.348484848484848,8.090909090909092,0.015151515151515152,0.13636363636363635,0.4090909090909091,0.12121212121212122,0.5151515151515151,7.287878787878788,3.5,1.9828042328042328,0.26231361231361233,4.803030303030303,2.315247715247715,0.13001042167708834
CDMS-15-10A-AMALOS-CorrEtiq.txt,10.0,9.213872832369942,9.0,0.08670520231213873,0.15606936416184972,0.26011560693641617,0.11560693641618497,0.12138728323699421,9.213872832369942,2.2832369942196533,1.9763005780346818,0.23216808881548764,7.427745664739884,3.176277640150472,0.03614245955286417
CDMS-15-10A-JJMACH-CorrEtiq.txt,10.0,9.471153846153847,9.0,0.08653846153846154,0.20192307692307693,0.04326923076923077,0.11538461538461539,0.04326923076923077,9.471153846153847,2.2884615384615383,1.9173763736263738,0.22240918803418805,7.788461538461538,3.291418650793651,0.01193655881155881
CDMS-15-10A-MAALCA-CorrEtiq.txt,10.0,8.941176470588236,9.0,0.058823529411764705,0.5966386554621849,0.14285714285714285,0.5378151260504201,0.11764705882352941,8.941176470588236,2.638655462184874,2.031392557022809,0.23644791249833266,6.907563025210084,3.0217420301453912,0.030578898225957052
CDMS-15-10A-MAALRI-CorrEtiq.txt,10.0,9.072222222222223,8.905555555555555,0.11666666666666667,0.18333333333333332,0.35,0.1111111111111111,0.12222222222222222,8.944444444444445,2.477777777777778,1.9989550264550264,0.23667989417989418,7.1722222222222225,3.0907231040564374,0.04068636096413874
CDMS-15-10A-SGOMO-CorrEtiq.txt,10.0,9.032679738562091,9.0,0.1111111111111111,0.38562091503267976,0.11764705882352941,0.27450980392156865,0.0718954248366013,9.032679738562091,3.019607843137255,2.0121381886087772,0.23900300861085175,6.869281045751634,3.0046166614794068,0.017973856209150325
CDMS-15-10A-SHEGA-CorrEtiq.txt,10.0,8.61734693877551,8.826530612244898,0.33163265306122447,0.4030612244897959,0.3163265306122449,0.15306122448979592,0.18877551020408162,8.520408163265307,3.0255102040816326,2.0861637512147717,0.2553368966634273,6.438775510204081,2.8516723356009073,0.05620950761256884
CDMS-15-11B-JEMOLO-CorrEtiq.txt,10.0,8.72,8.66,0.24,0.31,0.35,0.07,0.17,8.52,2.59,1.9965158730158732,0.23923015873015874,6.68,2.9184920634920632,0.04417989417989418
CDMS-15-11B-VSAHO-CorrEtiq.txt,10.0,9.13013698630137,9.0,0.0547945205479452,0.2465753424657534,0.3082191780821918,0.2054794520547945,0.07534246575342465,9.13013698630137,2.3972602739726026,1.9906066536203524,0.2323766036094803,7.335616438356165,3.146091541639487,0.019990758860621877
CDMS-16-10A-SGALO-CorrEtiq.txt,10.0,9.666666666666666,9.0,0.0,0.0,0.0,0.0,0.13725490196078433,9.666666666666666,2.2745098039215685,1.8696078431372551,0.21792717086834734,8.019607843137255,3.3651571739807036,0.03553921568627451
CDMS-16-11B-NGABE-CorrEtiq.txt,10.0,9.19620253164557,9.0,0.08860759493670886,0.2911392405063291,0.17088607594936708,0.25316455696202533,0.18354430379746836,9.19620253164557,2.2721518987341773,1.985352622061483,0.23450874020494272,7.455696202531645,3.17804902551738,0.04641517647846762
CDMS-17-10A-ASSAMO-CorrEtiq.txt,10.0,9.359756097560975,9.0,0.12195121951219512,0.12195121951219512,0.0,0.0,0.18292682926829268,9.359756097560975,2.6036585365853657,1.9429878048780487,0.23363821138211385,7.396341463414634,3.162345141308556,0.045242531294360566
CDMS-18-7C-VVECA-CorrEtiq.txt,10.0,9.117977528089888,9.0,0.3258426966292135,0.3258426966292135,0.10112359550561797,0.0449438202247191,0.16292134831460675,9.117977528089888,2.5786516853932584,2.03061797752809,0.24938023898698056,7.314606741573034,3.1354556803995006,0.05339605255335592
CDMS-8-4A-DBEVA-CorrEtiq.txt,10.0,8.75,7.625,0.0,0.25,1.0,0.25,0.0,6.375,1.25,1.7569444444444444,0.1909722222222222,5.25,2.4360119047619047,0.0
CDMS-8-4A-DJAVDA-CorrEtiq.txt,10.0,8.5,9.0,0.06521739130434782,0.043478260869565216,0.6304347826086957,0.0,0.0,8.5,4.760869565217392,2.13555900621118,0.26618357487922706,5.543478260869565,2.592046238785369,0.0
CDMS-8-4A-DOSTR-CorrEtiq.txt,10.0,8.432203389830509,9.0,0.3305084745762712,0.4661016949152542,0.5338983050847458,0.2033898305084746,0.1864406779661017,8.432203389830509,2.906779661016949,2.1836561743341405,0.26750739843960186,6.279661016949152,2.808454398708636,0.054112299345350195
CDMS-8-4A-LGOPA-CorrEtiq.txt,10.0,8.732558139534884,8.604651162790697,0.06976744186046512,0.26744186046511625,0.18604651162790697,0.19767441860465115,0.16279069767441862,8.383720930232558,3.0930232558139537,1.9896456256921373,0.2471576227390181,5.953488372093023,2.713233665559247,0.04196582379721915
CDMS-8-4C-JDBUTU-CorrEtiq.txt,10.0,7.512820512820513,8.128205128205128,0.4358974358974359,0.5897435897435898,1.3076923076923077,0.41025641025641024,0.5384615384615384,6.3076923076923075,2.41025641025641,2.2266178266178267,0.2698412698412698,4.435897435897436,2.181155881155881,0.1680521638854972
CDMS-9-4A-ACDUTR-CorrEtiq.txt,10.0,8.128205128205128,8.23076923076923,0.46153846153846156,0.5128205128205128,0.8461538461538461,0.41025641025641024,0.0,6.846153846153846,3.230769230769231,2.1341066341066344,0.2592796092796093,4.615384615384615,2.2473341473341475,0.0
CDMS-9-4A-CARGA-CorrEtiq.txt,10.0,8.886178861788618,9.0,0.10569105691056911,0.3008130081300813,0.0975609756097561,0.1951219512195122,0.17073170731707318,8.886178861788618,3.894308943089431,2.0423344947735194,0.2509614143760485,6.138211382113822,2.7927474512840367,0.049038585623951476
CDMS-9-4A-CRAAG-CorrEtiq.txt,10.0,8.066666666666666,9.0,0.7777777777777778,0.8444444444444444,0.4444444444444444,0.24444444444444444,0.0,8.066666666666666,3.8444444444444446,2.2804761904761905,0.2777248677248677,5.644444444444445,2.598148148148148,0.0
CDMS-9-4A-EROHI-CorrEtiq.txt,10.0,8.972222222222221,9.0,0.1111111111111111,0.2777777777777778,0.25,0.16666666666666666,0.1388888888888889,8.972222222222221,2.9166666666666665,2.0194444444444444,0.24047619047619045,6.805555555555555,2.97255291005291,0.027199074074074073
CDMS-9-4A-ILOSE-CorrEtiq.txt,10.0,9.426900584795321,8.801169590643275,0.09941520467836257,0.14619883040935672,0.0,0.04678362573099415,0.12280701754385964,9.169590643274853,2.461988304093567,1.883305485937065,0.22281630000928246,7.298245614035087,3.1398078529657476,0.03098757696710914
CDMS-9-4A-TGAFR-CorrEtiq.txt,10.0,8.69047619047619,8.345238095238095,0.0,0.10714285714285714,0.35714285714285715,0.10714285714285714,0.2976190476190476,7.773809523809524,3.2261904761904763,1.9384448223733939,0.24059901738473166,5.4523809523809526,2.5436791383219957,0.0834443499622071
CDMS-9-4C-SCAMO-CorrEtiq.txt,10.0,9.432432432432432,8.908108108108108,0.05945945945945946,0.14594594594594595,0.04864864864864865,0.08648648648648649,0.08108108108108109,9.275675675675675,2.691891891891892,1.8994251394251396,0.22243243243243244,7.367567567567567,3.1618232518232516,0.020107607607607606
CDMS-9-5A-ABERO-CorrEtiq.txt,10.0,8.114427860696518,9.0,0.3383084577114428,0.7213930348258707,0.7313432835820896,0.4925373134328358,0.2537313432835821,8.114427860696518,2.63681592039801,2.264676616915423,0.2697228144989339,6.114427860696518,2.763796098870726,0.06599541972676301
CDMS-9-5A-PAGACO-CorrEtiq.txt,10.0,8.532467532467532,9.0,0.23376623376623376,0.35064935064935066,0.5844155844155844,0.22077922077922077,0.2727272727272727,8.532467532467532,2.74025974025974,2.1263450834879407,0.2553803339517625,6.5064935064935066,2.871727478870336,0.06130007558578987
CDMS-9-5A-VVAAR-CorrEtiq.txt,10.0,9.3,9.0,0.03333333333333333,0.08333333333333333,0.15,0.05,0.11666666666666667,9.3,3.0166666666666666,1.9475,0.23093915343915344,7.233333333333333,3.11521164021164,0.024151234567901237
CDMS-9-5C-JDMADE-CorrEtiq.txt,10.0,8.842794759825328,8.925764192139738,0.34934497816593885,0.36681222707423583,0.43231441048034935,0.1572052401746725,0.13537117903930132,8.733624454148472,2.3973799126637556,2.06139876620226,0.24194565744784086,6.93886462882096,3.013107368129202,0.038234155865160234
CDMS-9-5C-LVIZAC-CorrEtiq.txt,10.0,8.10880829015544,8.735751295336788,0.38341968911917096,0.6424870466321243,0.5958549222797928,0.3005181347150259,0.29015544041450775,8.05181347150259,2.3108808290155443,2.215914137675796,0.2765317871535488,6.305699481865285,2.801669545192861,0.08631363598980178
CDMS-9-5C-MLOGO-CorrEtiq.txt,10.0,8.495798319327731,9.0,0.31092436974789917,0.453781512605042,0.3025210084033613,0.14285714285714285,0.3865546218487395,8.495798319327731,3.4201680672268906,2.1600240096038417,0.2680872348939576,6.092436974789916,2.76031079098306,0.10291005291005291
CDMS-9-5C-SCAAG-CorrEtiq.txt,10.0,7.32,8.36,1.32,2.08,0.08,0.76,0.36,6.36,2.8,2.631047619047619,0.33911111111111114,4.52,2.232730158730159,0.17959259259259258
CDMS-XX-10A-VGILO-CorrEtiq.txt,10.0,9.61111111111111,8.73015873015873,0.0,0.06349206349206349,0.15873015873015872,0.06349206349206349,0.0,9.253968253968255,1.6507936507936507,1.8221781305114637,0.20682791635172587,7.865079365079365,3.302506928697405,0.0
CDMS-XX-5C-MJSARU-CorrEtiq.txt,10.0,8.751381215469614,9.0,0.2265193370165746,0.6629834254143646,0.24861878453038674,0.43646408839779005,0.11602209944751381,8.751381215469614,2.696132596685083,2.1082872928176797,0.24602297640971674,6.81767955801105,2.9907918968692453,0.03191046215908094
CDMS-XX-5C-MPCAQU-CorrEtiq.txt,10.0,9.049180327868852,9.0,0.060109289617486336,0.2786885245901639,0.14754098360655737,0.2185792349726776,0.15846994535519127,9.049180327868852,2.918032786885246,2.010382513661202,0.2411137132448608,6.852459016393443,3.007828085696938,0.03923945413016452
CDMS-XX-6A-MAGICA-CorrEtiq.txt,10.0,9.372093023255815,9.0,0.0,0.0,0.0,0.0,0.16279069767441862,9.372093023255815,3.255813953488372,1.930232558139535,0.2333887043189369,7.0,3.053248431155408,0.04005167958656331
CDMS-XX-6B-SPUCA-CorrEtiq.txt,10.0,9.037433155080214,8.973262032085561,0.22994652406417113,0.5240641711229946,0.0374331550802139,0.29411764705882354,0.0,9.02139037433155,2.7379679144385025,2.030672268907563,0.23975468975468975,7.112299465240642,3.070634920634921,0.0
CSO-10-4A-ICAPA-CorrEtiq.txt,10.0,8.166666666666666,8.805555555555555,0.25,0.3888888888888889,0.16666666666666666,0.1388888888888889,0.5833333333333334,8.055555555555555,4.583333333333333,2.1793430335097,0.28908730158730156,4.916666666666667,2.392879188712522,0.16690365961199294
CSO-10-4A-KCOMO-CorrEtiq.txt,10.0,9.439252336448599,8.682242990654206,0.04672897196261682,0.056074766355140186,0.08411214953271028,0.009345794392523364,0.06542056074766354,9.121495327102803,2.289719626168224,1.8505562972852694,0.2181649606883252,7.327102803738318,3.1462320130544428,0.017847871235721704
CSO-10-4A-LRAVI-CorrEtiq.txt,10.0,9.522727272727273,9.0,0.022727272727272728,0.20454545454545456,0.0,0.18181818181818182,0.0,9.522727272727273,2.3181818181818183,1.8965909090909092,0.218488455988456,7.7727272727272725,3.2822871572871573,0.0
CSO-10-4A-LSCAVA-CorrEtiq.txt,10.0,9.25,9.0,0.08333333333333333,0.25,0.046875,0.16666666666666666,0.1875,9.25,2.7760416666666665,1.9654761904761904,0.2342261904761905,7.276041666666667,3.122325562169312,0.039779334766313935
CSO-10-5A-ACAVA-CorrEtiq.txt,10.0,8.641304347826088,8.445652173913043,0.05434782608695652,0.17391304347826086,0.34782608695652173,0.17391304347826086,0.15217391304347827,8.043478260869565,3.25,1.9755089717046237,0.24641994478951001,5.641304347826087,2.592434437543133,0.04364001035196687
CSO-10-5A-ARACA-CorrEtiq.txt,10.0,8.550632911392405,9.0,0.36075949367088606,0.5759493670886076,0.22784810126582278,0.21518987341772153,0.2974683544303797,8.550632911392405,3.1392405063291138,2.17748643761302,0.27058468957203136,6.291139240506329,2.8177265420936304,0.08639366083986337
CSO-10-5A-DABRZA-CorrEtiq.txt,10.0,8.51336898395722,8.903743315508022,0.3422459893048128,0.5775401069518716,0.5294117647058824,0.36363636363636365,0.20855614973262032,8.39572192513369,2.3262032085561497,2.1655377302436127,0.25806383159324336,6.614973262032086,2.9214922332569393,0.0629424497071556
CSO-10-5A-GZAMA-CorrEtiq.txt,10.0,9.295454545454545,8.772727272727273,0.045454545454545456,0.045454545454545456,0.10227272727272728,0.0,0.10227272727272728,8.954545454545455,3.2954545454545454,1.8992334054834055,0.2278409090909091,6.659090909090909,2.948322510822511,0.02325336700336701
CSO-10-5A-IPECA-CorrEtiq.txt,10.0,9.385185185185184,9.0,0.02962962962962963,0.08888888888888889,0.13333333333333333,0.05925925925925926,0.15555555555555556,9.385185185185184,2.466666666666667,1.9271957671957674,0.2258612580834803,7.451851851851852,3.196972369194591,0.03873456790123457
CSO-10-5A-JANORO-CorrEtiq.txt,10.0,9.305882352941177,8.852941176470589,0.14705882352941177,0.2411764705882353,0.0,0.09411764705882353,0.09411764705882353,9.170588235294117,2.488235294117647,1.9225116713352008,0.22874883286647993,7.258823529411765,3.1226190476190476,0.024735449735449735
CSO-10-5A-JBUVE-CorrEtiq.txt,10.0,9.0,9.0,0.15833333333333333,0.43333333333333335,0.375,0.275,0.11666666666666667,9.0,1.775,2.0217857142857145,0.23132275132275132,7.516666666666667,3.199603174603175,0.03199404761904762
CSO-10-5A-JJSEMO-CorrEtiq.txt,10.0,8.75,8.134615384615385,0.17307692307692307,0.5961538461538461,0.34615384615384615,0.4230769230769231,0.0,7.615384615384615,2.1923076923076925,1.9267399267399268,0.22518315018315016,5.980769230769231,2.70473137973138,0.0
CSO-10-5A-JLCARI-CorrEtiq.txt,10.0,8.803571428571429,8.892857142857142,0.17857142857142858,0.625,0.20535714285714285,0.44642857142857145,0.13392857142857142,8.705357142857142,2.455357142857143,2.049284297052154,0.24081632653061225,6.830357142857143,2.9850765306122446,0.03659828514739229
CSO-10-5A-MAARAN-CorrEtiq.txt,10.0,9.010416666666666,9.0,0.125,0.20833333333333334,0.0625,0.08333333333333333,0.1875,9.010416666666666,3.5104166666666665,2.0207589285714285,0.24899966931216932,6.53125,2.8936011904761902,0.05109471450617284
CSO-10-5A-MAOSMO-CorrEtiq.txt,10.0,9.375886524822695,9.0,0.11347517730496454,0.2907801418439716,0.0,0.1773049645390071,0.04964539007092199,9.375886524822695,2.5319148936170213,1.9358662613981763,0.22567826184847462,7.5177304964539005,3.2109647641562535,0.012214342001576044
CSO-10-5A-RVMOIB-CorrEtiq.txt,10.0,9.261083743842365,8.832512315270936,0.10344827586206896,0.2660098522167488,0.08866995073891626,0.1625615763546798,0.06896551724137931,8.995073891625616,2.354679802955665,1.9265970756118538,0.22677691766361716,7.211822660098522,3.105579013214481,0.021004378762999456
CSO-10-5A-SVHEES-CorrEtiq.txt,10.0,8.83068783068783,8.91005291005291,0.09523809523809523,0.30687830687830686,0.42857142857142855,0.25396825396825395,0.037037037037037035,8.698412698412698,2.740740740740741,2.0428235491727555,0.24285294364659446,6.698412698412699,2.9420592928529437,0.01432350718065004
CSO-11-5A-MDVOSPE-CorrEtiq.txt,10.0,9.04,9.0,0.18,0.3466666666666667,0.06,0.16666666666666666,0.2866666666666667,9.04,2.6533333333333333,2.025190476190476,0.24625396825396825,7.04,3.0459153439153437,0.06999559082892416
CSO-11-5A-MTAGA-CorrEtiq.txt,10.0,9.25,8.37037037037037,0.0,0.0,0.25925925925925924,0.0,0.07407407407407407,8.648148148148149,2.287037037037037,1.827285420340976,0.2180922986478542,6.87037037037037,2.9821502057613167,0.019504458161865572
CSO-11-6A-CAPAMU-CorrEtiq.txt,10.0,8.883177570093459,8.841121495327103,0.1588785046728972,0.38317757009345793,0.08411214953271028,0.22429906542056074,0.2336448598130841,8.72429906542056,2.94392523364486,2.009145527369826,0.24421821688176829,6.5607476635514015,2.887142115413144,0.06286901053256194
CSO-11-6A-DSCACH-CorrEtiq.txt,10.0,9.358024691358025,9.0,0.030864197530864196,0.12962962962962962,0.05555555555555555,0.09876543209876543,0.043209876543209874,9.358024691358025,3.1358024691358026,1.9359347442680777,0.2291397217323143,7.197530864197531,3.1150548696844993,0.009859396433470509
CSO-11-6A-EROMO-CorrEtiq.txt,10.0,9.505747126436782,8.804597701149426,0.07471264367816093,0.21264367816091953,0.05172413793103448,0.13793103448275862,0.0,9.172413793103448,2.0919540229885056,1.8701970443349754,0.21563127166575444,7.557471264367816,3.211722313446451,0.0
CSO-11-6A-FSOVRE-CorrEtiq.txt,10.0,8.861842105263158,8.552631578947368,0.19736842105263158,0.5263157894736842,0.11842105263157894,0.32894736842105265,0.09868421052631579,8.243421052631579,2.6842105263157894,1.968781328320802,0.23519736842105263,6.302631578947368,2.8144736842105265,0.025496466861598444
CSO-11-6B-ANREVA-CorrEtiq.txt,10.0,9.351851851851851,9.0,0.0,0.17592592592592593,0.16666666666666666,0.17592592592592593,0.0,9.351851851851851,2.740740740740741,1.9372354497354496,0.22436067019400352,7.324074074074074,3.170708406819518,0.0
CSO-11-6B-DISEMO-CorrEtiq.txt,10.0,9.121212121212121,7.515151515151516,0.12121212121212122,0.12121212121212122,0.0,0.0,0.0,7.575757575757576,1.606060606060606,1.6496873496873496,0.20108225108225108,6.0,2.7184223184223186,0.0
CSO-11-6B-LHFDLACH-CorrEtiq.txt,10.0,8.908536585365853,9.0,0.2926829268292683,0.5609756097560976,0.10975609756097561,0.2682926829268293,0.10975609756097561,8.908536585365853,2.6219512195121952,2.0507404181184667,0.24377177700348432,7.103658536585366,3.06527293844367,0.02531616982836495
CSO-11-6B-RJGIHE-CorrEtiq.txt,10.0,8.840579710144928,9.0,0.0,0.028985507246376812,0.6521739130434783,0.028985507246376812,0.2028985507246377,8.840579710144928,2.6666666666666665,2.0510351966873706,0.24382332643202206,6.7101449275362315,2.960605014952841,0.05510984587071544
CSO-11-6B-SFLVA-CorrEtiq.txt,10.0,9.092307692307692,9.0,0.15384615384615385,0.49230769230769234,0.0,0.3384615384615385,0.1076923076923077,9.092307692307692,2.523076923076923,2.001758241758242,0.23713064713064713,7.3076923076923075,3.1323565323565323,0.03562779812779813
CSO-11-6B-VCOMA-CorrEtiq.txt,10.0,9.098958333333334,9.0,0.19791666666666666,0.3333333333333333,0.09375,0.13541666666666666,0.1875,9.098958333333334,2.65625,2.002715773809524,0.23936425264550265,7.1875,3.0979910714285714,0.05147707231040565
CSO-12-6A-DGISE-CorrEtiq.txt,10.0,8.975,8.15,0.0,0.35,0.3,0.35,0.025,8.2,1.4,1.8191666666666666,0.20960317460317462,6.925,3.0003968253968254,0.006481481481481481
CSO-12-6A-FJOVRE-CorrEtiq.txt,10.0,8.578616352201259,8.641509433962264,0.1761006289308176,0.4339622641509434,0.559748427672956,0.2641509433962264,0.1761006289308176,8.050314465408805,2.2955974842767297,2.0590745732255167,0.24631127083957274,6.364779874213837,2.820609963062793,0.0476668829656251
CSO-12-6B-GQULO-CorrEtiq.txt,10.0,9.171597633136095,9.0,0.05325443786982249,0.24260355029585798,0.21301775147928995,0.1893491124260355,0.17751479289940827,9.171597633136095,2.4615384615384617,1.9821639898562975,0.2328261482107636,7.3076923076923075,3.1411665257819106,0.04714082214082214
CSO-12-6B-LJHEFE-CorrEtiq.txt,10.0,8.753424657534246,8.91324200913242,0.1872146118721461,0.3789954337899543,0.2694063926940639,0.1917808219178082,0.1917808219178082,8.703196347031964,2.8812785388127855,2.084239327390012,0.25466043342755673,6.589041095890411,2.902525911430021,0.04858483728346742
CSO-12-6B-VPAMA-CorrEtiq.txt,10.0,9.38888888888889,9.0,0.0,0.0,0.5,0.0,0.0,9.38888888888889,1.7777777777777777,1.9222222222222223,0.21666666666666667,8.055555555555555,3.364197530864198,0.0
CSO-12-7A-DALRE-CorrEtiq.txt,10.0,8.12962962962963,9.0,0.5185185185185185,0.6666666666666666,0.0,0.14814814814814814,0.12962962962962962,8.12962962962963,5.148148148148148,2.258068783068783,0.3000881834215168,4.685185185185185,2.3418430335097002,0.033289241622574954
CSO-12-7A-ESALA-CorrEtiq.txt,10.0,9.586538461538462,9.0,0.0,0.038461538461538464,0.08653846153846154,0.038461538461538464,0.028846153846153848,9.586538461538462,2.2884615384615383,1.887706043956044,0.21867368742368745,7.826923076923077,3.3044871794871797,0.0071225071225071235
CSO-12-7A-IMERO-CorrEtiq.txt,10.0,8.787096774193548,9.0,0.13548387096774195,0.3032258064516129,0.23225806451612904,0.16774193548387098,0.14838709677419354,8.787096774193548,3.412903225806452,2.0757142857142856,0.2555913978494624,6.367741935483871,2.8430107526881723,0.0443484383000512
CSO-12-7A-JHEZA-CorrEtiq.txt,10.0,9.023696682464456,9.0,0.21800947867298578,0.45023696682464454,0.08530805687203792,0.23222748815165878,0.17535545023696683,9.023696682464456,2.5213270142180093,2.050304671631686,0.24931166779508013,7.156398104265403,3.0841044158579702,0.04942638982923343
CSO-12-7A-LSARAR-CorrEtiq.txt,10.0,9.271428571428572,8.757142857142858,0.1,0.1,0.3,0.0,0.0,8.914285714285715,2.1714285714285713,1.9046485260770976,0.22188208616780045,7.3,3.1096371882086165,0.0
CSO-12-7A-SCAHO-CorrEtiq.txt,10.0,9.186170212765957,8.819148936170214,0.13297872340425532,0.21808510638297873,0.09574468085106383,0.0851063829787234,0.18617021276595744,8.877659574468085,2.797872340425532,1.9477034785545424,0.23376815265113135,6.829787234042553,2.9881670043904083,0.05187120060790274
CSO-12-7B-DVAGRO-CorrEtiq.txt,10.0,8.661764705882353,9.0,0.19852941176470587,0.39705882352941174,0.5220588235294118,0.19852941176470587,0.21323529411764705,8.661764705882353,2.301470588235294,2.141859243697479,0.2582691409897292,6.882352941176471,2.9951680672268908,0.06868143090569562
CSO-12-7B-SMUGU-CorrEtiq.txt,10.0,8.98019801980198,8.772277227722773,0.1485148514851485,0.2376237623762376,0.1782178217821782,0.0891089108910891,0.07920792079207921,8.603960396039604,3.257425742574257,1.9753732516108755,0.23914820053433916,6.287128712871287,2.81003457488606,0.017707187385405207
CSO-12-7B-SSARA-CorrEtiq.txt,10.0,9.183098591549296,9.0,0.14553990610328638,0.3474178403755869,0.09389671361502347,0.20187793427230047,0.09859154929577464,9.183098591549296,2.6619718309859155,1.9796109993293092,0.23234592741634996,7.272300469483568,3.1284372904091216,0.027018593039719804
CSO-12-7B-VHOMA-CorrEtiq.txt,10.0,9.12,9.0,0.064,0.256,0.144,0.256,0.28,9.12,2.584,2.0002285714285715,0.2396,7.168,3.096031746031746,0.07149047619047619
CSO-12-8A-YTOME-CorrEtiq.txt,10.0,8.943548387096774,9.0,0.08064516129032258,0.47580645161290325,0.14516129032258066,0.3951612903225806,0.22580645161290322,8.943548387096774,2.5725806451612905,2.0566244239631337,0.24627496159754225,6.903225806451613,3.0277265745007678,0.06908922171018946
CSO-13-6A-ANASA-CorrEtiq.txt,10.0,9.422680412371134,8.824742268041238,0.03608247422680412,0.08247422680412371,0.04639175257731959,0.04639175257731959,0.14432989690721648,9.242268041237113,2.5051546391752577,1.8821469481263295,0.2219276714122075,7.335051546391752,3.1446408116511213,0.03591542573501337
CSO-13-6B-JETAVE-CorrEtiq.txt,10.0,9.201149425287356,8.591954022988507,0.10344827586206896,0.3448275862068966,0.05172413793103448,0.2413793103448276,0.12643678160919541,8.724137931034482,2.4367816091954024,1.8833105272760444,0.2207763181901113,6.919540229885057,3.0046478744754603,0.03188096758499057
CSO-13-6B-LFMIES-CorrEtiq.txt,10.0,9.484848484848484,7.712121212121212,0.0,0.12121212121212122,0.0,0.12121212121212122,0.015151515151515152,7.818181818181818,1.8484848484848484,1.6321548821548824,0.19065656565656566,6.257575757575758,2.768241943241943,0.002840909090909091
CSO-13-6B-LJMAHU-CorrEtiq.txt,10.0,9.0,8.655737704918034,0.13114754098360656,0.39344262295081966,0.29508196721311475,0.39344262295081966,0.0,8.540983606557377,2.6721311475409837,1.9385766328389278,0.22438199323445224,6.590163934426229,2.900013010668748,0.0
CSO-13-7A-CAPAMU-CorrEtiq.txt,10.0,8.86,8.886666666666667,0.14,0.36,0.1,0.22,0.22,8.786666666666667,3.1733333333333333,2.0323174603174605,0.25019047619047624,6.453333333333333,2.877783068783069,0.05453130511463845
CSO-13-7A-CDDITR-CorrEtiq.txt,10.0,9.095238095238095,9.0,0.023809523809523808,0.21428571428571427,0.0,0.19047619047619047,0.27380952380952384,9.095238095238095,3.5952380952380953,1.9874999999999998,0.24171390778533636,6.488095238095238,2.8964002267573696,0.06980268959435627
CSO-13-7A-JJATFL-CorrEtiq.txt,10.0,9.288461538461538,8.173076923076923,0.23076923076923078,0.2692307692307692,0.0,0.038461538461538464,0.17307692307692307,8.23076923076923,1.8461538461538463,1.7879426129426128,0.21205738705738705,6.6923076923076925,2.9365079365079367,0.049170736670736674
CSO-13-7A-KRAMA-CorrEtiq.txt,10.0,8.857142857142858,7.785714285714286,0.0,0.03571428571428571,0.32142857142857145,0.03571428571428571,0.0,8.214285714285714,1.6428571428571428,1.752607709750567,0.21366213151927438,6.571428571428571,2.911111111111111,0.0
CSO-13-7A-RXCHLU-CorrEtiq.txt,10.0,8.984,9.0,0.168,0.424,0.0,0.256,0.056,8.984,3.704,2.0247428571428574,0.24554285714285715,6.576,2.908952380952381,0.01937830687830688
CSO-13-7A-YAMEZA-CorrEtiq.txt,10.0,9.148760330578513,9.0,0.14325068870523416,0.2809917355371901,0.049586776859504134,0.13774104683195593,0.14049586776859505,9.148760330578513,2.834710743801653,1.9915190869736323,0.23996458087367178,7.115702479338843,3.0711683938956664,0.03302851749821447
CSO-13-8A-KIGAGU-CorrEtiq.txt,10.0,8.882882882882884,9.0,0.1891891891891892,0.34234234234234234,0.4594594594594595,0.22522522522522523,0.1981981981981982,8.882882882882884,1.9189189189189189,2.0516087516087516,0.24036894036894035,7.333333333333333,3.1302087802087804,0.04132108298774965
CSO-13-8A-MBUAN-CorrEtiq.txt,10.0,9.516129032258064,6.935483870967742,0.0,0.0,0.0,0.0,0.0,6.838709677419355,1.3225806451612903,1.464516129032258,0.17347670250896058,5.548387096774194,2.5380184331797238,0.0
CSO-13-8A-MGAAN-CorrEtiq.txt,10.0,9.428030303030303,8.840909090909092,0.10227272727272728,0.16287878787878787,0.10606060606060606,0.06060606060606061,0.06060606060606061,9.204545454545455,1.996212121212121,1.893867243867244,0.22034632034632035,7.632575757575758,3.232097763347763,0.016008046737213403
CSO-13-8A-MGAHE-CorrEtiq.txt,10.0,9.16826923076923,9.0,0.08173076923076923,0.3605769230769231,0.04326923076923077,0.27884615384615385,0.07692307692307693,9.16826923076923,3.1298076923076925,2.0023351648351646,0.23806852869352868,7.0,3.0566926129426126,0.02448870573870574
CSO-13-8A-MJAGA-CorrEtiq.txt,10.0,8.60919540229885,9.0,0.22413793103448276,0.46551724137931033,0.3850574712643678,0.29310344827586204,0.27011494252873564,8.60919540229885,2.9655172413793105,2.13136288998358,0.25655902207626347,6.459770114942529,2.8735221674876845,0.07353281031441951
CSO-13-8A-VHODU-CorrEtiq.txt,10.0,9.292993630573248,8.885350318471337,0.12738853503184713,0.28662420382165604,0.0,0.1592356687898089,0.14012738853503184,9.286624203821656,2.229299363057325,1.9344505105651602,0.22999696693964208,7.547770700636943,3.219563239308462,0.03537938529976747
CSO-13-8B-FCJISA-CorrEtiq.txt,10.0,9.554347826086957,8.815217391304348,0.05434782608695652,0.14130434782608695,0.0,0.08695652173913043,0.07608695652173914,9.391304347826088,2.25,1.851207729468599,0.214095928226363,7.663043478260869,3.261904761904762,0.018719806763285024
CSO-13-8B-JEMABE-CorrEtiq.txt,10.0,8.459016393442623,8.442622950819672,0.2459016393442623,0.6065573770491803,0.11475409836065574,0.36065573770491804,0.26229508196721313,7.540983606557377,3.622950819672131,2.0343351548269584,0.25482695810564665,5.016393442622951,2.408886286755139,0.08017282504987422
CSO-13-9B-DMLLLU-CorrEtiq.txt,10.0,8.542372881355933,7.8474576271186445,0.0,0.13559322033898305,0.559322033898305,0.13559322033898305,0.11864406779661017,7.52542372881356,1.694915254237288,1.8664245359160614,0.22995695453322573,6.169491525423729,2.727333871401668,0.030871670702179173
CSO-14-7A-MVEBE-CorrEtiq.txt,10.0,9.833333333333334,9.0,0.0,0.0,0.0,0.0,0.0,9.833333333333334,1.8333333333333333,1.8333333333333333,0.20833333333333334,8.416666666666666,3.467592592592592,0.0
CSO-14-7B-EALHU-CorrEtiq.txt,10.0,9.11111111111111,5.777777777777778,0.1111111111111111,0.4444444444444444,0.0,0.3333333333333333,0.0,5.111111111111111,1.3333333333333333,1.2728395061728395,0.1447089947089947,3.7777777777777777,1.962962962962963,0.0
CSO-14-7B-EVEGO-CorrEtiq.txt,10.0,9.310734463276836,9.0,0.062146892655367235,0.1807909604519774,0.05084745762711865,0.11864406779661017,0.11864406779661017,9.310734463276836,2.7175141242937855,1.9491928974979822,0.231656353690252,7.293785310734464,3.137032553134248,0.031435895136460106
CSO-14-8A-AQUMA-CorrEtiq.txt,10.0,8.910569105691057,8.861788617886178,0.08130081300813008,0.1951219512195122,0.14634146341463414,0.11382113821138211,0.14634146341463414,8.788617886178862,3.5365853658536586,2.0101496967350627,0.24794812233836624,6.341463414634147,2.828829526390502,0.035593302361595046
CSO-14-8A-MCIDOS-CorrEtiq.txt,10.0,8.473684210526315,9.0,0.0,0.8421052631578947,0.47368421052631576,0.8421052631578947,0.0,8.473684210526315,2.736842105263158,2.14812030075188,0.24452798663324976,6.368421052631579,2.829782790309106,0.0
CSO-14-8A-SZARA-CorrEtiq.txt,10.0,8.561797752808989,8.617977528089888,0.07865168539325842,0.38202247191011235,0.0,0.30337078651685395,0.29213483146067415,8.426966292134832,3.269662921348315,2.034769038701623,0.2640271089709292,5.98876404494382,2.7115391474942037,0.08285550799595744
CSO-14-8B-JLLORA-CorrEtiq.txt,10.0,8.774193548387096,9.0,0.13978494623655913,0.13978494623655913,0.3225806451612903,0.0,0.15053763440860216,8.774193548387096,3.6236559139784945,2.0719662058371737,0.25663082437275986,6.32258064516129,2.817204301075269,0.03726105137395461
CSO-14-9A-AEDCAGO-CorrEtiq.txt,10.0,9.152941176470588,8.894117647058824,0.09411764705882353,0.23529411764705882,0.052941176470588235,0.1411764705882353,0.041176470588235294,9.023529411764706,3.0588235294117645,1.9618767507002801,0.2357329598506069,6.811764705882353,2.969612511671335,0.01105392156862745
CSO-14-9A-HASACA-CorrEtiq.txt,10.0,9.338345864661655,8.87218045112782,0.015037593984962405,0.07518796992481203,0.12030075187969924,0.06015037593984962,0.05263157894736842,9.1203007518797,2.8796992481203008,1.90969089390142,0.22543859649122808,6.954887218045113,3.030755460078768,0.01294903926482874
CSO-14-9A-JSMAAL-CorrEtiq.txt,10.0,9.376237623762377,9.0,0.0,0.07920792079207921,0.0891089108910891,0.07920792079207921,0.0891089108910891,9.376237623762377,2.702970297029703,1.9292079207920791,0.22818639006757818,7.346534653465347,3.1504007543611507,0.020764576457645765
CSO-14-9A-MARJA-CorrEtiq.txt,10.0,9.439655172413794,9.0,0.05172413793103448,0.05172413793103448,0.15517241379310345,0.0,0.1810344827586207,9.439655172413794,2.413793103448276,1.9178571428571427,0.22417898193760263,7.603448275862069,3.251368363437329,0.04579342273307791
CSO-14-9A-SORZU-CorrEtiq.txt,10.0,8.5929203539823,8.699115044247788,0.23893805309734514,0.3185840707964602,0.25663716814159293,0.07964601769911504,0.1415929203539823,8.150442477876107,3.920353982300885,2.066954628459053,0.25993117010816125,5.663716814159292,2.6053097345132743,0.04589830032307909
CSO-14-9B-ERAGA-CorrEtiq.txt,10.0,9.0,9.0,0.1834862385321101,0.11009174311926606,0.41284403669724773,0.0,0.14678899082568808,9.0,2.8256880733944953,2.022280471821756,0.2405635648754915,6.972477064220183,3.040075724479394,0.04031964467744284
CSO-14-9B-MFEGA-CorrEtiq.txt,10.0,9.028985507246377,9.0,0.10144927536231885,0.4057971014492754,0.1956521739130435,0.30434782608695654,0.050724637681159424,9.028985507246377,2.782608695652174,2.0098343685300204,0.23527720266850702,7.036231884057971,3.0496031746031744,0.015551913196840735
CSO-15-10A-LJRAGU-CorrEtiq.txt,10.0,9.162303664921465,8.55497382198953,0.03664921465968586,0.33507853403141363,0.09424083769633508,0.29842931937172773,0.13612565445026178,8.62303664921466,2.2931937172774868,1.8933100639906921,0.22424582398404388,6.81151832460733,2.970086428986953,0.034905399041524704
CSO-15-10A-MAARLO-CorrEtiq.txt,10.0,8.767441860465116,8.616279069767442,0.09302325581395349,0.18604651162790697,0.5232558139534884,0.18604651162790697,0.32558139534883723,8.267441860465116,2.244186046511628,1.9930232558139536,0.2381044665928387,6.337209302325581,2.8236434108527133,0.08279115909929864
CSO-15-10A-SFEGA-CorrEtiq.txt,10.0,9.270833333333334,8.645833333333334,0.0,0.0,0.375,0.0,0.0,8.875,1.625,1.869675925925926,0.2167989417989418,7.479166666666667,3.1750165343915344,0.0
CSO-15-10B-MEBUAR-CorrEtiq.txt,10.0,8.975,9.0,0.325,0.4583333333333333,0.075,0.13333333333333333,0.21666666666666667,8.975,2.45,2.0751785714285713,0.2551851851851852,7.2,3.0859391534391536,0.06664462081128747
CSO-15-10B-YVBUAN-CorrEtiq.txt,10.0,9.194444444444445,9.0,0.0,0.1111111111111111,0.25,0.1111111111111111,0.09722222222222222,9.194444444444445,2.9583333333333335,1.9697420634920637,0.23203262786596118,7.097222222222222,3.0701609347442678,0.022183641975308643
CSO-15-10C-ALBAHO-CorrEtiq.txt,10.0,10.0,9.0,0.0,0.0,0.0,0.0,0.0,10.0,1.0,1.8000000000000003,0.2,9.0,3.6666666666666665,0.0
CSO-15-10C-SSCAMO-CorrEtiq.txt,10.0,8.890688259109313,9.0,0.27530364372469635,0.27530364372469635,0.242914979757085,0.0,0.2793522267206478,8.890688259109313,2.6801619433198383,2.0770676691729326,0.255131418289313,6.939271255060729,3.0094563331405437,0.07577678169783432
CSO-15-11C-JETALO-CorrEtiq.txt,10.0,8.59433962264151,9.0,0.29245283018867924,0.46226415094339623,0.19811320754716982,0.2028301886792453,0.3113207547169811,8.59433962264151,3.2547169811320753,2.15633423180593,0.2714547768793052,6.320754716981132,2.8074648098233004,0.08757144105021464
CSO-15-7B-JCRAGA-CorrEtiq.txt,10.0,9.181818181818182,9.0,0.0,0.0,0.3181818181818182,0.0,0.0,9.181818181818182,3.25,1.9878246753246755,0.23841991341991342,6.9772727272727275,3.018939393939394,0.0
CSO-15-8A-VBMABR-CorrEtiq.txt,10.0,9.091743119266056,9.0,0.10091743119266056,0.1834862385321101,0.1651376146788991,0.08256880733944955,0.06422018348623854,9.091743119266056,3.385321100917431,1.9955439056356488,0.23949322848405416,6.743119266055046,2.9688000582495992,0.016670914033299355
CSO-15-8B-KEPOGO-CorrEtiq.txt,10.0,9.306451612903226,9.0,0.016129032258064516,0.15053763440860216,0.04838709677419355,0.13440860215053763,0.15053763440860216,9.306451612903226,2.7580645161290325,1.9511904761904761,0.23363201911589007,7.306451612903226,3.136222051544632,0.03930384877965523
CSO-15-9B-ALRIHE-CorrEtiq.txt,10.0,9.447058823529412,9.0,0.052941176470588235,0.1,0.10588235294117647,0.047058823529411764,0.08235294117647059,9.447058823529412,2.4705882352941178,1.9184453781512605,0.22424836601307188,7.605882352941176,3.237861811391223,0.020165343915343917
CSO-15-9B-AMSAGO-CorrEtiq.txt,10.0,9.540983606557377,9.0,0.01639344262295082,0.14754098360655737,0.0,0.13114754098360656,0.0,9.540983606557377,2.540983606557377,1.8983606557377048,0.2210122300286235,7.737704918032787,3.2871454592766067,0.0
CSO-15-9B-JCAPA-CorrEtiq.txt,10.0,9.159722222222221,8.76388888888889,0.020833333333333332,0.1875,0.125,0.16666666666666666,0.24305555555555555,8.79861111111111,2.5277777777777777,1.931189373897707,0.23153659611992947,6.763888888888889,2.9673666225749558,0.060164976484420936
CSO-15-9B-KSBEJA-CorrEtiq.txt,10.0,9.092436974789916,8.428571428571429,0.07563025210084033,0.11764705882352941,0.11764705882352941,0.04201680672268908,0.20168067226890757,8.46218487394958,2.865546218487395,1.867126850740296,0.22799119647859142,6.4789915966386555,2.863992263572096,0.05607631941665555
CSO-15-9B-RMCHLU-CorrEtiq.txt,10.0,9.370689655172415,9.0,0.08620689655172414,0.23275862068965517,0.0,0.14655172413793102,0.08620689655172414,9.370689655172415,2.7672413793103448,1.934051724137931,0.22686781609195403,7.413793103448276,3.1782293377120965,0.021392081736909326
CSO-15-9B-SJAGRO-CorrEtiq.txt,10.0,9.382716049382717,9.0,0.1728395061728395,0.2222222222222222,0.05555555555555555,0.04938271604938271,0.06172839506172839,9.382716049382717,2.382716049382716,1.9423721340388007,0.22759161277679799,7.648148148148148,3.2304379776601997,0.016497648442092887
CSO-16-10A-JEGAHE-CorrEtiq.txt,10.0,7.318181818181818,8.363636363636363,0.5909090909090909,0.5909090909090909,0.36363636363636365,0.0,0.5454545454545454,7.045454545454546,4.0,2.3495670995670994,0.34455266955266955,4.590909090909091,2.1723665223665223,0.20320165945165944
CSO-16-10A-MSACO-CorrEtiq.txt,10.0,8.794117647058824,9.0,0.35294117647058826,0.35294117647058826,0.0,0.0,0.2647058823529412,8.794117647058824,3.3529411764705883,2.0766806722689077,0.2601540616246498,6.147058823529412,2.7896825396825395,0.07492997198879552
CSO-16-10A-SMOUT-CorrEtiq.txt,10.0,9.214285714285714,6.857142857142857,0.0,0.0,0.0,0.0,0.0,5.642857142857143,3.4285714285714284,1.5257936507936507,0.1933106575963719,3.2142857142857144,1.7971088435374152,0.0
CSO-16-10A-YKMUJO-CorrEtiq.txt,10.0,9.125,9.0,0.0,0.4,0.0,0.4,0.0,9.125,3.3,1.985,0.23613095238095236,6.825,2.975892857142857,0.0
CSO-16-10B-JESUGU-CorrEtiq.txt,10.0,8.976744186046512,8.80232558139535,0.06976744186046512,0.06976744186046512,0.20930232558139536,0.0,0.16279069767441862,8.86046511627907,3.0813953488372094,1.9762643041712809,0.24337393872277593,6.6395348837209305,2.91625138427464,0.03081395348837209
CSO-16-10B-LTVIFA-CorrEtiq.txt,10.0,9.279411764705882,9.0,0.0,0.23529411764705882,0.0,0.23529411764705882,0.3088235294117647,9.279411764705882,2.4558823529411766,1.958298319327731,0.2336951447245565,7.25,3.1301353874883286,0.07691798941798943
CSO-16-10B-VVILI-CorrEtiq.txt,10.0,9.417266187050359,9.0,0.02877697841726619,0.17266187050359713,0.12949640287769784,0.14388489208633093,0.0,9.417266187050359,2.338129496402878,1.9228160328879755,0.22238209432454037,7.640287769784172,3.2466598150051387,0.0
CSO-16-10C-ACALGU-CorrEtiq.txt,10.0,9.11111111111111,8.82010582010582,0.10052910052910052,0.2275132275132275,0.047619047619047616,0.12698412698412698,0.21164021164021163,8.91005291005291,2.8253968253968256,1.958734357940707,0.23838498362307886,6.7936507936507935,2.972423784328546,0.050183365527280865
CSO-16-10C-MAVAVE-CorrEtiq.txt,10.0,9.470588235294118,9.0,0.07352941176470588,0.15441176470588236,0.0,0.08088235294117647,0.09558823529411764,9.470588235294118,2.4191176470588234,1.917699579831933,0.2257703081232493,7.654411764705882,3.2543183940242764,0.024557461873638345
CSO-16-11A-JAVABO-CorrEtiq.txt,10.0,9.211764705882352,9.0,0.023529411764705882,0.21176470588235294,0.10588235294117647,0.18823529411764706,0.16470588235294117,9.211764705882352,3.011764705882353,1.9617647058823529,0.2318860877684407,6.9411764705882355,3.0541083099906627,0.041230936819172115
CSO-16-11A-JDMUVA-CorrEtiq.txt,10.0,9.41566265060241,9.0,0.05421686746987952,0.20481927710843373,0.10843373493975904,0.15060240963855423,0.0,9.41566265060241,2.2650602409638556,1.9255163511187607,0.22248039778160258,7.734939759036145,3.2685264868999813,0.0
CSO-16-11A-VZAOR-CorrEtiq.txt,10.0,9.330985915492958,9.0,0.15492957746478872,0.2676056338028169,0.06338028169014084,0.11267605633802817,0.16901408450704225,9.330985915492958,2.3732394366197185,1.952867203219316,0.22887323943661972,7.570422535211268,3.228694388553543,0.04291675981816827
CSO-16-11B-KRORE-CorrEtiq.txt,10.0,9.227941176470589,9.0,0.16176470588235295,0.22058823529411764,0.0661764705882353,0.058823529411764705,0.21323529411764705,9.227941176470589,2.610294117647059,2.0068802521008404,0.2463468720821662,7.404411764705882,3.1653011204481794,0.058894043728602546
CSO-16-11B-LLOZA-CorrEtiq.txt,10.0,9.172413793103448,8.804597701149426,0.10919540229885058,0.3333333333333333,0.0,0.22413793103448276,0.1896551724137931,8.936781609195402,2.5919540229885056,1.9543559569421638,0.23564586754241929,7.005747126436781,3.0309706257982123,0.04989015082405887
CSO-16-11B-YAROMO-CorrEtiq.txt,10.0,9.272373540856032,8.867704280155642,0.16731517509727625,0.245136186770428,0.07003891050583658,0.07782101167315175,0.10116731517509728,9.202334630350194,2.385214007782101,1.9370267432524242,0.22818541164844666,7.428015564202335,3.1767370761534184,0.023319282317336796
CSO-16-9A-JALEMO-CorrEtiq.txt,10.0,9.35483870967742,9.0,0.08755760368663594,0.2304147465437788,0.12442396313364056,0.14285714285714285,0.09216589861751152,9.35483870967742,2.2995391705069124,1.9394338380513496,0.22525784507351326,7.626728110599078,3.243050983834394,0.021023821715065952
CSO-16-9A-JPROSO-CorrEtiq.txt,10.0,9.158536585365853,9.0,0.1016260162601626,0.23983739837398374,0.1910569105691057,0.13821138211382114,0.14227642276422764,9.158536585365853,2.5203252032520327,1.9861207897793263,0.2345399406375016,7.288617886178862,3.1301458252677765,0.040085817524841916
CSO-16-9A-JSMAGU-CorrEtiq.txt,10.0,9.131944444444445,9.0,0.1111111111111111,0.22916666666666666,0.125,0.11805555555555555,0.09722222222222222,9.131944444444445,2.986111111111111,1.9968750000000002,0.2396384479717813,7.013888888888889,3.034617504409171,0.023393867577895355
CSO-16-9B-SJPAJI-CorrEtiq.txt,10.0,8.590909090909092,8.886363636363637,0.06818181818181818,0.25,0.36363636363636365,0.18181818181818182,0.11363636363636363,8.522727272727273,3.9318181818181817,2.094949494949495,0.2621933621933622,6.0,2.698322510822511,0.022253787878787876
CSO-17-10A-YVGOCA-CorrEtiq.txt,10.0,9.705128205128204,8.602564102564102,0.0,0.0,0.11538461538461539,0.0,0.0,9.14102564102564,1.7435897435897436,1.7787749287749288,0.20255392755392757,7.67948717948718,3.253306878306878,0.0
CSO-17-10B-EHECO-CorrEtiq.txt,10.0,9.475247524752476,8.663366336633663,0.009900990099009901,0.009900990099009901,0.0,0.0,0.2079207920792079,9.029702970297029,2.3267326732673266,1.8447980512336948,0.22211221122112212,7.128712871287129,3.0826654093980825,0.054462648645816965
CSO-17-10B-YCQUVE.txt,10.0,9.072625698324023,8.335195530726256,0.10614525139664804,0.3407821229050279,0.1564245810055866,0.2346368715083799,0.0782122905027933,8.368715083798882,2.0670391061452515,1.854079099051166,0.21797020484171323,6.737430167597766,2.9443735035913803,0.022080340516094706
CSO-17-11A-DJAPA-CorrEtiq.txt,10.0,8.71875,8.203125,0.078125,0.3125,0.15625,0.234375,0.109375,7.90625,3.0,1.9057291666666667,0.23644593253968255,5.8125,2.632142857142857,0.03385933366402116
CSO-17-11A-JDAMO-CorrEtiq.txt,10.0,9.174603174603174,9.0,0.07936507936507936,0.07936507936507936,0.0,0.0,0.1111111111111111,9.174603174603174,4.26984126984127,1.9753968253968255,0.24285714285714285,6.4603174603174605,2.881204333585286,0.028769841269841268
CSO-17-11A-NPAHE-CorrEtiq.txt,10.0,8.825806451612904,9.0,0.1870967741935484,0.567741935483871,0.17419354838709677,0.38064516129032255,0.13548387096774195,8.825806451612904,2.903225806451613,2.0611059907834104,0.24247823860727086,6.716129032258064,2.950332821300563,0.03401135005973716
CSO-17-11A-RLPAIG-CorrEtiq.txt,10.0,8.910714285714286,9.0,0.11607142857142858,0.26785714285714285,0.22321428571428573,0.15178571428571427,0.32142857142857145,8.910714285714286,3.0625,2.0353954081632653,0.24567743764172337,6.669642857142857,2.9538690476190474,0.08457046012849585
CSO-17-11A-SPUVA-CorrEtiq.txt,10.0,8.702380952380953,9.0,0.30952380952380953,0.30952380952380953,0.42857142857142855,0.09523809523809523,0.10714285714285714,8.702380952380953,2.488095238095238,2.137159863945578,0.2659108087679516,6.904761904761905,2.976039304610733,0.05655155580750818
CSO-17-11B-CDBEBU-CorrEtiq.txt,10.0,8.824175824175825,8.252747252747254,0.054945054945054944,0.32967032967032966,0.0,0.27472527472527475,0.23076923076923078,8.274725274725276,2.6043956043956045,1.8922902494331066,0.2371446014303157,6.065934065934066,2.7469649398220826,0.07379571486714344
CSO-17-11C-JDAAG-CorrEtiq.txt,10.0,9.38,9.0,0.04666666666666667,0.26666666666666666,0.0,0.22,0.1,9.38,2.433333333333333,1.9296666666666666,0.22506878306878306,7.54,3.2173544973544974,0.028503086419753087
CSO-17-11C-MAPAMA-CorrEtiq.txt,10.0,9.335329341317365,8.796407185628743,0.07784431137724551,0.23952095808383234,0.10778443113772455,0.16167664670658682,0.08982035928143713,9.029940119760479,2.3353293413173652,1.8984697272122422,0.2207679878338561,7.269461077844311,3.1303108069575134,0.021969948990907075
CSO-17-11C-MCAAG-CorrEtiq.txt,10.0,9.385321100917432,9.0,0.05504587155963303,0.23853211009174313,0.04128440366972477,0.1834862385321101,0.0871559633027523,9.385321100917432,2.426605504587156,1.9315530799475753,0.22535677879714577,7.5963302752293576,3.2241153342070774,0.021561453327508372
CSO-17-11C-SARJA-CorrEtiq.txt,10.0,9.43939393939394,9.0,0.030303030303030304,0.10606060606060606,0.0,0.07575757575757576,0.10606060606060606,9.43939393939394,2.840909090909091,1.9183441558441559,0.22724867724867726,7.325757575757576,3.1591810966810967,0.02662037037037037
CSO-18-11A-ADBAHO-CorrEtiq.txt,10.0,9.366666666666667,9.0,0.05,0.11666666666666667,0.075,0.06666666666666667,0.125,9.366666666666667,2.3583333333333334,1.934702380952381,0.2292195767195767,7.541666666666667,3.199041005291005,0.0292554012345679
CSO-18-11B-YLLRE-CorrEtiq.txt,10.0,9.317460317460318,9.0,0.11507936507936507,0.2777777777777778,0.03571428571428571,0.1626984126984127,0.20634920634920634,9.317460317460318,2.3015873015873014,1.9523242630385487,0.229522549760645,7.5476190476190474,3.2155612244897958,0.05475219408751155
CSO-18-9B-MAMOLO-CorrEtiq.txt,10.0,8.434540389972145,8.905292479108635,0.4233983286908078,0.6239554317548747,0.4623955431754875,0.233983286908078,0.21448467966573817,8.325905292479108,2.5292479108635098,2.1780209576866962,0.26456868727063715,6.56824512534819,2.880978909669717,0.06550806178243504
CSO-8-3A-AIPRBR-CorrEtiq.txt,10.0,9.375,6.625,0.0,0.0,0.0,0.0,0.0,5.75,1.0,1.4166666666666667,0.1701388888888889,4.75,2.25,0.0
CSO-8-3A-DAPAVA-CorrEtiq.txt,10.0,8.753246753246753,8.779220779220779,0.24675324675324675,0.45021645021645024,0.3246753246753247,0.23809523809523808,0.22943722943722944,8.54978354978355,2.1515151515151514,2.0362536933965507,0.24266474266474267,6.861471861471862,2.9845976774548206,0.0657252800109943
CSO-8-3A-KVPECO-CorrEtiq.txt,10.0,8.511627906976743,7.674418604651163,0.32558139534883723,0.813953488372093,0.20930232558139536,0.4883720930232558,0.0,7.023255813953488,1.8837209302325582,1.8218161683277962,0.21076042820228869,5.558139534883721,2.546345514950166,0.0
CSO-8-4A-ARAGR-CorrEtiq.txt,10.0,9.197530864197532,8.432098765432098,0.16049382716049382,0.16049382716049382,0.0,0.0,0.08641975308641975,8.407407407407407,2.9012345679012346,1.8543405839702136,0.22517146776406038,6.296296296296297,2.7853223593964334,0.021262002743484228
CSO-8-4A-JRAAR-CorrEtiq.txt,10.0,9.185185185185185,7.62962962962963,0.2222222222222222,0.5185185185185185,0.0,0.2962962962962963,0.2962962962962963,6.925925925925926,1.8148148148148149,1.6898883009994121,0.19591416813639034,5.481481481481482,2.520605526161082,0.08950617283950617
CSO-9-2A-EXMOCO-CorrEtiq.txt,10.0,9.266187050359711,8.633093525179856,0.03597122302158273,0.17985611510791366,0.17266187050359713,0.14388489208633093,0.02877697841726619,8.870503597122303,1.985611510791367,1.8790167865707434,0.22058924289140117,7.287769784172662,3.124586045449355,0.013212763122835066
CSO-9-4A-AGAPE-CorrEtiq.txt,10.0,9.292682926829269,9.0,0.12804878048780488,0.29878048780487804,0.10975609756097561,0.17073170731707318,0.13414634146341464,9.292682926829269,2.2621951219512195,1.9554878048780486,0.22707607433217192,7.621951219512195,3.228779519938056,0.0317742611949929
CSO-9-4A-DKVIMO-CorrEtiq.txt,10.0,9.379746835443038,9.0,0.012658227848101266,0.11392405063291139,0.1518987341772152,0.10126582278481013,0.0759493670886076,9.379746835443038,2.4556962025316458,1.9369801084990959,0.22785814747840064,7.6075949367088604,3.2317058468957205,0.023357444243520195
CSO-9-4A-DSMOMU-CorrEtiq.txt,10.0,9.127659574468085,9.0,0.0,0.22695035460992907,0.1276595744680851,0.22695035460992907,0.2765957446808511,9.127659574468085,2.900709219858156,1.9841945288753802,0.2371270967015648,6.886524822695035,3.0276370595519535,0.06888860745243723
CSO-9-4A-DVGATO-CorrEtiq.txt,10.0,8.803571428571429,9.0,0.09523809523809523,0.38095238095238093,0.375,0.3333333333333333,0.16666666666666666,8.803571428571429,2.7202380952380953,2.0757227891156464,0.24731198034769464,6.714285714285714,2.9537414965986395,0.04406100403124213
CSO-9-4A-EGCAMO-CorrEtiq.txt,10.0,9.28735632183908,9.0,0.09195402298850575,0.09195402298850575,0.3103448275862069,0.09195402298850575,0.0,9.28735632183908,2.839080459770115,1.9583743842364532,0.2265827403758438,7.310344827586207,3.1439062214924283,0.0
CSO-9-4A-FAGIGA-CorrEtiq.txt,10.0,9.08411214953271,9.0,0.12149532710280374,0.35514018691588783,0.19626168224299065,0.2336448598130841,0.07476635514018691,9.08411214953271,2.5233644859813085,2.0140854472630174,0.23739801216436732,7.196261682242991,3.09411808337042,0.02318832517430648
CSO-9-4A-GSBRCO-CorrEtiq.txt,10.0,9.013698630136986,9.0,0.2602739726027397,0.1780821917808219,0.4657534246575342,0.0273972602739726,0.1095890410958904,9.013698630136986,2.6301369863013697,2.026614481409002,0.23781256794955427,7.232876712328767,3.1239291150250055,0.026509386098427193
CSO-9-4A-KEMOCO-CorrEtiq.txt,10.0,9.098039215686274,8.666666666666666,0.0,0.0,0.19607843137254902,0.0,0.11764705882352941,8.647058823529411,3.4705882352941178,1.9272019919078742,0.2370525988173047,6.294117647058823,2.798941798941799,0.024743230625583566
CSO-9-4A-LCOMO-CorrEtiq.txt,10.0,8.194029850746269,9.0,0.29850746268656714,0.5223880597014925,0.7910447761194029,0.22388059701492538,0.11940298507462686,8.194029850746269,3.253731343283582,2.265031982942431,0.27505330490405117,6.104477611940299,2.7503672115612416,0.04119876806443971
CSO-9-4A-MLORO-CorrEtiq.txt,10.0,8.64516129032258,8.725806451612904,0.06451612903225806,0.45161290322580644,0.2903225806451613,0.3870967741935484,0.3548387096774194,8.209677419354838,2.806451612903226,2.0497183819764464,0.2499231950844854,6.016129032258065,2.7153225806451613,0.08980308073050008
CSO-9-4A-MPAME-CorrEtiq.txt,10.0,8.509803921568627,9.0,0.13725490196078433,0.5294117647058824,0.7058823529411765,0.39215686274509803,0.0,8.509803921568627,2.450980392156863,2.1355742296918767,0.2469187675070028,6.666666666666667,2.9341581076875194,0.0
CSO-9-4A-NSARPA-CorrEtiq.txt,10.0,9.4,8.514285714285714,0.08571428571428572,0.1,0.0,0.014285714285714285,0.21428571428571427,8.628571428571428,2.3714285714285714,1.8209523809523809,0.21612244897959182,6.828571428571428,2.9704648526077095,0.052248677248677246
CSO-9-4A-SLOCA-CorrEtiq.txt,10.0,8.2125,9.0,0.325,0.6,0.675,0.375,0.175,8.2125,3.075,2.230982142857143,0.2675595238095238,6.15,2.7548809523809523,0.04559771825396826
CSO-9-4A-YVDITR-CorrEtiq.txt,10.0,9.214285714285714,9.0,0.0,0.0,0.14285714285714285,0.0,0.10714285714285714,9.214285714285714,3.2857142857142856,1.967857142857143,0.23905895691609977,6.821428571428571,2.9637188208616783,0.027976190476190477
