file,wc,nodes,edges,re,pe,l1,l2,l3,lcc,lsc,atd,density,diameter,asp,cc
CDMS-10-4A-JURAN-CorrEtiq.txt,30.0,23.0,29.0,1.0,2.0,0.0,1.0,0.0,23.0,21.0,2.5217391304347827,0.1067193675889328,9.0,3.7865612648221343,0.05873015873015873
CDMS-10-5A-HEPIHO-CorrEtiq.txt,30.0,22.0,29.0,1.0,1.0,0.0,0.0,0.0,22.0,19.0,2.6363636363636362,0.11462450592885376,7.0,3.2190852625635236,0.049571805006587616
CDMS-10-5A-KSRAGU-CorrEtiq.txt,30.0,22.0,29.0,2.0,2.0,1.0,0.0,1.0,22.0,19.0,2.6363636363636362,0.11255411255411256,8.0,3.5757575757575757,0.08333333333333334
CDMS-10-5A-SROPU-CorrEtiq.txt,30.0,24.0,29.0,1.0,1.0,0.0,0.0,0.0,24.0,19.0,2.4166666666666665,0.10144927536231885,9.0,4.153491436100132,0.0
CDMS-10-5A-SZURO-CorrEtiq.txt,30.0,23.0,27.0,1.0,1.0,0.0,0.0,0.0,23.0,16.0,2.4347826086956523,0.10276679841897234,9.0,3.6798418972332017,0.027777777777777776
CDMS-10-5B-SRAJA-CorrEtiq.txt,30.0,22.0,29.0,1.0,2.0,0.0,0.0,1.0,22.0,18.0,2.6363636363636362,0.11161302465650291,8.0,3.4723320158102764,0.0861111111111111
CDMS-10-5C-DAAUSA-CorrEtiq.txt,30.0,23.0,29.0,1.0,1.0,0.0,0.0,1.0,23.0,19.0,2.5217391304347827,0.10507246376811594,8.0,3.6449275362318843,0.06521739130434782
CDMS-10-5C-ICAPA-CorrEtiq.txt,30.0,21.0,27.0,1.0,1.0,2.0,0.0,0.0,21.0,18.0,2.5714285714285716,0.10952380952380952,8.0,3.774703557312253,0.0
CDMS-10-5C-JFALGI-CorrEtiq.txt,30.0,25.0,29.0,0.0,0.0,0.0,0.0,1.0,25.0,21.0,2.32,0.09666666666666666,9.0,3.7246376811594204,0.05128205128205128
CDMS-10-5C-NBEMO-CorrEtiq.txt,30.0,24.0,25.0,0.0,1.0,0.0,1.0,0.0,22.0,13.0,2.0869565217391304,0.09057971014492754,9.0,4.03895938792964,0.0
CDMS-10-6B-ASCACO-CorrEtiq.txt,30.0,22.0,29.0,1.0,2.0,1.0,1.0,1.0,21.0,18.0,2.6363636363636362,0.11255411255411256,8.0,3.7012987012987013,0.05757575757575757
CDMS-10-6B-JJMOBE-CorrEtiq.txt,30.0,23.0,27.0,1.0,1.0,0.0,0.0,0.0,22.0,18.5,2.3822463768115942,0.10474308300395258,8.0,3.4082439299830605,0.0
CDMS-11-4A-GACHSA-CorrEtiq.txt,30.0,22.0,29.0,2.0,3.0,0.0,1.0,0.0,21.0,18.0,2.6363636363636362,0.10952380952380952,8.0,3.432900432900433,0.0
CDMS-11-5A-EAARCA-CorrEtiq.txt,30.0,24.0,29.0,1.0,1.0,0.0,1.0,1.0,24.0,18.0,2.4166666666666665,0.09420289855072464,10.0,4.323333333333333,0.05757575757575757
CDMS-11-5A-MGTHAR-CorrEtiq.txt,30.0,24.0,29.0,0.0,0.0,1.0,0.0,1.0,24.0,20.0,2.4166666666666665,0.09782608695652174,8.0,3.7572463768115942,0.05279503105590062
CDMS-11-6A-DFVEBE-CorrEtiq.txt,30.0,21.0,29.0,1.0,2.0,1.0,1.0,2.0,21.0,18.0,2.761904761904762,0.12857142857142856,8.0,3.468421052631579,0.1826086956521739
CDMS-11-6A-NMREPR-CorrEtiq.txt,30.0,23.0,29.0,1.0,1.0,1.0,0.0,1.0,23.0,17.0,2.5217391304347827,0.09881422924901186,10.0,4.391304347826087,0.0625
CDMS-11-6B-ARAHE-CorrEtiq.txt,30.0,22.0,29.0,2.0,2.0,1.0,0.0,1.0,22.0,19.0,2.6363636363636362,0.10952380952380952,8.0,3.792207792207792,0.052133655394524955
CDMS-11-6B-AVROTO-CorrEtiq.txt,30.0,23.0,29.0,0.0,1.0,0.0,0.0,1.0,23.0,20.0,2.5217391304347827,0.11067193675889328,8.0,3.6857142857142855,0.03401360544217687
CDMS-11-6B-EAFESA-CorrEtiq.txt,30.0,24.0,29.0,0.0,1.0,2.0,0.0,0.0,24.0,19.0,2.4166666666666665,0.09782608695652174,11.0,4.489130434782608,0.0
CDMS-11-6B-EFRGR-CorrEtiq.txt,30.0,22.0,29.0,1.5,2.0,1.0,0.0,0.0,22.0,18.0,2.6363636363636362,0.11067193675889328,8.0,3.621212121212121,0.0
CDMS-11-6B-EROCO-CorrEtiq.txt,30.0,23.0,29.0,1.0,1.0,2.0,1.0,0.0,23.0,20.0,2.4166666666666665,0.09333333333333334,11.0,4.476666666666667,0.0
CDMS-11-6B-JACUPE-CorrEtiq.txt,30.0,20.0,29.0,2.0,3.0,2.0,1.0,0.0,19.0,16.0,2.9,0.13157894736842105,7.0,3.064912280701755,0.03042328042328042
CDMS-11-6B-JDCHBA-CorrEtiq.txt,30.0,22.0,29.0,1.0,2.0,1.0,0.0,2.0,21.0,17.0,2.533596837944664,0.10944852249200075,9.0,3.8268398268398265,0.11796536796536795
CDMS-11-6B-JFSAHE-CorrEtiq.txt,30.0,24.0,29.0,1.0,1.0,0.0,0.0,0.0,24.0,20.0,2.4166666666666665,0.09881422924901186,9.0,3.8614718614718613,0.0
CDMS-11-6B-JLPENA-CorrEtiq.txt,30.0,22.0,27.0,0.0,0.0,1.0,0.0,0.0,21.0,15.0,2.3102766798418974,0.1038961038961039,8.5,3.6047995482778092,0.0
CDMS-11-6B-JMARME-CorrEtiq.txt,30.0,24.0,29.0,0.0,1.0,1.0,1.0,0.5,23.0,18.0,2.4166666666666665,0.09881422924901186,9.0,4.101948051948051,0.05333333333333333
CDMS-11-6B-JPSAMA-CorrEtiq.txt,30.0,24.0,29.0,0.0,0.0,0.0,0.0,1.0,24.0,20.0,2.4166666666666665,0.09782608695652174,10.0,4.286396574440053,0.08050807217473885
CDMS-11-6B-LESTA-CorrEtiq.txt,30.0,24.0,25.0,1.0,1.0,1.0,0.0,0.0,22.0,13.0,2.272727272727273,0.09486166007905138,10.0,4.017543859649122,0.03472222222222222
CDMS-11-6B-MEBRTA-CorrEtiq.txt,30.0,24.0,29.0,2.0,2.0,2.0,1.0,0.0,24.0,16.0,2.4166666666666665,0.09782608695652174,11.0,4.56,0.0625
CDMS-11-6B-MMAMO-CorrEtiq.txt,30.0,23.0,29.0,1.0,1.0,0.0,0.0,1.0,23.0,19.0,2.5217391304347827,0.11067193675889328,8.0,3.800724637681159,0.05797101449275362
CDMS-11-6B-RSECA-CorrEtiq.txt,30.0,26.0,29.0,0.0,1.0,0.0,0.0,0.0,26.0,20.0,2.230769230769231,0.08615384615384615,11.0,4.827692307692308,0.0
CDMS-11-6B-SCAPA-CorrEtiq.txt,30.0,25.0,29.0,0.0,0.0,0.0,0.0,1.0,25.0,20.0,2.32,0.09666666666666666,10.0,4.218577075098814,0.06669960474308301
CDMS-11-6B-VZAPE-CorrEtiq.txt,30.0,22.0,29.0,0.0,1.0,2.0,1.0,0.0,22.0,19.0,2.6363636363636362,0.10822510822510822,8.0,3.634199134199134,0.0
CDMS-11-6B-YLNIME-CorrEtiq.txt,30.0,24.0,29.0,0.0,1.0,0.0,0.0,0.0,24.0,21.0,2.4166666666666665,0.10144927536231885,8.0,3.7579710144927536,0.0
CDMS-11-7C-ICARE-CorrEtiq.txt,30.0,22.0,29.0,1.0,2.0,0.0,1.0,1.0,22.0,20.0,2.6363636363636362,0.11688311688311688,7.0,3.175324675324675,0.0940711462450593
CDMS-11-7C-IMOIB-CorrEtiq.txt,30.0,23.0,29.0,1.0,1.0,0.0,0.0,1.0,23.0,20.0,2.5217391304347827,0.11067193675889328,8.0,3.6594202898550723,0.0782608695652174
CDMS-11-7C-SALMA-CorrEtiq.txt,30.0,22.0,29.0,2.0,2.0,0.0,0.0,0.0,22.0,20.0,2.6363636363636362,0.11688311688311688,7.5,3.4209486166007905,0.031746031746031744
CDMS-11-7C-SPGAVE-CorrEtiq.txt,30.0,23.0,27.0,0.0,1.0,0.0,0.0,1.0,23.0,10.0,2.2613636363636367,0.09881422924901186,10.0,4.424901185770751,0.060455486542443065
CDMS-12-5A-SRIGO-CorrEtiq.txt,30.0,24.0,29.0,1.0,2.0,0.0,1.0,0.0,24.0,19.0,2.4166666666666665,0.10144927536231885,10.0,4.105434782608695,0.0
CDMS-12-6A-FAROPA-CorrEtiq.txt,30.0,23.0,29.0,0.0,0.0,1.0,0.0,1.0,23.0,19.0,2.5217391304347827,0.1067193675889328,8.0,3.58102766798419,0.05227743271221532
CDMS-12-6A-JGIGA-CorrEtiq.txt,30.0,25.0,29.0,0.0,0.0,0.0,0.0,0.0,25.0,21.0,2.32,0.09666666666666666,9.0,3.8266666666666667,0.0
CDMS-12-6A-SROAL-CorrEtiq.txt,30.0,21.0,29.0,2.0,2.0,0.0,0.0,1.0,21.0,19.0,2.761904761904762,0.11904761904761904,8.0,3.463768115942029,0.10238095238095238
CDMS-12-6B-IJDAGA-CorrEtiq.txt,30.0,23.0,29.0,1.0,2.0,2.0,1.0,1.0,23.0,18.0,2.5217391304347827,0.10476190476190476,9.0,3.952569169960474,0.02857142857142857
CDMS-12-6B-SCLAG-CorrEtiq.txt,30.0,19.0,29.0,2.0,4.0,1.0,2.0,2.0,18.0,15.0,3.0526315789473686,0.14035087719298245,6.0,3.128654970760234,0.12352941176470586
CDMS-12-7C-ARAHE-CorrEtiq.txt,30.0,21.0,27.0,2.0,3.0,0.0,1.0,0.0,20.5,17.0,2.5714285714285716,0.11428571428571428,7.5,3.385714285714286,0.026984126984126982
CDMS-12-7C-CATRAR-CorrEtiq.txt,30.0,24.0,29.0,0.0,0.0,0.0,0.0,1.0,24.0,21.0,2.4166666666666665,0.10507246376811594,8.0,3.467391304347826,0.09393939393939393
CDMS-12-7C-DLOLO-CorrEtiq.txt,30.0,23.0,29.0,1.0,2.0,0.0,1.0,0.0,23.0,19.0,2.5217391304347827,0.10276679841897234,8.0,3.9876923076923076,0.06231884057971015
CDMS-12-7C-JSZAOR-CorrEtiq.txt,30.0,21.0,29.0,1.0,2.0,1.0,0.0,1.0,21.0,15.0,2.601503759398496,0.11161302465650291,8.0,3.5661764705882355,0.0861111111111111
CDMS-12-7C-MAROBE-CorrEtiq.txt,30.0,24.0,29.0,1.0,1.0,0.0,0.0,1.0,24.0,21.0,2.4166666666666665,0.10276679841897234,8.0,3.7666889632107026,0.06851574212893553
CDMS-12-7C-VMAPA-CorrEtiq.txt,30.0,24.0,29.0,1.0,1.0,0.0,0.0,0.0,24.0,22.0,2.4166666666666665,0.10144927536231885,8.0,3.5869565217391304,0.0
CDMS-12-7C-VQURA-CorrEtiq.txt,30.0,23.0,29.0,1.0,1.5,0.0,0.0,0.0,23.0,19.5,2.5217391304347827,0.11255411255411256,8.0,3.4346179183135703,0.022727272727272728
CDMS-13-6B-ASUMO-CorrEtiq.txt,30.0,19.0,27.0,2.0,2.0,0.0,0.0,1.0,19.0,15.0,2.8421052631578947,0.14619883040935672,7.0,2.853801169590643,0.21929824561403505
CDMS-13-6B-JDTAHE-CorrEtiq.txt,30.0,23.0,29.0,0.0,1.0,1.0,1.0,0.0,23.0,14.0,2.4545454545454546,0.09956709956709957,10.0,4.0476190476190474,0.0
CDMS-13-7C-MVEAR-CorrEtiq.txt,30.0,23.0,29.0,1.0,2.0,1.0,1.0,0.0,23.0,18.0,2.5217391304347827,0.10276679841897234,8.0,3.6739130434782608,0.0
CDMS-13-7C-RAIZAC-CorrEtiq.txt,30.0,24.0,29.0,0.0,0.0,1.0,0.0,1.0,24.0,17.0,2.4166666666666665,0.10144927536231885,11.0,4.532608695652174,0.08571428571428572
CDMS-13-7C-SSOSLO-CorrEtiq.txt,30.0,23.0,29.0,1.0,2.0,0.0,1.0,1.0,23.0,18.0,2.5217391304347827,0.10276679841897234,10.0,4.477413890457369,0.08115942028985508
CDMS-14-10A-IMORTO-CorrEtiq.txt,30.0,24.0,29.0,0.5,1.0,0.0,1.0,1.0,24.0,19.0,2.4166666666666665,0.09782608695652174,9.0,3.796666666666667,0.030150103519668733
CDMS-14-10A-JCVANI-CorrEtiq.txt,30.0,23.0,29.0,1.0,1.0,0.0,0.0,1.0,23.0,17.0,2.5217391304347827,0.10507246376811594,9.0,3.861904761904762,0.09333333333333332
CDMS-14-6B-KDCAHE-CorrEtiq.txt,30.0,21.0,25.0,0.0,0.0,2.0,0.0,3.0,18.0,14.0,2.401002506265664,0.11558441558441558,6.0,2.9599673202614376,0.1332972582972583
CDMS-15-10A-AMALOS-CorrEtiq.txt,30.0,24.0,29.0,1.0,1.0,1.0,1.0,1.0,24.0,19.0,2.4166666666666665,0.09782608695652174,10.0,4.433333333333334,0.08024691358024692
CDMS-15-10A-JJMACH-CorrEtiq.txt,30.0,24.0,29.0,0.0,2.0,0.0,0.0,0.0,24.0,21.0,2.4166666666666665,0.09782608695652174,9.0,3.916212121212121,0.0
CDMS-15-10A-MAALCA-CorrEtiq.txt,30.0,24.0,29.0,0.0,2.0,0.0,2.0,1.0,24.0,20.0,2.4166666666666665,0.10144927536231885,8.0,3.69,0.057575757575757586
CDMS-15-10A-MAALRI-CorrEtiq.txt,30.0,24.0,29.0,0.5,1.0,1.0,0.0,1.0,23.0,17.0,2.4166666666666665,0.09881422924901186,10.0,4.233201581027668,0.057634032634032634
CDMS-15-10A-SGOMO-CorrEtiq.txt,30.0,23.0,29.0,1.0,2.0,0.0,1.0,0.0,23.0,19.0,2.5217391304347827,0.10276679841897234,8.0,3.7628458498023716,0.0
CDMS-15-10A-SHEGA-CorrEtiq.txt,30.0,22.0,29.0,2.0,2.0,1.0,1.0,1.0,22.0,18.0,2.6363636363636362,0.11445511010728401,8.0,3.454739207936139,0.06299603174603174
CDMS-15-11B-JEMOLO-CorrEtiq.txt,30.0,22.0,29.0,2.0,2.0,1.0,0.0,1.0,21.0,14.0,2.5217391304347827,0.1067193675889328,9.0,3.8174449604403167,0.07043650793650794
CDMS-15-11B-VSAHO-CorrEtiq.txt,30.0,24.0,29.0,0.0,1.0,1.0,0.0,0.0,24.0,18.0,2.4166666666666665,0.09486166007905138,11.0,4.722435897435897,0.0
CDMS-16-10A-SGALO-CorrEtiq.txt,30.0,25.0,29.0,0.0,0.0,0.0,0.0,1.0,25.0,21.0,2.32,0.09666666666666666,9.0,4.1433333333333335,0.05333333333333333
CDMS-16-11B-NGABE-CorrEtiq.txt,30.0,24.0,29.0,0.0,1.0,0.0,1.0,1.0,24.0,20.0,2.4166666666666665,0.10144927536231885,9.0,3.9802371541501977,0.059288537549407105
CDMS-17-10A-ASSAMO-CorrEtiq.txt,30.0,24.0,29.0,1.0,1.0,0.0,0.0,1.0,24.0,20.0,2.4166666666666665,0.10144927536231885,10.0,4.23904761904762,0.05100334448160536
CDMS-18-7C-VVECA-CorrEtiq.txt,30.0,23.0,29.0,1.0,1.0,0.0,0.0,0.0,23.0,17.0,2.5217391304347827,0.10276679841897234,10.0,4.195,0.0
CDMS-8-4A-DJAVDA-CorrEtiq.txt,30.0,20.0,29.0,2.0,2.0,2.0,0.0,0.0,20.0,17.5,2.9,0.1368421052631579,6.0,2.973684210526316,0.03333333333333333
CDMS-8-4A-DOSTR-CorrEtiq.txt,30.0,21.0,29.0,1.0,3.0,1.0,1.0,1.0,21.0,16.0,2.761904761904762,0.12005012531328321,8.0,3.528138528138528,0.05208333333333333
CDMS-8-4A-LGOPA-CorrEtiq.txt,30.0,21.0,27.0,1.5,2.0,1.0,1.0,1.0,20.0,16.0,2.5714285714285716,0.11904761904761904,8.0,3.369057029926595,0.06734006734006734
CDMS-8-4C-JDBUTU-CorrEtiq.txt,30.0,17.0,25.0,3.0,3.0,5.0,1.0,2.0,13.0,6.0,2.9411764705882355,0.125,6.0,3.0128205128205128,0.225
CDMS-9-4A-ACDUTR-CorrEtiq.txt,30.0,20.0,27.0,3.0,2.0,3.0,2.0,0.0,19.0,11.0,2.8421052631578947,0.12105263157894737,8.0,3.633986928104575,0.0
CDMS-9-4A-CARGA-CorrEtiq.txt,30.0,22.0,29.0,2.0,2.0,0.0,1.0,1.0,22.0,19.0,2.6363636363636362,0.12121212121212122,7.0,3.346320346320346,0.09253246753246752
CDMS-9-4A-CRAAG-CorrEtiq.txt,30.0,21.0,29.0,3.0,2.0,2.0,1.0,0.0,21.0,19.0,2.761904761904762,0.11904761904761904,7.0,3.445887445887446,0.0
CDMS-9-4A-EROHI-CorrEtiq.txt,30.0,23.0,29.0,3.0,3.0,1.0,0.0,0.0,23.0,21.0,2.5217391304347827,0.10333145115753811,9.0,4.086580086580087,0.053623188405797106
CDMS-9-4A-ILOSE-CorrEtiq.txt,30.0,25.0,29.0,1.0,1.0,0.0,0.0,0.0,24.0,19.0,2.32,0.09486166007905138,9.0,4.0,0.02564102564102564
CDMS-9-4A-TGAFR-CorrEtiq.txt,30.0,22.0,27.0,0.0,0.0,1.0,0.0,1.0,22.0,13.5,2.4545454545454546,0.10862284168920325,7.0,3.227777777777778,0.09750566893424036
CDMS-9-4C-SCAMO-CorrEtiq.txt,30.0,24.0,29.0,1.0,1.0,0.0,0.0,0.0,24.0,20.0,2.4166666666666665,0.09881422924901186,9.0,3.9802371541501977,0.0
CDMS-9-5A-ABERO-CorrEtiq.txt,30.0,22.0,29.0,1.0,2.0,2.0,1.0,1.0,22.0,15.0,2.6363636363636362,0.11255411255411256,9.0,3.9191176470588234,0.0606060606060606
CDMS-9-5A-PAGACO-CorrEtiq.txt,30.0,22.0,29.0,1.0,2.0,2.0,1.0,0.0,22.0,20.0,2.6363636363636362,0.1038961038961039,9.0,4.118577075098814,0.021666666666666667
CDMS-9-5A-VVAAR-CorrEtiq.txt,30.0,25.0,29.0,0.0,0.0,0.0,0.0,1.0,25.0,20.0,2.32,0.09666666666666666,10.0,4.526666666666667,0.04938271604938271
CDMS-9-5C-JDMADE-CorrEtiq.txt,30.0,23.0,29.0,2.0,1.0,1.0,0.0,1.0,23.0,17.0,2.5217391304347827,0.09881422924901186,9.0,3.9956709956709955,0.051932367149758456
CDMS-9-5C-LVIZAC-CorrEtiq.txt,30.0,21.0,29.0,2.0,3.0,2.0,1.0,1.0,21.0,16.0,2.761904761904762,0.11428571428571428,9.0,3.9238095238095236,0.03968253968253968
CDMS-9-5C-MLOGO-CorrEtiq.txt,30.0,21.0,29.0,1.0,1.0,1.0,0.0,2.0,21.0,16.0,2.761904761904762,0.11688311688311688,8.0,3.604761904761905,0.11281179138321995
CDMS-9-5C-SCAAG-CorrEtiq.txt,30.0,18.0,27.0,6.0,8.0,0.0,2.0,1.0,14.0,12.0,3.0,0.11764705882352941,6.0,2.8461538461538463,0.03333333333333333
CDMS-XX-10A-VGILO-CorrEtiq.txt,30.0,24.0,29.0,1.0,1.0,0.0,0.0,0.0,24.0,21.0,2.4166666666666665,0.10144927536231885,8.0,3.7568511198945984,0.048952380952380956
CDMS-XX-5C-MJSARU-CorrEtiq.txt,30.0,22.0,29.0,2.0,3.0,1.0,1.0,0.0,22.0,18.0,2.6363636363636362,0.10476190476190476,9.0,3.8181818181818183,0.0
CDMS-XX-5C-MPCAQU-CorrEtiq.txt,30.0,22.0,29.0,1.0,2.0,0.0,1.0,1.0,22.0,18.0,2.6363636363636362,0.11255411255411256,8.0,3.739130434782609,0.05454545454545454
CDMS-XX-6A-MAGICA-CorrEtiq.txt,30.0,23.0,29.0,0.0,0.0,0.0,0.0,1.0,23.0,20.0,2.5217391304347827,0.11462450592885376,7.0,3.3122529644268774,0.09420289855072465
CDMS-XX-6B-SPUCA-CorrEtiq.txt,30.0,23.0,29.0,1.0,2.0,0.0,0.0,0.0,23.0,20.0,2.5217391304347827,0.1038961038961039,9.0,3.8733333333333335,0.0
CSO-10-4A-ICAPA-CorrEtiq.txt,30.0,18.0,29.0,3.0,4.0,0.0,1.0,2.0,18.0,16.0,3.1993464052287583,0.16339869281045752,5.0,2.55718954248366,0.30531189083820665
CSO-10-4A-KCOMO-CorrEtiq.txt,30.0,24.0,29.0,0.0,0.0,0.0,0.0,0.0,24.0,18.0,2.32,0.09420289855072464,9.0,4.146245059288537,0.03623188405797101
CSO-10-4A-LRAVI-CorrEtiq.txt,30.0,25.5,29.0,0.0,1.0,0.0,1.0,0.0,25.5,20.0,2.275384615384615,0.08807692307692308,10.0,4.296923076923077,0.0
CSO-10-4A-LSCAVA-CorrEtiq.txt,30.0,24.5,29.0,1.0,1.0,0.0,0.0,0.0,24.5,17.0,2.368333333333333,0.0972463768115942,11.0,4.395,0.048095238095238094
CSO-10-5A-ACAVA-CorrEtiq.txt,30.0,22.0,29.0,0.0,1.0,1.0,1.0,1.0,20.0,14.0,2.32,0.1,7.0,3.1818649885583525,0.05741599670171099
CSO-10-5A-ARACA-CorrEtiq.txt,30.0,21.0,29.0,2.0,2.0,1.0,0.0,1.0,21.0,18.0,2.761904761904762,0.12005012531328321,7.5,3.406892230576441,0.03148148148148148
CSO-10-5A-DABRZA-CorrEtiq.txt,30.0,21.0,29.0,2.0,3.0,2.0,1.0,1.0,21.0,18.0,2.761904761904762,0.11428571428571428,8.0,3.616600790513834,0.07777777777777778
CSO-10-5A-GZAMA-CorrEtiq.txt,30.0,21.0,29.0,2.0,2.0,0.0,0.0,0.0,21.0,20.0,2.730952380952381,0.11688311688311688,8.0,3.4134199134199132,0.025324675324675326
CSO-10-5A-IPECA-CorrEtiq.txt,30.0,25.0,29.0,0.0,1.0,0.0,0.0,0.0,25.0,21.0,2.32,0.09666666666666666,9.0,3.932806324110672,0.0
CSO-10-5A-JANORO-CorrEtiq.txt,30.0,24.0,29.0,2.0,2.0,0.0,0.0,0.0,24.0,19.0,2.4166666666666665,0.09782608695652174,10.0,4.24164994425864,0.0
CSO-10-5A-JBUVE-CorrEtiq.txt,30.0,24.0,29.0,0.0,1.0,1.0,1.0,0.0,24.0,18.0,2.4166666666666665,0.09,11.0,4.702820512820512,0.0
CSO-10-5A-JJSEMO-CorrEtiq.txt,30.0,21.0,25.0,2.0,4.0,2.0,1.5,0.0,18.0,14.0,2.5,0.1,8.0,3.5223684210526316,0.0
CSO-10-5A-JLCARI-CorrEtiq.txt,30.0,23.0,29.0,1.0,3.0,0.0,2.0,0.0,23.0,16.0,2.5217391304347827,0.10276679841897234,9.0,4.2516469038208164,0.06231884057971015
CSO-10-5A-MAARAN-CorrEtiq.txt,30.0,22.0,29.0,1.0,1.0,0.0,0.0,1.0,22.0,20.0,2.6363636363636362,0.11255411255411256,7.0,3.287690570299266,0.06363636363636363
CSO-10-5A-MAOSMO-CorrEtiq.txt,30.0,24.0,29.0,1.0,2.0,0.0,1.0,0.0,24.0,20.0,2.4166666666666665,0.10144927536231885,9.0,3.789855072463768,0.0
CSO-10-5A-RVMOIB-CorrEtiq.txt,30.0,24.0,29.0,1.0,1.0,0.0,0.0,0.0,24.0,17.0,2.347826086956522,0.09486166007905138,10.0,4.181818181818182,0.0
CSO-10-5A-SVHEES-CorrEtiq.txt,30.0,23.0,29.0,1.0,2.0,2.0,1.0,0.0,22.0,17.0,2.5217391304347827,0.1038961038961039,9.0,3.877470355731225,0.05128205128205129
CSO-11-5A-MDVOSPE-CorrEtiq.txt,30.0,23.0,29.0,1.0,2.0,0.0,0.0,1.0,23.0,19.0,2.5217391304347827,0.10944852249200075,9.0,3.9568040654997176,0.05303030303030303
CSO-11-5A-MTAGA-CorrEtiq.txt,30.0,23.5,25.0,0.0,0.0,1.0,0.0,1.0,22.0,15.0,2.230769230769231,0.09486166007905138,8.0,3.6969696969696972,0.046296296296296294
CSO-11-6A-CAPAMU-CorrEtiq.txt,30.0,23.0,29.0,1.0,2.0,0.0,1.0,1.0,23.0,19.0,2.5217391304347827,0.1067193675889328,8.0,3.695366132723112,0.08472222222222221
CSO-11-6A-DSCACH-CorrEtiq.txt,30.0,25.0,29.0,0.0,1.0,0.0,0.0,0.0,25.0,21.0,2.32,0.09420289855072464,9.0,4.241538461538462,0.0
CSO-11-6A-EROMO-CorrEtiq.txt,30.0,24.0,29.0,1.0,2.0,0.0,0.0,0.0,23.0,20.0,2.4166666666666665,0.09881422924901186,9.0,3.8845238095238095,0.0
CSO-11-6A-FSOVRE-CorrEtiq.txt,30.0,23.0,27.0,1.0,2.0,0.0,1.0,0.0,22.0,13.0,2.4356060606060606,0.09634387351778656,10.0,4.063157894736841,0.024053030303030302
CSO-11-6B-ANREVA-CorrEtiq.txt,30.0,23.5,29.0,0.0,1.0,0.0,0.0,0.0,23.5,20.0,2.4692028985507246,0.10507246376811594,8.0,3.523550724637681,0.0
CSO-11-6B-DISEMO-CorrEtiq.txt,30.0,23.0,23.0,1.0,1.0,0.0,0.0,0.0,23.0,1.0,2.0869565217391304,0.09090909090909091,12.0,4.935064935064935,0.0
CSO-11-6B-LHFDLACH-CorrEtiq.txt,30.0,23.0,29.0,1.0,2.0,0.0,1.0,0.0,23.0,16.0,2.5217391304347827,0.10144927536231885,11.0,4.628333333333334,0.0
CSO-11-6B-RJGIHE-CorrEtiq.txt,30.0,23.0,29.0,0.0,0.0,3.0,0.0,1.0,23.0,18.0,2.5217391304347827,0.10822510822510822,8.0,3.616600790513834,0.09130434782608696
CSO-11-6B-SFLVA-CorrEtiq.txt,30.0,24.0,29.0,1.0,2.0,0.0,1.0,0.0,24.0,19.0,2.4166666666666665,0.10144927536231885,10.0,4.326666666666667,0.027777777777777776
CSO-11-6B-VCOMA-CorrEtiq.txt,30.0,23.5,29.0,1.0,2.0,0.0,0.0,0.0,23.5,19.0,2.4692028985507246,0.10144927536231885,9.0,4.0,0.06666666666666667
CSO-12-6A-DGISE-CorrEtiq.txt,30.0,22.0,26.5,1.0,2.0,1.0,1.0,0.0,21.0,17.0,2.3643892339544514,0.09740259740259741,9.0,3.928571428571429,0.0
CSO-12-6A-FJOVRE-CorrEtiq.txt,30.0,21.0,29.0,1.0,3.0,2.0,1.0,0.0,21.0,16.0,2.761904761904762,0.11428571428571428,9.0,3.768421052631579,0.057823129251700675
CSO-12-6B-GQULO-CorrEtiq.txt,30.0,24.0,29.0,0.0,1.0,1.0,0.0,1.0,24.0,14.0,2.4166666666666665,0.09420289855072464,11.0,4.526666666666666,0.08333333333333334
CSO-12-6B-LJHEFE-CorrEtiq.txt,30.0,24.0,29.0,1.0,1.0,1.0,1.0,1.0,24.0,13.0,2.4166666666666665,0.09782608695652174,11.0,4.443333333333333,0.055999999999999994
CSO-12-7A-DALRE-CorrEtiq.txt,30.0,15.0,29.0,6.0,6.0,0.0,0.0,2.0,15.0,14.0,3.8666666666666667,0.20952380952380953,5.0,2.3461538461538463,0.11875000000000001
CSO-12-7A-ESALA-CorrEtiq.txt,30.0,25.0,29.0,0.0,0.0,0.0,0.0,0.0,25.0,21.0,2.32,0.09333333333333334,10.0,4.198333333333333,0.0
CSO-12-7A-IMERO-CorrEtiq.txt,30.0,22.0,29.0,1.0,2.0,1.0,0.0,0.0,22.0,19.0,2.6363636363636362,0.10822510822510822,8.0,3.6600790513833994,0.0
CSO-12-7A-JHEZA-CorrEtiq.txt,30.0,22.0,29.0,1.0,2.0,0.0,1.0,0.0,22.0,17.0,2.6363636363636362,0.11067193675889328,8.0,3.6666666666666665,0.0
CSO-12-7A-LSARAR-CorrEtiq.txt,30.0,25.0,29.0,1.0,1.0,1.0,0.0,0.0,24.0,13.0,2.285,0.08666666666666667,11.0,4.6164748508098885,0.0
CSO-12-7A-SCAHO-CorrEtiq.txt,30.0,23.5,29.0,1.0,2.0,0.0,0.0,1.0,23.0,19.0,2.4692028985507246,0.10276679841897234,9.0,3.896080368906456,0.0837440476190476
CSO-12-7B-DVAGRO-CorrEtiq.txt,30.0,22.0,29.0,0.0,1.0,1.0,1.0,1.0,22.0,18.0,2.6363636363636362,0.1067193675889328,8.0,3.6663777361717864,0.06818181818181818
CSO-12-7B-SMUGU-CorrEtiq.txt,30.0,23.0,29.0,1.0,1.0,0.0,0.0,0.0,23.0,19.0,2.5217391304347827,0.1067193675889328,8.0,3.539855072463768,0.017391304347826087
CSO-12-7B-SSARA-CorrEtiq.txt,30.0,24.0,29.0,1.0,2.0,0.0,1.0,1.0,24.0,19.0,2.4166666666666665,0.10144927536231885,9.0,4.0,0.051388888888888894
CSO-12-7B-VHOMA-CorrEtiq.txt,30.0,24.0,29.0,0.0,2.0,0.0,1.0,1.0,24.0,18.0,2.4166666666666665,0.10276679841897234,10.0,4.0398550724637685,0.08076923076923077
CSO-12-8A-YTOME-CorrEtiq.txt,30.0,24.0,29.0,1.0,2.0,1.0,2.0,1.0,24.0,20.0,2.4166666666666665,0.09782608695652174,9.0,3.8496376811594204,0.08666666666666668
CSO-13-6A-ANASA-CorrEtiq.txt,30.0,25.0,29.0,0.0,0.0,0.0,0.0,0.0,25.0,16.0,2.32,0.09333333333333334,10.0,4.23973801560758,0.04615384615384615
CSO-13-6B-JETAVE-CorrEtiq.txt,30.0,22.0,29.0,2.0,3.0,0.0,1.0,0.0,22.0,18.0,2.5217391304347827,0.10516781083142639,9.0,3.7106493506493505,0.05797101449275362
CSO-13-6B-LFMIES-CorrEtiq.txt,30.0,26.0,25.0,0.0,0.0,0.0,0.0,0.0,23.0,14.0,2.1540740740740745,0.08297720797720798,11.0,4.444943944943946,0.0
CSO-13-6B-LJMAHU-CorrEtiq.txt,30.0,23.0,27.0,1.0,1.0,2.0,1.0,0.0,22.0,14.0,2.347826086956522,0.09486166007905138,10.0,4.105072463768116,0.0
CSO-13-7A-CAPAMU-CorrEtiq.txt,30.0,22.0,29.0,0.0,1.0,0.0,1.0,1.0,22.0,18.0,2.4545454545454546,0.1067193675889328,8.0,3.628834933182759,0.053181818181818184
CSO-13-7A-CDDITR-CorrEtiq.txt,30.0,23.0,29.0,0.0,1.0,0.0,1.0,0.5,23.0,20.0,2.5217391304347827,0.11462450592885376,6.5,3.191252587991719,0.07597222222222223
CSO-13-7A-JJATFL-CorrEtiq.txt,30.0,23.0,27.0,2.0,2.0,0.0,0.0,0.0,23.0,17.0,2.347826086956522,0.09881422924901186,9.0,4.052442123094297,0.0
CSO-13-7A-KRAMA-CorrEtiq.txt,30.0,22.0,25.0,2.0,2.0,1.0,0.0,0.0,21.0,8.0,2.272727272727273,0.09523809523809523,12.0,4.438095238095238,0.0
CSO-13-7A-RXCHLU-CorrEtiq.txt,30.0,20.0,29.0,2.0,4.0,0.0,1.0,0.0,20.0,18.0,2.9,0.12631578947368421,7.0,3.3105263157894735,0.05606060606060606
CSO-13-7A-YAMEZA-CorrEtiq.txt,30.0,24.0,29.0,1.0,1.0,0.0,0.0,0.0,24.0,18.0,2.4166666666666665,0.10144927536231885,9.0,4.02,0.052777777777777785
CSO-13-8A-KIGAGU-CorrEtiq.txt,30.0,24.0,29.0,1.0,1.0,2.0,0.0,0.0,24.0,19.0,2.4166666666666665,0.09782608695652174,11.0,4.518115942028985,0.02727272727272727
CSO-13-8A-MBUAN-CorrEtiq.txt,30.0,26.0,23.0,0.0,0.0,0.0,0.0,0.0,22.0,1.0,1.7692307692307692,0.07076923076923076,12.0,4.8311688311688314,0.0
CSO-13-8A-MGAAN-CorrEtiq.txt,30.0,24.0,29.0,0.0,1.0,0.0,0.0,0.0,24.0,19.0,2.32,0.093768115942029,10.0,4.261198945981555,0.0
CSO-13-8A-MGAHE-CorrEtiq.txt,30.0,23.0,29.0,1.0,2.0,0.0,1.0,0.0,23.0,20.0,2.5217391304347827,0.11067193675889328,7.0,3.3306982872200264,0.020416666666666666
CSO-13-8A-MJAGA-CorrEtiq.txt,30.0,22.0,29.0,1.0,1.0,1.0,1.0,1.0,22.0,18.0,2.6363636363636362,0.11255411255411256,8.0,3.5095238095238095,0.09066666666666666
CSO-13-8A-VHODU-CorrEtiq.txt,30.0,22.0,29.0,2.0,3.0,0.0,0.0,0.0,22.0,19.0,2.6363636363636362,0.11255411255411256,8.0,3.6047430830039526,0.0
CSO-13-8B-FCJISA-CorrEtiq.txt,30.0,25.0,29.0,1.0,1.0,0.0,0.0,0.0,25.0,20.0,2.32,0.09333333333333334,10.0,4.236521739130435,0.0
CSO-13-8B-JEMABE-CorrEtiq.txt,30.0,20.0,27.0,1.0,3.0,0.0,2.0,1.0,17.0,15.0,2.7,0.12631578947368421,5.0,2.672514619883041,0.13768115942028986
CSO-13-9B-DMLLLU-CorrEtiq.txt,30.0,21.0,25.0,0.0,1.0,2.0,1.0,1.0,20.0,15.0,2.380952380952381,0.10476190476190476,8.0,3.6578947368421053,0.06031746031746031
CSO-14-7B-EVEGO-CorrEtiq.txt,30.0,25.0,29.0,1.0,1.0,0.0,0.0,0.0,25.0,19.0,2.32,0.09420289855072464,11.0,4.53,0.05277777777777778
CSO-14-8A-AQUMA-CorrEtiq.txt,30.0,22.0,29.0,1.0,1.0,0.0,0.0,1.0,22.0,15.0,2.5217391304347827,0.10822510822510822,8.0,3.6363636363636362,0.06231884057971015
CSO-14-8A-SZARA-CorrEtiq.txt,30.0,22.0,29.0,1.0,2.0,0.0,1.0,1.0,22.0,18.0,2.5,0.11067193675889328,7.0,3.4523809523809526,0.06
CSO-14-8B-JLLORA-CorrEtiq.txt,30.0,22.0,29.0,1.0,1.0,1.0,0.0,1.0,22.0,18.0,2.6363636363636362,0.11067193675889328,9.0,3.5714285714285716,0.05476190476190477
CSO-14-9A-AEDCAGO-CorrEtiq.txt,30.0,24.0,29.0,0.0,1.0,0.0,0.0,0.0,24.0,18.0,2.347826086956522,0.09782608695652174,9.0,3.9592132505175983,0.0
CSO-14-9A-HASACA-CorrEtiq.txt,30.0,22.0,29.0,1.0,1.0,0.0,0.0,0.0,22.0,19.0,2.5714285714285716,0.11255411255411256,8.0,3.5833333333333335,0.0
CSO-14-9A-JSMAAL-CorrEtiq.txt,30.0,25.0,29.0,0.0,1.0,0.0,0.0,1.0,25.0,18.0,2.32,0.09666666666666666,9.0,3.953333333333333,0.060119047619047614
CSO-14-9A-MARJA-CorrEtiq.txt,30.0,25.0,29.0,1.0,1.0,0.0,0.0,1.0,25.0,19.0,2.32,0.09,11.0,4.338461538461539,0.06304945054945056
CSO-14-9A-SORZU-CorrEtiq.txt,30.0,21.0,29.0,1.0,2.0,1.0,0.0,1.0,19.0,16.0,2.6363636363636362,0.11688311688311688,7.0,3.091666666666667,0.0984848484848485
CSO-14-9B-ERAGA-CorrEtiq.txt,30.0,22.0,29.0,1.0,1.0,1.0,0.0,1.0,22.0,19.0,2.6363636363636362,0.11255411255411256,8.0,3.632411067193676,0.0625
CSO-14-9B-MFEGA-CorrEtiq.txt,30.0,23.0,29.0,0.0,2.0,0.5,1.0,0.0,23.0,20.0,2.5217391304347827,0.1038961038961039,8.0,3.7569169960474307,0.0
CSO-15-10A-LJRAGU-CorrEtiq.txt,30.0,24.0,29.0,0.0,1.0,0.0,1.0,0.0,23.0,17.0,2.32,0.09420289855072464,9.0,3.88,0.0
CSO-15-10A-MAARLO-CorrEtiq.txt,30.0,22.0,27.0,1.0,1.0,2.0,0.0,1.0,22.0,16.0,2.4545454545454546,0.10276679841897234,8.0,3.6822605853935775,0.09027777777777779
CSO-15-10A-SFEGA-CorrEtiq.txt,30.0,25.5,27.0,0.0,0.0,1.0,0.0,0.0,25.0,20.5,2.230769230769231,0.08615384615384615,12.5,5.1899999999999995,0.0
CSO-15-10B-MEBUAR-CorrEtiq.txt,30.0,23.0,29.0,3.0,3.0,0.0,0.5,1.0,23.0,17.0,2.5217391304347827,0.1067193675889328,10.0,4.0609064327485385,0.0625
CSO-15-10B-YVBUAN-CorrEtiq.txt,30.0,23.0,29.0,1.0,1.0,1.0,0.0,0.0,23.0,18.0,2.5217391304347827,0.1067193675889328,9.0,3.909090909090909,0.0
CSO-15-10C-ALBAHO-CorrEtiq.txt,30.0,27.0,29.0,0.0,0.0,0.0,0.0,0.0,27.0,26.0,2.1481481481481484,0.08262108262108261,10.0,5.119658119658119,0.0
CSO-15-10C-SSCAMO-CorrEtiq.txt,30.0,23.0,29.0,1.0,1.0,0.0,0.0,1.0,23.0,18.0,2.5217391304347827,0.1067193675889328,9.0,3.9818840579710146,0.06031746031746031
CSO-15-11C-JETALO-CorrEtiq.txt,30.0,23.0,29.0,1.0,2.0,0.0,1.0,1.0,23.0,17.0,2.5217391304347827,0.1100978731413514,9.0,3.8606546009292004,0.09545454545454544
CSO-15-7B-JCRAGA-CorrEtiq.txt,30.0,25.0,29.0,0.0,0.0,0.0,0.0,0.5,25.0,20.0,2.32,0.09666666666666666,8.0,3.5,0.024047619047619047
CSO-15-8A-VBMABR-CorrEtiq.txt,30.0,22.0,29.0,1.0,2.0,0.0,0.0,0.0,22.0,19.0,2.6363636363636362,0.11688311688311688,7.0,3.3190476190476192,0.0
CSO-15-8B-KEPOGO-CorrEtiq.txt,30.0,23.5,29.0,1.0,1.0,0.0,0.0,0.0,23.5,21.0,2.4692028985507246,0.10507246376811594,9.0,3.8071710897797857,0.0
CSO-15-9B-ALRIHE-CorrEtiq.txt,30.0,24.0,29.0,1.0,1.0,0.0,0.0,0.0,24.0,20.0,2.4166666666666665,0.09782608695652174,9.0,3.802536231884058,0.0
CSO-15-9B-AMSAGO-CorrEtiq.txt,30.0,24.0,29.0,2.0,2.0,0.0,0.0,0.0,24.0,20.0,2.4166666666666665,0.09420289855072464,11.0,4.42,0.0
CSO-15-9B-JCAPA-CorrEtiq.txt,30.0,22.0,29.0,1.0,1.0,0.0,1.0,1.0,22.0,17.0,2.5217391304347827,0.10822510822510822,9.0,3.727272727272727,0.08666666666666668
CSO-15-9B-KSBEJA-CorrEtiq.txt,30.0,23.0,27.0,1.0,1.0,0.0,0.0,1.0,22.0,16.0,2.4166666666666665,0.10507246376811594,10.0,3.787878787878788,0.0606060606060606
CSO-15-9B-RMCHLU-CorrEtiq.txt,30.0,23.5,29.0,1.0,2.0,0.0,0.0,0.0,23.5,20.0,2.4692028985507246,0.10589591567852437,8.0,3.612990777338603,0.0
CSO-15-9B-SJAGRO-CorrEtiq.txt,30.0,25.0,29.0,1.0,1.0,0.0,0.0,0.0,25.0,17.0,2.32,0.09333333333333334,12.0,4.618461538461538,0.0
CSO-16-10A-JEGAHE-CorrEtiq.txt,30.0,16.5,27.0,4.0,4.0,2.0,0.0,2.0,16.0,10.0,3.2757352941176467,0.16470588235294117,7.5,3.1625,0.22238270308123248
CSO-16-10A-MSACO-CorrEtiq.txt,30.0,22.0,29.0,3.0,3.0,0.0,0.0,1.0,22.0,16.0,2.6363636363636362,0.11255411255411256,10.5,4.153679653679654,0.07575757575757575
CSO-16-10A-YKMUJO-CorrEtiq.txt,30.0,22.0,29.0,0.0,2.0,0.0,2.0,0.0,22.0,20.0,2.6363636363636362,0.11688311688311688,7.0,3.318388857519292,0.0
CSO-16-10B-JESUGU-CorrEtiq.txt,30.0,24.0,29.0,0.0,0.0,1.0,0.0,0.0,24.0,20.0,2.4166666666666665,0.10144927536231885,8.0,3.728445322793149,0.0
CSO-16-10B-LTVIFA-CorrEtiq.txt,30.0,25.0,29.0,0.0,0.0,0.0,0.0,1.0,25.0,21.0,2.32,0.09666666666666666,10.0,4.315652173913044,0.08666666666666668
CSO-16-10B-VVILI-CorrEtiq.txt,30.0,25.0,29.0,0.0,1.0,0.0,0.0,0.0,25.0,20.0,2.32,0.09,9.0,4.049230769230769,0.0
CSO-16-10C-ACALGU-CorrEtiq.txt,30.0,23.0,29.0,1.0,1.0,0.0,0.0,1.0,23.0,18.0,2.4545454545454546,0.1067193675889328,8.0,3.619565217391304,0.08076923076923077
CSO-16-10C-MAVAVE-CorrEtiq.txt,30.0,23.5,29.0,0.0,1.0,0.0,0.0,0.0,23.5,20.0,2.4692028985507246,0.10507246376811594,8.0,3.591133069828722,0.050695652173913044
CSO-16-11A-JAVABO-CorrEtiq.txt,30.0,23.0,29.0,0.0,1.0,0.0,1.0,1.0,23.0,19.0,2.5217391304347827,0.11067193675889328,8.0,3.4466403162055337,0.0898550724637681
CSO-16-11A-JDMUVA-CorrEtiq.txt,30.0,25.0,29.0,0.0,1.0,0.0,1.0,0.0,25.0,21.5,2.32,0.09,10.0,4.216666666666667,0.0
CSO-16-11A-VZAOR-CorrEtiq.txt,30.0,24.0,29.0,1.0,2.0,0.0,0.0,1.0,24.0,19.0,2.4166666666666665,0.09420289855072464,10.5,4.319420289855072,0.05512820512820513
CSO-16-11B-KRORE-CorrEtiq.txt,30.0,24.0,29.0,1.0,1.0,0.0,0.0,1.0,24.0,20.0,2.4166666666666665,0.10144927536231885,8.0,3.6199275362318843,0.025757575757575757
CSO-16-11B-LLOZA-CorrEtiq.txt,30.0,25.0,29.0,0.0,0.0,0.0,0.0,1.0,25.0,18.0,2.230769230769231,0.09057971014492754,11.0,4.560523968784839,0.04067460317460317
CSO-16-11B-YAROMO-CorrEtiq.txt,30.0,24.0,29.0,1.0,2.0,0.0,0.0,0.0,24.0,18.0,2.4166666666666665,0.09782608695652174,9.0,4.1692307692307695,0.0
CSO-16-9A-JALEMO-CorrEtiq.txt,30.0,25.0,29.0,1.0,1.0,0.0,0.0,0.0,25.0,19.0,2.32,0.09333333333333334,11.0,4.496666666666667,0.0
CSO-16-9A-JPROSO-CorrEtiq.txt,30.0,24.0,29.0,0.0,1.0,0.0,0.0,0.0,24.0,19.0,2.4166666666666665,0.09666666666666666,10.0,4.29036231884058,0.0
CSO-16-9A-JSMAGU-CorrEtiq.txt,30.0,23.0,29.0,1.0,2.0,0.0,0.0,0.0,23.0,19.0,2.5217391304347827,0.10944852249200075,9.0,3.761038961038961,0.0
CSO-16-9B-SJPAJI-CorrEtiq.txt,30.0,20.0,29.0,0.0,1.0,1.0,1.0,1.0,20.0,19.0,2.9,0.14210526315789473,7.0,3.007644110275689,0.06399453720882292
CSO-17-10A-YVGOCA-CorrEtiq.txt,30.0,26.0,29.0,0.0,0.0,0.5,0.0,0.0,25.0,19.5,2.230769230769231,0.08615384615384615,10.0,4.475384615384616,0.0
CSO-17-10B-EHECO-CorrEtiq.txt,30.0,24.0,29.0,0.0,0.0,0.0,0.0,1.0,24.0,18.0,2.32,0.09486166007905138,9.0,3.782608695652174,0.051388888888888894
CSO-17-10B-YCQUVE.txt,30.0,23.0,27.0,0.0,1.0,0.0,1.0,0.0,22.0,14.0,2.347826086956522,0.09956709956709957,10.0,4.266666666666667,0.0
CSO-17-11A-DJAPA-CorrEtiq.txt,30.0,20.0,29.0,1.0,2.0,0.0,1.0,1.0,19.0,18.0,2.633971291866029,0.1274436090225564,6.0,2.889473684210526,0.05
CSO-17-11A-JDAMO-CorrEtiq.txt,30.0,23.0,29.0,1.0,1.0,0.0,0.0,0.0,23.0,20.0,2.5217391304347827,0.11067193675889328,7.0,3.3376623376623376,0.0
CSO-17-11A-NPAHE-CorrEtiq.txt,30.0,22.0,29.0,1.0,3.0,0.0,1.0,1.0,22.0,18.0,2.6363636363636362,0.11052631578947368,8.0,3.554112554112554,0.07017543859649122
CSO-17-11A-RLPAIG-CorrEtiq.txt,30.0,22.0,29.0,1.0,1.0,1.0,1.0,1.0,22.0,19.0,2.6363636363636362,0.11161302465650291,8.0,3.612460003764352,0.09420289855072465
CSO-17-11A-SPUVA-CorrEtiq.txt,30.0,23.0,29.0,2.0,2.0,1.0,0.0,0.0,23.0,14.0,2.5217391304347827,0.1038961038961039,11.0,5.083333333333333,0.06452569169960473
CSO-17-11B-CDBEBU-CorrEtiq.txt,30.0,22.0,25.0,1.0,2.0,0.0,1.0,1.0,20.0,9.0,2.380952380952381,0.1038961038961039,10.0,4.1345029239766085,0.0649122807017544
CSO-17-11C-JDAAG-CorrEtiq.txt,30.0,24.0,29.0,0.0,1.0,0.0,1.0,1.0,24.0,20.0,2.4166666666666665,0.09666666666666666,9.0,4.16,0.019666666666666666
CSO-17-11C-MAPAMA-CorrEtiq.txt,30.0,24.0,29.0,1.0,1.0,0.0,0.0,0.0,24.0,20.0,2.4166666666666665,0.09782608695652174,9.0,4.019762845849803,0.0
CSO-17-11C-MCAAG-CorrEtiq.txt,30.0,25.5,29.0,0.0,1.0,0.0,1.0,0.0,25.5,17.0,2.275384615384615,0.08666666666666667,12.0,5.005940170940171,0.0
CSO-17-11C-SARJA-CorrEtiq.txt,30.0,24.0,29.0,0.0,1.0,0.0,0.0,0.0,24.0,18.0,2.4166666666666665,0.09666666666666666,10.0,4.212028985507247,0.0
CSO-18-11A-ADBAHO-CorrEtiq.txt,30.0,24.0,29.0,0.0,1.0,0.0,0.0,1.0,24.0,20.0,2.4166666666666665,0.09782608695652174,9.0,4.013333333333334,0.048952380952380956
CSO-18-11B-YLLRE-CorrEtiq.txt,30.0,25.0,29.0,0.0,0.0,0.0,0.0,1.0,25.0,19.0,2.32,0.09333333333333334,10.0,4.43,0.06818181818181818
CSO-18-9B-MAMOLO-CorrEtiq.txt,30.0,21.0,29.0,2.0,3.0,1.0,1.0,1.0,21.0,16.0,2.761904761904762,0.10952380952380952,10.0,4.052380952380952,0.06666666666666667
CSO-8-3A-DAPAVA-CorrEtiq.txt,30.0,23.0,29.0,1.0,2.0,1.0,0.0,1.0,23.0,16.0,2.4545454545454546,0.09881422924901186,10.0,4.314285714285714,0.057539682539682536
CSO-8-3A-KVPECO-CorrEtiq.txt,30.0,22.0,24.0,1.0,3.0,1.0,2.0,0.0,19.0,4.0,2.1739130434782608,0.08695652173913043,12.0,5.04093567251462,0.0
CSO-8-4A-ARAGR-CorrEtiq.txt,30.0,23.0,29.0,2.0,2.0,0.0,0.0,0.0,23.0,17.0,2.5217391304347827,0.11067193675889328,8.0,3.699275362318841,0.0
CSO-8-4A-JRAAR-CorrEtiq.txt,30.0,24.0,25.0,1.0,2.0,0.0,1.0,1.0,20.0,3.0,2.0833333333333335,0.08333333333333333,10.0,4.478947368421053,0.09722222222222221
CSO-9-2A-EXMOCO-CorrEtiq.txt,30.0,24.0,27.0,0.0,1.0,0.0,0.0,0.0,24.0,17.0,2.25,0.09,10.0,4.496376811594203,0.0
CSO-9-4A-AGAPE-CorrEtiq.txt,30.0,24.0,29.0,1.0,2.0,0.0,0.0,0.0,24.0,20.0,2.4166666666666665,0.09782608695652174,10.0,4.267307692307693,0.0
CSO-9-4A-DKVIMO-CorrEtiq.txt,30.0,22.0,29.0,0.0,1.0,0.0,0.0,1.0,22.0,20.0,2.6363636363636362,0.11688311688311688,7.0,3.264069264069264,0.04571428571428571
CSO-9-4A-DSMOMU-CorrEtiq.txt,30.0,24.0,29.0,0.0,2.0,0.0,1.0,1.0,24.0,19.0,2.4166666666666665,0.09782608695652174,9.0,3.949275362318841,0.06818181818181818
CSO-9-4A-DVGATO-CorrEtiq.txt,30.0,23.0,29.0,1.0,2.0,1.0,1.0,1.0,23.0,15.0,2.5217391304347827,0.1067193675889328,9.0,4.0995670995671,0.07424242424242423
CSO-9-4A-EGCAMO-CorrEtiq.txt,30.0,24.0,29.0,0.0,0.0,0.0,0.0,0.0,24.0,21.0,2.4166666666666665,0.10144927536231885,9.0,3.7028985507246377,0.0
CSO-9-4A-FAGIGA-CorrEtiq.txt,30.0,23.0,29.0,2.0,3.0,0.0,1.0,0.0,23.0,19.0,2.5217391304347827,0.1067193675889328,9.0,3.9380952380952383,0.0
CSO-9-4A-GSBRCO-CorrEtiq.txt,30.0,23.0,29.0,1.0,1.0,1.0,0.0,0.0,23.0,19.0,2.5217391304347827,0.10276679841897234,10.0,4.0519480519480515,0.0
CSO-9-4A-KEMOCO-CorrEtiq.txt,30.0,21.0,29.0,0.0,0.0,1.0,0.0,1.0,21.0,15.0,2.6363636363636362,0.12380952380952381,9.0,3.7,0.06666666666666667
CSO-9-4A-LCOMO-CorrEtiq.txt,30.0,15.0,29.0,6.0,5.0,3.0,0.0,0.0,15.0,13.0,3.8666666666666667,0.2087912087912088,4.0,2.3583333333333334,0.09333333333333332
CSO-9-4A-MLORO-CorrEtiq.txt,30.0,20.0,29.0,1.0,3.0,1.0,2.0,1.0,20.0,18.0,2.9,0.12894736842105264,6.0,3.031578947368421,0.1361904761904762
CSO-9-4A-MPAME-CorrEtiq.txt,30.0,22.0,29.0,0.0,1.0,3.0,1.0,0.0,22.0,14.0,2.6363636363636362,0.10276679841897234,10.0,4.297101449275362,0.0
CSO-9-4A-NSARPA-CorrEtiq.txt,30.0,23.5,27.0,1.0,1.0,0.0,0.0,1.0,22.0,17.0,2.4166666666666665,0.10507246376811594,8.0,3.4384745689093514,0.0641025641025641
CSO-9-4A-SLOCA-CorrEtiq.txt,30.0,20.0,29.0,2.0,3.0,2.0,1.0,0.0,20.0,17.0,2.9,0.12631578947368421,7.0,3.263826232247285,0.0
CSO-9-4A-YVDITR-CorrEtiq.txt,30.0,26.0,29.0,0.0,0.0,0.5,0.0,0.0,26.0,18.0,2.230769230769231,0.08923076923076922,9.5,4.3330769230769235,0.0
