file,wc,nodes,edges,re,pe,l1,l2,l3,lcc,lsc,atd,density,diameter,asp,cc
CDMS-10-4A-JURAN-CorrEtiq.txt,180.0,86.5,179.0,22.0,27.0,1.0,5.0,4.5,86.5,85.5,4.1421883360085605,0.04090643912290047,6.5,3.259193786674496,0.06454061180184775
CDMS-10-5A-HEPIHO-CorrEtiq.txt,180.0,88.4,177.0,21.6,24.8,0.0,3.2,9.2,87.4,84.8,4.023589012985033,0.039936255441991614,7.0,3.283919318411397,0.09595674299193047
CDMS-10-5A-KSRAGU-CorrEtiq.txt,180.0,82.0,179.0,22.0,26.0,3.0,4.0,7.0,82.0,80.0,4.365853658536586,0.045167118337850046,6.0,3.154170430593195,0.06589637845018045
CDMS-10-5A-SROPU-CorrEtiq.txt,180.0,82.0,179.0,34.0,38.0,3.0,6.0,3.0,82.0,82.0,4.365853658536586,0.04155374887082204,8.0,3.4083107497741643,0.07646352332507282
CDMS-10-5A-SZURO-CorrEtiq.txt,180.0,80.33333333333333,179.0,32.0,33.666666666666664,0.6666666666666666,1.6666666666666667,7.666666666666667,80.33333333333333,80.0,4.475926788857823,0.04561060268216433,7.333333333333333,3.3526606046886975,0.09425861318102698
CDMS-10-5B-SRAJA-CorrEtiq.txt,180.0,84.0,179.0,23.0,26.0,1.0,3.0,13.0,84.0,84.0,4.261904761904762,0.04360298336201951,6.0,2.9793459552495696,0.1730111403303003
CDMS-10-5C-DAAUSA-CorrEtiq.txt,180.0,81.0,179.0,31.0,37.333333333333336,1.3333333333333333,6.666666666666667,12.0,81.0,80.0,4.4565843621399175,0.044262648997047904,7.0,3.181167694659193,0.14050456286696397
CDMS-10-5C-ICAPA-CorrEtiq.txt,180.0,68.0,175.0,38.0,45.0,3.0,7.0,17.0,66.0,63.0,5.147058823529412,0.05575065847234416,7.0,3.0107226107226106,0.19136908413224202
CDMS-10-5C-JFALGI-CorrEtiq.txt,180.0,79.0,179.0,30.0,34.0,0.0,4.0,10.0,79.0,79.0,4.531645569620253,0.04706264199935086,7.0,3.027588445309964,0.1915345603036568
CDMS-10-5C-MAORTO-CorrEtiq.txt,180.0,69.0,179.0,37.333333333333336,43.666666666666664,4.666666666666667,6.666666666666667,14.333333333333334,69.0,67.33333333333333,5.203412009294362,0.056044581484615406,6.333333333333333,2.882533938453951,0.14629612809044765
CDMS-10-5C-NBEMO-CorrEtiq.txt,180.0,77.0,179.0,30.0,33.666666666666664,6.0,4.666666666666667,9.666666666666666,77.0,75.66666666666667,4.659008276569252,0.0477711731852876,6.0,3.0895352106756495,0.11691881511152069
CDMS-10-6B-ASCACO-CorrEtiq.txt,180.0,71.0,179.0,36.0,38.0,0.0,2.0,17.0,71.0,69.0,5.046257693071272,0.056854764935555316,5.5,2.8037196315889865,0.2004757460895199
CDMS-10-6B-JJMOBE-CorrEtiq.txt,180.0,78.0,179.0,27.5,33.0,0.0,5.5,8.5,78.0,75.0,4.590498109485452,0.04862514789230313,7.5,3.1604830324017534,0.07164452233324067
CDMS-11-4A-GACHSA-CorrEtiq.txt,180.0,71.4,179.0,40.0,42.8,2.6,3.6,11.8,71.4,70.8,5.040595174511285,0.05393165590973924,6.0,3.0486435846712285,0.17095243793717682
CDMS-11-5A-EAARCA-CorrEtiq.txt,180.0,84.0,179.0,29.0,31.0,1.0,2.0,8.0,84.0,84.0,4.261904761904762,0.04216867469879518,6.0,3.2472748135398737,0.11046479392067629
CDMS-11-5A-MGTHAR-CorrEtiq.txt,180.0,73.0,179.0,37.5,40.5,4.5,4.0,11.5,73.0,71.5,4.904109589041096,0.05098934550989345,6.5,2.9998097412480975,0.13328279135081245
CDMS-11-6A-DFVEBE-CorrEtiq.txt,180.0,86.0,177.0,22.0,22.0,7.5,3.0,9.0,86.0,81.0,4.116279069767442,0.04035567715458276,9.0,3.4198358413132697,0.11722018935484707
CDMS-11-6A-NMREPR-CorrEtiq.txt,180.0,90.5,179.0,25.5,28.5,0.0,3.0,7.5,90.5,89.5,3.9998765432098766,0.03802749719416386,8.5,3.6325448933782267,0.0925615780147944
CDMS-11-6B-ARAHE-CorrEtiq.txt,180.0,76.0,177.0,31.0,30.5,4.5,1.0,6.5,75.5,74.5,4.658008658008658,0.04977640661851188,7.0,3.13009529393812,0.04882332073890515
CDMS-11-6B-AVROTO-CorrEtiq.txt,180.0,92.0,179.0,12.0,14.0,0.0,2.0,9.0,92.0,90.0,3.891304347826087,0.039417104634495936,7.0,3.353798375537506,0.09482093992963561
CDMS-11-6B-EAFESA-CorrEtiq.txt,180.0,75.6,179.0,36.0,40.2,2.0,4.2,8.0,75.6,74.8,4.757427352174847,0.04886518598610558,7.2,3.2591868756732665,0.10777302914359796
CDMS-11-6B-EFRGR-CorrEtiq.txt,180.0,73.66666666666667,179.0,40.666666666666664,41.666666666666664,3.3333333333333335,2.0,10.666666666666666,73.66666666666667,72.0,4.869819476226799,0.05025889532014179,6.333333333333333,3.1514162217137045,0.1320004296616223
CDMS-11-6B-EROCO-CorrEtiq.txt,180.0,70.0,175.0,28.0,33.0,1.0,5.0,19.0,69.0,69.0,5.0,0.058385093167701865,6.0,2.915174765558397,0.14296023108053185
CDMS-11-6B-JACUPE-CorrEtiq.txt,180.0,71.0,174.2,30.2,36.0,8.0,7.6,13.8,70.6,69.2,4.912920298296261,0.05253488499534922,6.4,3.008218961726567,0.14840287532280627
CDMS-11-6B-JDCHBA-CorrEtiq.txt,180.0,76.8,179.0,32.0,37.6,5.8,7.6,12.0,76.8,75.6,4.684992328067757,0.04692408217383607,6.6,3.1738308613986717,0.13056385055749606
CDMS-11-6B-JFSAHE-CorrEtiq.txt,180.0,87.66666666666667,178.33333333333334,22.333333333333332,26.666666666666668,0.0,4.333333333333333,4.666666666666667,87.66666666666667,87.0,4.06861720654824,0.03992005054555175,6.666666666666667,3.2718747215539516,0.04110812712728245
CDMS-11-6B-JLPENA-CorrEtiq.txt,180.0,78.0,173.0,24.5,27.5,2.5,3.5,13.0,77.5,74.5,4.503342245989304,0.04944322275768493,6.5,3.1816958886871367,0.10318693918145394
CDMS-11-6B-JMARME-CorrEtiq.txt,180.0,79.85714285714286,177.28571428571428,28.857142857142858,33.42857142857143,0.5714285714285714,4.571428571428571,10.0,79.57142857142857,78.0,4.460964949539575,0.0458730889812187,6.857142857142857,3.202263011830177,0.1262430714182695
CDMS-11-6B-JPSAMA-CorrEtiq.txt,180.0,90.5,177.0,18.5,21.5,1.5,3.0,9.0,90.5,87.5,3.9117216117216116,0.03802115487508746,7.5,3.4253378332030016,0.12102462132224037
CDMS-11-6B-LESTA-CorrEtiq.txt,180.0,73.0,179.0,32.5,36.0,1.0,3.5,14.0,73.0,72.5,4.904109589041096,0.05403348554033485,5.5,2.9758371385083713,0.11647982803301096
CDMS-11-6B-MAGIMU-CorrEtiq.txt,180.0,67.0,179.0,37.0,42.5,0.5,5.5,20.0,67.0,66.0,5.344474153297682,0.06164764413227978,6.0,2.885208981828824,0.18766128837795695
CDMS-11-6B-MEBRTA-CorrEtiq.txt,180.0,76.0,179.0,28.0,35.0,4.0,8.0,9.0,76.0,72.0,4.7105263157894735,0.04912280701754386,8.0,3.212982456140351,0.100266108160845
CDMS-11-6B-MMAMO-CorrEtiq.txt,180.0,83.33333333333333,179.0,19.666666666666668,23.0,2.3333333333333335,4.0,9.666666666666666,83.33333333333333,82.66666666666667,4.298598932047455,0.044875085415463645,6.333333333333333,3.136617065353004,0.1198629620627187
CDMS-11-6B-RSECA-CorrEtiq.txt,180.0,73.0,179.0,30.0,35.0,0.5,5.0,13.0,73.0,72.5,4.90503003003003,0.05466169430089939,5.5,2.877141080884087,0.13654367541912693
CDMS-11-6B-SCAPA-CorrEtiq.txt,180.0,87.0,179.0,27.0,28.0,0.0,1.0,9.0,87.0,87.0,4.114942528735632,0.04036353916065223,7.0,3.2699812884255546,0.06375424778061695
CDMS-11-6B-VZAPE-CorrEtiq.txt,180.0,75.0,179.0,33.0,38.0,4.0,5.0,15.0,75.0,74.0,4.773333333333333,0.04936936936936937,7.0,3.0763963963963965,0.08424242424242424
CDMS-11-6B-YLNIME-CorrEtiq.txt,180.0,83.0,179.0,24.0,27.0,0.0,3.0,8.5,83.0,82.0,4.315758896151053,0.04468824566863783,6.5,3.180551665110489,0.09459368296514266
CDMS-11-7C-ICARE-CorrEtiq.txt,180.0,78.0,179.0,28.0,31.5,0.5,3.5,15.0,78.0,77.5,4.589743589743589,0.04895104895104895,6.5,3.1213786213786214,0.15604112349021848
CDMS-11-7C-IMOIB-CorrEtiq.txt,180.0,84.66666666666667,179.0,21.666666666666668,25.666666666666668,2.6666666666666665,4.0,6.333333333333333,84.66666666666667,84.33333333333333,4.238256638845901,0.0427915394061994,6.666666666666667,3.249356444312948,0.09093878687925883
CDMS-11-7C-SALMA-CorrEtiq.txt,180.0,80.0,179.0,35.666666666666664,38.333333333333336,0.0,2.6666666666666665,9.333333333333334,80.0,79.0,4.484146667972705,0.04470918432063827,6.666666666666667,3.1609347983828022,0.10527460099552834
CDMS-11-7C-SPGAVE-CorrEtiq.txt,180.0,88.0,175.0,21.0,25.0,4.0,4.0,9.0,86.0,85.0,3.977272727272727,0.03814002089864159,7.0,3.5534883720930233,0.11789731732913551
CDMS-12-5A-SRIGO-CorrEtiq.txt,180.0,83.75,179.0,26.25,28.75,2.5,3.0,5.5,83.75,82.75,4.301644194934189,0.04314193350709464,7.25,3.335189924050825,0.08093005384164398
CDMS-12-6A-FAROPA-CorrEtiq.txt,180.0,84.33333333333333,179.0,25.666666666666668,27.666666666666668,2.0,2.3333333333333335,8.0,84.33333333333333,83.33333333333333,4.250911075470017,0.042648729085156406,6.666666666666667,3.2595704034018538,0.09924086051313948
CDMS-12-6A-JGIGA-CorrEtiq.txt,180.0,78.5,179.0,27.0,33.5,1.5,6.5,10.5,78.5,77.0,4.565139701104613,0.047337556855100715,7.0,3.0869119558154647,0.10230507233571426
CDMS-12-6A-JSOTGU-CorrEtiq.txt,180.0,74.2,179.0,33.0,35.0,2.4,2.4,12.0,74.2,73.0,4.840774528607942,0.052655950575230905,6.8,3.1165387288770265,0.12603108489422793
CDMS-12-6A-SROAL-CorrEtiq.txt,180.0,82.66666666666667,179.0,28.333333333333332,30.666666666666668,1.0,2.3333333333333335,10.0,82.66666666666667,80.66666666666667,4.3470229723394285,0.044100829821210996,7.0,3.2261199790427497,0.10347855491033033
CDMS-12-6B-IJDAGA-CorrEtiq.txt,180.0,72.0,179.0,29.5,34.0,9.0,7.0,12.0,72.0,71.0,4.980869565217391,0.053522960300453906,6.5,2.9818324462569987,0.12680223141550373
CDMS-12-6B-SCLAG-CorrEtiq.txt,180.0,75.0,179.0,29.5,34.25,4.0,5.75,11.0,75.0,74.5,4.781678321678322,0.05084170318724095,6.25,3.16140788098454,0.10202016725205379
CDMS-12-7C-ARAHE-CorrEtiq.txt,180.0,81.0,179.0,22.0,29.0,0.0,7.0,15.0,81.0,80.0,4.419753086419753,0.046296296296296294,6.0,3.077469135802469,0.17090266843353263
CDMS-12-7C-CATRAR-CorrEtiq.txt,180.0,81.0,177.0,27.25,31.75,0.0,4.5,12.0,80.5,80.0,4.3948133877681395,0.045370000508139496,6.5,3.1994805093790393,0.07628556984407894
CDMS-12-7C-DLOLO-CorrEtiq.txt,180.0,79.5,179.0,32.5,33.5,1.0,1.0,12.0,79.5,79.0,4.524801271860095,0.04691985642831735,6.5,3.129072176815932,0.17655390335343896
CDMS-12-7C-JSZAOR-CorrEtiq.txt,180.0,89.0,179.0,17.0,21.0,1.0,4.0,9.0,89.0,89.0,4.022471910112359,0.040091930541368746,7.0,3.2849846782431054,0.07068876980172072
CDMS-12-7C-MAROBE-CorrEtiq.txt,180.0,85.0,179.0,22.5,28.0,0.0,5.5,10.0,85.0,83.5,4.21234772978959,0.042308063600895666,6.5,3.2863160282325317,0.14591692234636805
CDMS-12-7C-VQURA-CorrEtiq.txt,180.0,86.8,176.6,24.4,27.8,0.4,3.4,10.0,85.8,83.8,4.079668127948723,0.04009230371975717,7.2,3.3427892899555416,0.10279335001533083
CDMS-13-6B-ASUMO-CorrEtiq.txt,180.0,84.0,169.0,17.0,22.0,2.0,5.0,14.0,84.0,76.0,4.023809523809524,0.04159495123350545,8.0,3.2897303499713137,0.11583966531445525
CDMS-13-6B-JDTAHE-CorrEtiq.txt,180.0,84.0,173.0,21.5,24.5,3.5,4.0,9.5,82.5,79.0,4.12251843448667,0.04173540595415074,7.5,3.329354720469178,0.10141645211712944
CDMS-13-7C-MVEAR-CorrEtiq.txt,180.0,71.4,177.4,26.4,28.0,7.6,3.2,13.2,71.0,69.0,4.979968593498005,0.056729157709223134,6.0,2.903979845370763,0.15024730868703373
CDMS-13-7C-SSOSLO-CorrEtiq.txt,180.0,77.66666666666667,177.66666666666666,29.0,32.0,4.0,3.5,13.833333333333334,77.33333333333333,75.5,4.611495432620353,0.04828273351552067,6.666666666666667,3.103606106491648,0.1358784459194525
CDMS-14-10A-IMORTO-CorrEtiq.txt,180.0,74.5,179.0,35.5,40.5,0.0,5.0,9.0,74.5,74.5,4.815998555435176,0.050736587356305665,6.0,3.1826999291788023,0.08520780862330159
CDMS-14-10A-JCVANI-CorrEtiq.txt,180.0,93.0,179.0,20.25,25.25,1.5,5.0,3.75,93.0,93.0,3.867375350356114,0.03597376107057432,8.0,3.5993620585308137,0.05827155503293228
CDMS-14-5A-LSDUCO-CorrEtiq.txt,180.0,71.0,179.0,35.666666666666664,41.666666666666664,1.6666666666666667,6.0,13.333333333333334,71.0,70.0,5.0735312920718725,0.05503406153765674,6.0,3.0158993394331968,0.13810631616315733
CDMS-14-6B-KDCAHE-CorrEtiq.txt,180.0,81.25,178.0,24.5,30.0,4.0,6.5,13.0,81.25,79.25,4.400577553514644,0.044664825585922906,7.25,3.3492925288803845,0.10837923898915555
CDMS-15-10A-AMALOS-CorrEtiq.txt,180.0,81.83333333333333,179.0,23.0,28.666666666666668,4.5,6.0,6.166666666666667,81.83333333333333,80.5,4.40181136747478,0.044680207699037654,6.666666666666667,3.1841537151427537,0.06694928291073389
CDMS-15-10A-JJMACH-CorrEtiq.txt,180.0,89.75,178.5,19.5,21.75,1.625,2.5,8.25,89.625,88.5,3.9805882929865155,0.039050670017046527,6.625,3.2484495531412554,0.08792282932460681
CDMS-15-10A-MAALCA-CorrEtiq.txt,180.0,79.33333333333333,179.0,24.333333333333332,29.0,1.6666666666666667,4.666666666666667,11.333333333333334,79.33333333333333,79.33333333333333,4.532934059286146,0.04824944050960173,6.666666666666667,3.05847862972921,0.10441675462026162
CDMS-15-10A-MAALRI-CorrEtiq.txt,180.0,89.25,179.0,19.0,24.5,1.5,5.5,9.0,89.25,88.75,4.013764655655302,0.038932285624611165,7.75,3.439548441605817,0.08269485583231101
CDMS-15-10A-SGOMO-CorrEtiq.txt,180.0,92.33333333333333,179.0,21.666666666666668,23.0,1.3333333333333333,1.3333333333333333,8.333333333333334,92.33333333333333,91.66666666666667,3.88170450303709,0.036790957077837985,7.0,3.4119140375299075,0.10845405259502426
CDMS-15-10A-SHEGA-CorrEtiq.txt,180.0,77.33333333333333,179.0,23.666666666666668,27.333333333333332,0.6666666666666666,3.6666666666666665,17.0,77.33333333333333,76.66666666666667,4.631574164232393,0.0511755018084132,6.0,2.9538095386196654,0.17824848230040294
CDMS-15-11B-JEMOLO-CorrEtiq.txt,180.0,84.14285714285714,179.0,25.857142857142858,29.214285714285715,2.0714285714285716,3.7142857142857144,7.071428571428571,84.14285714285714,83.14285714285714,4.275707716317387,0.042623820350884474,7.142857142857143,3.311235595048496,0.0730466617176931
CDMS-15-11B-VSAHO-CorrEtiq.txt,180.0,83.0,179.0,28.5,31.5,3.0,4.0,7.0,83.0,82.5,4.315758896151053,0.042558875402012655,7.0,3.2658509700176364,0.08298618299994288
CDMS-16-10A-SGALO-CorrEtiq.txt,180.0,85.0,179.0,20.0,24.333333333333332,0.6666666666666666,4.333333333333333,8.333333333333334,85.0,84.33333333333333,4.226799106012589,0.043417299907032574,6.666666666666667,3.302355765548326,0.09842727506912573
CDMS-16-11B-NGABE-CorrEtiq.txt,180.0,90.75,177.0,17.75,21.5,1.0,3.75,7.75,90.25,87.5,3.904760685976657,0.038055184698826405,7.25,3.3507080615243954,0.08581598683393192
CDMS-17-10A-ASSAMO-CorrEtiq.txt,180.0,99.0,179.0,16.5,18.0,0.0,1.5,8.0,99.0,97.5,3.622074603985692,0.033353691774060105,7.5,3.4954502189225205,0.08442650533478331
CDMS-18-7C-VVECA-CorrEtiq.txt,180.0,83.33333333333333,178.33333333333334,32.333333333333336,36.333333333333336,0.6666666666666666,4.0,9.666666666666666,83.0,82.0,4.284857420732572,0.041322393658460924,7.666666666666667,3.3392463194531117,0.13661243657434685
CDMS-8-4A-DBEVA-CorrEtiq.txt,180.0,70.5,179.0,29.5,34.0,3.5,5.0,19.5,70.5,70.0,5.078269617706237,0.05775231096725279,5.0,2.804368238416003,0.1902157697322027
CDMS-8-4A-DJAVDA-CorrEtiq.txt,180.0,68.0,178.0,42.0,46.0,9.0,6.5,14.0,68.0,65.5,5.236859182349123,0.05408235502330246,7.5,2.9309225784585555,0.16877677460264762
CDMS-8-4A-DOSTR-CorrEtiq.txt,180.0,75.0,179.0,36.8,41.8,4.6,6.2,12.0,75.0,74.6,4.808973514065883,0.048342272514597016,6.8,3.1734517873086654,0.13668143579481867
CDMS-8-4A-LGOPA-CorrEtiq.txt,180.0,73.66666666666667,177.66666666666666,35.0,41.333333333333336,2.3333333333333335,6.666666666666667,15.0,73.33333333333333,71.66666666666667,4.853590853590854,0.05068148226042963,7.0,3.164527285579917,0.15049030953389753
CDMS-8-4C-JDBUTU-CorrEtiq.txt,180.0,71.5,178.0,33.0,38.0,8.0,7.5,12.5,71.5,70.5,4.99235294117647,0.05256001392085677,5.5,2.840040101558978,0.1943472523119582
CDMS-9-4A-ACDUTR-CorrEtiq.txt,180.0,79.0,179.0,30.0,33.5,4.5,4.0,13.5,79.0,79.0,4.5579371474617245,0.04622296407147333,5.5,2.9934407096171802,0.1596534029340363
CDMS-9-4A-CARGA-CorrEtiq.txt,180.0,76.66666666666667,179.0,34.666666666666664,36.0,2.0,2.3333333333333335,10.333333333333334,76.66666666666667,76.66666666666667,4.68856145677524,0.04896804005224478,6.0,3.046525432199315,0.1500796074347399
CDMS-9-4A-CRAAG-CorrEtiq.txt,180.0,70.0,177.0,37.5,40.0,4.5,3.0,20.5,69.5,67.5,5.076986076986077,0.05510184003334688,5.5,2.8321782099179362,0.24097750245477517
CDMS-9-4A-EROHI-CorrEtiq.txt,180.0,75.5,179.0,29.5,32.0,5.0,3.5,10.5,75.5,73.0,4.743594243594243,0.050551769008870664,7.5,3.2359287325040746,0.11349749223125848
CDMS-9-4A-ILOSE-CorrEtiq.txt,180.0,68.5,179.0,42.5,44.5,0.0,2.0,11.5,68.5,68.0,5.233247972684593,0.05827083714407658,5.5,2.87141637705018,0.10302538135585887
CDMS-9-4A-TGAFR-CorrEtiq.txt,180.0,76.5,179.0,39.0,44.5,2.0,6.0,11.5,76.5,75.0,4.689554794520548,0.045998304529603296,5.0,2.8997774695104326,0.12838975512246448
CDMS-9-4C-SCAMO-CorrEtiq.txt,180.0,90.0,175.0,25.0,26.0,1.0,1.0,6.0,89.0,86.0,3.888888888888889,0.03695380774032459,8.0,3.575076608784474,0.06317256817256818
CDMS-9-5A-ABERO-CorrEtiq.txt,180.0,75.75,178.0,31.5,34.75,4.25,3.75,8.25,75.75,74.5,4.73228194569658,0.04958506524616922,6.25,3.1356967506732163,0.08962940754026871
CDMS-9-5A-PAGACO-CorrEtiq.txt,180.0,75.5,179.0,26.5,31.0,3.0,4.5,11.0,75.5,75.5,4.741929824561403,0.05155998103366524,6.5,3.130711237553343,0.09029647642805537
CDMS-9-5A-VVAAR-CorrEtiq.txt,180.0,77.0,179.0,32.0,39.0,2.0,7.0,13.0,77.0,75.0,4.64935064935065,0.047163362952836636,7.0,3.1281613123718386,0.13621009258769665
CDMS-9-5C-JDMADE-CorrEtiq.txt,180.0,82.0,179.0,30.0,31.0,10.0,5.0,6.0,82.0,80.0,4.365853658536586,0.04155374887082204,7.0,3.3875338753387534,0.11371291310315701
CDMS-9-5C-LVIZAC-CorrEtiq.txt,180.0,87.33333333333333,179.0,25.0,28.666666666666668,2.3333333333333335,3.6666666666666665,12.333333333333334,87.33333333333333,86.66666666666667,4.103637741568776,0.039357821379251125,7.0,3.4211304378597447,0.10768694803351925
CDMS-9-5C-MLOGO-CorrEtiq.txt,180.0,79.5,179.0,32.0,33.5,3.5,2.0,19.0,79.5,78.5,4.504748338081671,0.04550788717455384,8.5,3.388815813815814,0.18821426732123062
CDMS-9-5C-SCAAG-CorrEtiq.txt,180.0,78.5,177.0,26.5,29.5,1.5,3.0,11.0,77.0,76.0,4.5100616682895165,0.04798998469884545,6.5,3.1607907881592094,0.08655957417616311
CDMS-XX-10A-VGILO-CorrEtiq.txt,180.0,84.33333333333333,176.33333333333334,21.333333333333332,20.666666666666668,6.666666666666667,0.6666666666666666,7.0,83.66666666666667,78.33333333333333,4.182846557881581,0.04243063634937627,7.0,3.264817582471364,0.09703213784025527
CDMS-XX-5C-MJSARU-CorrEtiq.txt,180.0,86.5,179.0,26.0,32.5,1.0,6.5,6.0,86.5,86.0,4.138866613205026,0.039343050772835196,8.0,3.360345613786814,0.09191775192359256
CDMS-XX-5C-MPCAQU-CorrEtiq.txt,180.0,73.5,179.0,32.5,35.5,0.0,3.0,14.0,73.5,73.0,4.870973713439467,0.053868937430581264,5.5,2.9710652433255174,0.1486138669018562
CDMS-XX-6A-MAGICA-CorrEtiq.txt,180.0,86.28571428571429,178.14285714285714,23.714285714285715,26.142857142857142,0.5714285714285714,2.4285714285714284,7.571428571428571,86.28571428571429,85.14285714285714,4.14895941307301,0.041549946744043345,7.714285714285714,3.4353232404587004,0.07698970695057894
CDMS-XX-6B-SPUCA-CorrEtiq.txt,180.0,85.0,179.0,26.0,31.5,0.5,5.5,8.75,85.0,84.75,4.238116829284404,0.041577987303072786,6.5,3.2985230769199996,0.1260272899197847
CSO-10-4A-ICAPA-CorrEtiq.txt,180.0,74.25,178.5,37.25,42.75,0.75,5.5,11.25,74.25,73.25,4.819328395296705,0.04992471076234145,6.0,2.996432215447002,0.19086797912910003
CSO-10-4A-KCOMO-CorrEtiq.txt,180.0,77.25,179.0,28.0,33.5,2.5,5.75,10.5,77.25,76.25,4.647174583407461,0.04880552660025997,7.0,3.095023614304089,0.13235791433711497
CSO-10-4A-LRAVI-CorrEtiq.txt,180.0,78.0,175.0,33.0,41.0,0.0,8.0,12.0,76.0,76.0,4.487179487179487,0.044622044622044624,7.0,3.099298245614035,0.15410620006773854
CSO-10-4A-LSCAVA-CorrEtiq.txt,180.0,91.5,179.0,31.0,37.5,0.5,6.5,4.5,91.5,89.5,3.915491274205116,0.03406564157067346,9.0,3.888524170004316,0.08933093429268424
CSO-10-5A-ACAVA-CorrEtiq.txt,180.0,91.0,179.0,19.5,21.0,4.5,2.0,6.5,91.0,90.0,3.9512431776834447,0.037901036703341134,8.0,3.44560032775997,0.08112274124625353
CSO-10-5A-ARACA-CorrEtiq.txt,180.0,81.0,169.0,26.0,27.0,2.0,1.0,4.5,80.0,79.5,4.176605154796401,0.04332069294109489,6.5,3.300755853601382,0.07900802936070589
CSO-10-5A-DABRZA-CorrEtiq.txt,180.0,73.6,178.2,38.0,43.2,2.6,5.6,12.4,73.6,72.8,4.873529117425664,0.050223016840253695,7.0,3.169274142875694,0.1404037759596091
CSO-10-5A-GZAMA-CorrEtiq.txt,180.0,80.2,178.2,25.2,28.2,0.6,3.0,9.6,80.2,79.0,4.45729004275753,0.0473439546880355,6.6,3.111399218602776,0.13313113040357707
CSO-10-5A-IPECA-CorrEtiq.txt,180.0,81.5,179.0,26.5,30.0,0.5,3.5,13.5,81.5,80.0,4.39280337247817,0.04526498042758205,6.5,3.124254742547426,0.11467971653061537
CSO-10-5A-JANORO-CorrEtiq.txt,180.0,86.0,177.0,19.5,25.5,1.0,6.0,11.0,85.5,82.5,4.116294793779581,0.041190172941670655,7.0,3.23737095247757,0.12319131154323854
CSO-10-5A-JBUVE-CorrEtiq.txt,180.0,88.0,179.0,23.5,27.0,2.0,3.5,7.0,88.0,87.0,4.068707219423995,0.03918239320846026,7.0,3.36242002938479,0.07621568421019159
CSO-10-5A-JJSEMO-CorrEtiq.txt,180.0,77.0,177.0,31.0,35.0,1.0,4.0,8.0,77.0,76.0,4.597402597402597,0.04818865345181134,6.0,3.014695830485304,0.0962983787106259
CSO-10-5A-JLCARI-CorrEtiq.txt,180.0,89.0,175.0,22.0,25.0,1.0,3.0,4.0,88.0,85.0,3.932584269662921,0.03804902962206333,7.0,3.4623824451410656,0.07623415909932763
CSO-10-5A-MAARAN-CorrEtiq.txt,180.0,69.33333333333333,179.0,44.666666666666664,46.666666666666664,1.3333333333333333,2.0,16.0,69.33333333333333,69.0,5.163699102829537,0.055299801079852225,7.0,3.014232939552633,0.23458347842186345
CSO-10-5A-MAOSMO-CorrEtiq.txt,180.0,89.25,179.0,21.25,24.0,0.5,2.75,6.0,89.25,88.0,4.040030732724436,0.03994762910039358,7.25,3.45853042795187,0.0577125145013235
CSO-10-5A-RVMOIB-CorrEtiq.txt,180.0,87.25,179.0,20.75,23.25,1.0,2.5,9.25,87.25,86.25,4.116986566100041,0.04138752307546337,7.25,3.260937053189456,0.09336691727874911
CSO-10-5A-SVHEES-CorrEtiq.txt,180.0,73.25,179.0,30.75,33.75,4.5,3.25,12.0,73.25,73.25,4.949537234330639,0.05430572156556688,5.75,2.89528947988953,0.14660579205881613
CSO-11-5A-MDVOSPE-CorrEtiq.txt,180.0,77.66666666666667,177.66666666666666,31.666666666666668,34.333333333333336,1.0,2.6666666666666665,10.666666666666666,77.66666666666667,77.0,4.592256383831444,0.048226136128068316,6.666666666666667,3.151464997573773,0.12420782588442782
CSO-11-5A-MTAGA-CorrEtiq.txt,180.0,85.0,179.0,26.5,30.5,2.5,4.0,6.0,85.0,84.5,4.232855751843093,0.04135948439745908,7.5,3.4523191295343194,0.07052769431925086
CSO-11-6A-CAPAMU-CorrEtiq.txt,180.0,91.0,173.0,21.333333333333332,22.333333333333332,2.0,1.0,8.0,87.66666666666667,84.0,3.8112234580384228,0.036487609403370945,8.0,3.4657811170691595,0.08133495262692751
CSO-11-6A-DSCACH-CorrEtiq.txt,180.0,92.5,179.0,20.5,21.5,0.5,1.0,4.5,92.5,92.0,3.8730994152046785,0.037130238937050974,6.5,3.4251358534195075,0.04493784451988786
CSO-11-6A-EROMO-CorrEtiq.txt,180.0,84.0,179.0,30.0,39.0,0.0,9.0,6.0,84.0,84.0,4.261904761904762,0.040160642570281124,7.0,3.3026391279403327,0.05855150140864428
CSO-11-6A-FSOVRE-CorrEtiq.txt,180.0,74.33333333333333,177.66666666666666,35.333333333333336,40.666666666666664,1.6666666666666667,5.333333333333333,9.666666666666666,74.0,71.0,4.821956146834196,0.05079493274615226,6.0,3.0955838083615865,0.12305098697996834
CSO-11-6B-ANREVA-CorrEtiq.txt,180.0,81.0,179.0,31.0,34.0,1.3333333333333333,3.0,11.0,81.0,79.66666666666667,4.429047115675023,0.044541865364896245,6.666666666666667,3.1391707644573272,0.13852016507563347
CSO-11-6B-DISEMO-CorrEtiq.txt,180.0,90.0,169.0,21.0,25.0,0.0,4.0,8.0,88.0,78.0,3.7555555555555555,0.035955056179775284,8.0,3.6157262277951934,0.07234481567814902
CSO-11-6B-LHFDLACH-CorrEtiq.txt,180.0,87.0,176.33333333333334,25.666666666666668,32.0,2.6666666666666665,6.333333333333333,5.666666666666667,87.0,84.66666666666667,4.057307883218266,0.037908678987106155,7.333333333333333,3.5242308079824216,0.0700334402470889
CSO-11-6B-RJGIHE-CorrEtiq.txt,180.0,81.66666666666667,179.0,23.333333333333332,25.333333333333332,4.333333333333333,3.0,16.333333333333332,81.66666666666667,80.66666666666667,4.394682088168678,0.045586214703558316,6.0,3.0642797875812082,0.19617913410407395
CSO-11-6B-SFLVA-CorrEtiq.txt,180.0,78.5,179.0,27.0,31.5,7.5,6.0,14.0,78.5,78.0,4.575545424943016,0.046180912958413874,6.5,3.1693054443870605,0.17977119530982041
CSO-11-6B-VCOMA-CorrEtiq.txt,180.0,89.0,179.0,22.5,26.0,1.5,4.0,7.5,89.0,89.0,4.030613535736876,0.03889059129963346,6.5,3.337782518336928,0.09245496915019183
CSO-12-6A-DGISE-CorrEtiq.txt,180.0,85.0,179.0,23.0,25.5,8.0,5.0,7.0,85.0,85.0,4.226388888888889,0.0409699505365129,7.0,3.353934164572765,0.08146446894608661
CSO-12-6A-FJOVRE-CorrEtiq.txt,180.0,80.5,175.0,23.5,27.5,2.5,4.0,11.5,79.5,76.0,4.347993827160494,0.045323488045007035,6.5,3.0413299253489123,0.094550838091806
CSO-12-6B-GQULO-CorrEtiq.txt,180.0,80.0,179.0,26.5,31.0,6.5,4.5,5.0,80.0,79.0,4.492549019607843,0.044851994851994856,7.5,3.27101521689757,0.0742990344135855
CSO-12-6B-LJHEFE-CorrEtiq.txt,180.0,88.0,179.0,19.5,24.25,2.0,4.75,9.25,88.0,86.0,4.088481509625127,0.04024442018129299,6.75,3.327188222613846,0.12456997123425348
CSO-12-6B-VPAMA-CorrEtiq.txt,180.0,64.0,155.0,41.0,42.0,2.0,1.0,10.0,62.0,53.0,4.84375,0.05505952380952381,7.0,3.1517715494447383,0.10169214466089466
CSO-12-7A-DALRE-CorrEtiq.txt,180.0,70.25,177.5,41.5,45.25,3.0,3.75,11.0,70.25,70.0,5.0608728126333755,0.05321699036487769,6.5,3.1086301218343473,0.15301088032307017
CSO-12-7A-ESALA-CorrEtiq.txt,180.0,73.0,179.0,34.0,37.0,0.0,3.0,10.0,73.0,73.0,4.904109589041096,0.05403348554033485,6.0,2.9124809741248097,0.10149527574460779
CSO-12-7A-IMERO-CorrEtiq.txt,180.0,83.2,179.0,23.6,29.0,2.4,5.4,9.0,83.2,82.6,4.318393028044538,0.043502511850645256,7.2,3.3175713466889674,0.11406825396799128
CSO-12-7A-JHEZA-CorrEtiq.txt,180.0,93.0,172.0,18.5,22.0,3.5,4.0,8.5,91.5,85.5,3.7048534692459167,0.03434638139766716,8.0,3.6095967163297176,0.100647282384543
CSO-12-7A-LSARAR-CorrEtiq.txt,180.0,75.0,179.0,35.0,41.0,0.0,6.0,12.0,75.0,75.0,4.773333333333333,0.04972972972972973,6.0,3.037117117117117,0.15065178096757045
CSO-12-7A-SCAHO-CorrEtiq.txt,180.0,86.66666666666667,179.0,27.333333333333332,31.666666666666668,0.6666666666666666,4.333333333333333,9.0,86.66666666666667,86.0,4.132342437889711,0.039532509363739476,8.666666666666666,3.495723398987359,0.08872273928469408
CSO-12-7B-DVAGRO-CorrEtiq.txt,180.0,89.5,179.0,22.5,27.0,4.0,5.0,6.5,89.5,88.0,4.02120983935743,0.03778718854880368,7.5,3.4984973269200035,0.04929588385470739
CSO-12-7B-SMUGU-CorrEtiq.txt,180.0,76.0,179.0,27.0,29.0,2.0,2.0,10.5,76.0,74.0,4.711341991341992,0.051938568780674044,6.5,2.9993526198789358,0.09980815945566056
CSO-12-7B-SSARA-CorrEtiq.txt,180.0,91.0,179.0,20.0,23.5,3.5,3.5,4.5,91.0,90.0,3.9512431776834447,0.03741553322359872,9.0,3.601674355309134,0.03472214565301284
CSO-12-7B-VHOMA-CorrEtiq.txt,180.0,95.25,179.0,19.75,20.5,3.5,1.75,4.5,95.25,94.75,3.7818576558013586,0.03506393386361586,8.0,3.584809233518687,0.08168381658678844
CSO-12-8A-YTOME-CorrEtiq.txt,180.0,75.5,179.0,31.0,34.0,0.5,3.0,13.0,75.5,75.0,4.743594243594243,0.0514346475053036,6.0,3.0203651061617895,0.16589607236383735
CSO-13-6A-ANASA-CorrEtiq.txt,180.0,87.71428571428571,179.0,26.857142857142858,31.285714285714285,0.5714285714285714,4.428571428571429,4.857142857142857,87.71428571428571,86.57142857142857,4.103750974370569,0.03914008274487226,7.285714285714286,3.430900857292939,0.06450384714391075
CSO-13-6B-JETAVE-CorrEtiq.txt,180.0,77.25,179.0,38.25,39.75,1.0,2.0,12.0,77.25,76.5,4.652431868427033,0.04719011850357539,6.0,3.113301675046236,0.12881574356433423
CSO-13-6B-LFMIES-CorrEtiq.txt,180.0,83.0,175.0,25.5,29.0,2.0,3.5,11.0,79.0,77.5,4.226684126291285,0.04252933427763146,8.0,3.162750626566416,0.14736356839250042
CSO-13-6B-LJMAHU-CorrEtiq.txt,180.0,74.0,171.0,43.333333333333336,47.666666666666664,0.6666666666666666,4.666666666666667,3.0,73.33333333333333,70.66666666666667,4.7363260645414185,0.046139711165323984,6.666666666666667,3.215415216531497,0.06982026879185704
CSO-13-7A-CAPAMU-CorrEtiq.txt,180.0,83.0,176.2,25.8,32.0,4.0,6.8,7.0,83.0,81.4,4.247248756818168,0.04123098483524405,7.2,3.4609720370554813,0.07762415358307004
CSO-13-7A-CDDITR-CorrEtiq.txt,180.0,86.0,179.0,24.0,25.0,0.0,1.0,9.0,86.0,86.0,4.162790697674419,0.04213406292749658,8.0,3.4705882352941178,0.10168536054308967
CSO-13-7A-JJATFL-CorrEtiq.txt,180.0,85.5,179.0,27.5,31.5,1.0,4.0,10.0,85.5,84.5,4.1884236453201975,0.04056850612439447,6.0,3.043225600304759,0.1299163567206501
CSO-13-7A-KRAMA-CorrEtiq.txt,180.0,75.0,179.0,27.0,31.0,3.0,4.0,10.0,75.0,75.0,4.773333333333333,0.05225225225225225,6.0,2.982702702702703,0.1331160625866508
CSO-13-7A-RXCHLU-CorrEtiq.txt,180.0,79.0,179.0,19.0,22.0,0.0,3.0,17.0,79.0,78.0,4.531645569620253,0.050957481337228175,5.0,2.848750405712431,0.22490708607789972
CSO-13-7A-YAMEZA-CorrEtiq.txt,180.0,84.4,179.0,23.2,27.4,2.0,4.4,10.0,84.4,83.4,4.245176675245789,0.04259492932334217,7.0,3.2380371550969533,0.09040316964410466
CSO-13-7A-YBOSO-CorrEtiq.txt,180.0,81.0,153.0,28.0,30.0,3.0,2.0,5.0,77.0,52.0,3.7777777777777777,0.037037037037037035,10.0,3.8301435406698565,0.09379961602183824
CSO-13-8A-KIGAGU-CorrEtiq.txt,180.0,75.0,179.0,35.0,38.0,8.0,5.0,6.0,75.0,75.0,4.773333333333333,0.04792792792792793,6.0,3.120720720720721,0.11122143216260862
CSO-13-8A-MBUAN-CorrEtiq.txt,180.0,84.0,178.2,25.6,28.6,2.4,3.4,5.6,83.6,82.2,4.275418745075608,0.043036106204876114,7.6,3.464618348054265,0.07296943842876383
CSO-13-8A-MGAAN-CorrEtiq.txt,180.0,91.0,179.0,23.0,28.333333333333332,1.3333333333333333,5.333333333333333,4.666666666666667,91.0,89.66666666666667,3.9363161771997675,0.03650830799353313,7.0,3.4206826823018726,0.08866650862649855
CSO-13-8A-MGAHE-CorrEtiq.txt,180.0,80.0,179.0,28.75,29.75,1.25,1.0,7.75,80.0,79.25,4.5023639431574205,0.04756601615680796,6.5,3.165693109807928,0.08761907867953916
CSO-13-8A-MJAGA-CorrEtiq.txt,180.0,73.5,179.0,37.5,38.5,10.5,7.5,12.5,73.5,73.5,4.870973713439467,0.048793656670369,6.5,3.1191122629478794,0.13098810590248944
CSO-13-8A-VHODU-CorrEtiq.txt,180.0,81.33333333333333,179.0,22.333333333333332,26.666666666666668,2.3333333333333335,4.333333333333333,13.0,81.33333333333333,80.33333333333333,4.411445279866332,0.046166017453271736,7.333333333333333,3.0845589878310236,0.16921371542904087
CSO-13-8B-FCJISA-CorrEtiq.txt,180.0,88.0,179.0,25.0,28.0,0.0,3.0,8.0,88.0,88.0,4.068181818181818,0.03944618599791014,8.0,3.3628526645768027,0.09530516480189294
CSO-13-8B-JEMABE-CorrEtiq.txt,180.0,73.0,173.66666666666666,43.333333333333336,45.666666666666664,2.0,2.6666666666666665,6.333333333333333,71.0,68.33333333333333,4.764786525656091,0.048045824577594744,7.0,3.0866953072432524,0.12891606960727972
CSO-13-9B-DMLLLU-CorrEtiq.txt,180.0,78.0,179.0,32.0,34.0,3.0,2.0,10.0,78.0,77.0,4.589743589743589,0.04728604728604729,6.0,3.0496170496170496,0.11962874823286722
CSO-14-7B-EALHU-CorrEtiq.txt,180.0,81.0,179.0,30.5,33.5,0.0,3.0,10.0,81.0,79.0,4.422449290834223,0.045013692883963716,6.5,3.186877369119769,0.11996443033467072
CSO-14-7B-EVEGO-CorrEtiq.txt,180.0,87.33333333333333,179.0,25.22222222222222,28.666666666666668,0.5555555555555556,3.4444444444444446,7.777777777777778,87.33333333333333,86.55555555555556,4.1055896056390075,0.03985652861894805,7.666666666666667,3.4065249656313203,0.09714884498919858
CSO-14-8A-AQUMA-CorrEtiq.txt,180.0,77.0,179.0,22.0,27.0,1.0,5.0,11.0,77.0,76.0,4.64935064935065,0.05160628844839371,6.0,2.8646616541353382,0.12355576475133387
CSO-14-8A-MCIDOS-CorrEtiq.txt,180.0,80.0,167.0,29.0,31.5,2.0,3.5,14.0,75.5,69.0,4.175000000000001,0.04224683544303798,7.0,3.2654670459933617,0.1145309490346255
CSO-14-8A-SZARA-CorrEtiq.txt,180.0,82.5,179.0,26.5,32.0,5.5,6.0,8.0,82.5,82.0,4.358766233766234,0.04231974921630094,7.0,3.2952610758872103,0.07727547074137983
CSO-14-8B-JLLORA-CorrEtiq.txt,180.0,84.0,179.0,23.5,26.0,3.0,3.0,13.0,84.0,83.0,4.262508858965273,0.04304778038162077,6.5,3.1402286333281477,0.12566341147423993
CSO-14-9A-AEDCAGO-CorrEtiq.txt,180.0,92.5,177.0,17.25,22.25,1.75,5.0,9.0,91.75,89.5,3.8357474047169395,0.036336403833216915,7.25,3.450176786273228,0.07759689138604028
CSO-14-9A-HASACA-CorrEtiq.txt,180.0,85.0,179.0,21.0,27.0,1.0,6.0,3.0,85.0,84.0,4.211764705882353,0.042296918767507005,6.0,3.169187675070028,0.04076766370884018
CSO-14-9A-JSMAAL-CorrEtiq.txt,180.0,85.25,178.0,24.5,27.75,3.75,4.25,10.75,85.25,83.5,4.177428161845242,0.04080700581574706,7.0,3.337788449230425,0.1674833716750716
CSO-14-9A-MARJA-CorrEtiq.txt,180.0,83.66666666666667,179.0,27.666666666666668,29.666666666666668,0.0,2.0,11.333333333333334,83.66666666666667,83.0,4.283949096880131,0.04328419949067961,7.666666666666667,3.3356935847954277,0.11876658735259504
CSO-14-9A-SORZU-CorrEtiq.txt,180.0,82.0,172.0,27.5,32.0,3.0,4.5,13.0,79.5,75.5,4.2322097378277155,0.04191452944261933,7.0,3.353155434702574,0.11055954444321925
CSO-14-9B-ERAGA-CorrEtiq.txt,180.0,72.0,177.66666666666666,29.333333333333332,36.0,3.3333333333333335,6.666666666666667,14.0,71.66666666666667,70.0,4.976325706254493,0.05528532651984023,6.333333333333333,2.9967080003084825,0.1515823260218376
CSO-14-9B-MFEGA-CorrEtiq.txt,180.0,80.0,179.0,27.5,32.0,4.0,5.5,12.0,80.0,79.5,4.475,0.045253164556962024,6.0,3.1906645569620253,0.09789295247451206
CSO-15-10A-LJRAGU-CorrEtiq.txt,180.0,79.25,176.5,31.0,33.0,0.5,2.0,12.5,79.25,78.0,4.496471308257963,0.046976916074839815,6.5,3.139282196056726,0.15029911584751768
CSO-15-10A-MAARLO-CorrEtiq.txt,180.0,78.33333333333333,177.0,23.0,26.0,2.6666666666666665,3.3333333333333335,12.0,78.33333333333333,75.66666666666667,4.526384718051385,0.04919315593265076,7.333333333333333,3.1230019863417744,0.15507662292494404
CSO-15-10A-SFEGA-CorrEtiq.txt,180.0,76.5,171.0,33.5,39.5,1.5,6.0,9.5,74.5,72.5,4.470779220779221,0.045017088174982914,5.5,3.1145131432802664,0.11045637321747048
CSO-15-10B-MEBUAR-CorrEtiq.txt,180.0,82.0,179.0,28.0,35.5,0.0,7.5,9.0,82.0,81.0,4.36845238095238,0.043221439101795975,7.5,3.381743520192887,0.12910238326775594
CSO-15-10B-YVBUAN-CorrEtiq.txt,180.0,79.0,175.0,24.0,26.0,1.0,2.0,8.0,78.0,77.0,4.430379746835443,0.04803635183382019,6.0,3.1025641025641026,0.0901102496411506
CSO-15-10C-ALBAHO-CorrEtiq.txt,180.0,80.66666666666667,179.0,26.333333333333332,29.666666666666668,4.666666666666667,5.666666666666667,9.666666666666666,80.66666666666667,78.0,4.438617886178862,0.04502885359373987,7.333333333333333,3.308963513099735,0.09430565379979694
CSO-15-10C-SSCAMO-CorrEtiq.txt,180.0,85.0,179.0,28.0,33.0,2.3333333333333335,5.0,5.333333333333333,85.0,85.0,4.226519119958094,0.04057128695584663,7.0,3.306294375642713,0.07682552307676374
CSO-15-11C-JETALO-CorrEtiq.txt,180.0,77.2,179.0,32.4,42.0,3.8,10.0,9.2,77.2,76.8,4.645411130000347,0.04542749481719997,6.4,3.151785675099375,0.121765323697637
CSO-15-8A-VBMABR-CorrEtiq.txt,180.0,78.0,179.0,31.25,35.0,0.5,3.75,9.0,78.0,77.5,4.59548539340206,0.04788315469212375,6.75,3.191770014746668,0.12075521545232801
CSO-15-8B-KEPOGO-CorrEtiq.txt,180.0,89.0,179.0,22.0,22.5,0.5,0.5,10.0,89.0,88.0,4.022471910112359,0.03983656792645557,8.0,3.480209397344229,0.09782222440847688
CSO-15-9B-ALRIHE-CorrEtiq.txt,180.0,86.5,179.0,23.5,25.0,3.0,1.5,8.0,86.5,86.5,4.138866613205026,0.04084154912967593,7.0,3.279492743368398,0.11742358689708801
CSO-15-9B-AMSAGO-CorrEtiq.txt,180.0,90.5,175.0,21.0,23.5,0.0,2.5,8.5,90.5,88.0,3.8747858017135863,0.037578644051698654,7.5,3.565747116576259,0.12701075716069596
CSO-15-9B-JCAPA-CorrEtiq.txt,180.0,83.66666666666667,179.0,22.666666666666668,24.333333333333332,2.3333333333333335,1.6666666666666667,10.333333333333334,83.66666666666667,83.0,4.283949096880131,0.044131924787181094,7.0,3.2363449011567744,0.14015391850107473
CSO-15-9B-KSBEJA-CorrEtiq.txt,180.0,72.0,179.0,35.333333333333336,39.666666666666664,3.0,4.333333333333333,9.666666666666666,72.0,71.66666666666667,5.008315276273023,0.05421528277095223,6.333333333333333,2.9797201131162177,0.11860423007206572
CSO-15-9B-RMCHLU-CorrEtiq.txt,180.0,77.0,179.0,33.0,39.5,0.5,6.5,8.0,77.0,75.5,4.656418918918918,0.04767110399805042,6.0,3.040955061182216,0.12806194683032918
CSO-15-9B-SJAGRO-CorrEtiq.txt,180.0,98.0,179.0,14.0,20.0,0.0,6.0,2.0,98.0,97.0,3.6530612244897958,0.03345255628024406,7.0,3.6114033242162846,0.028400341155443196
CSO-16-10A-JEGAHE-CorrEtiq.txt,180.0,77.0,179.0,30.8,35.2,1.0,4.4,7.8,77.0,76.4,4.652841180031054,0.048923347975194695,7.0,3.1326050596465023,0.12308114812347586
CSO-16-10A-MSACO-CorrEtiq.txt,180.0,91.5,179.0,15.0,17.0,0.5,2.0,12.0,91.5,90.5,3.91268514094601,0.03900833466050857,7.5,3.3832112332112336,0.114668113109674
CSO-16-10A-SARI-CorrEtiq.txt,180.0,78.5,163.0,29.5,32.0,1.5,2.5,5.5,78.5,70.0,4.156585365853658,0.04266754559437486,7.5,3.3895821024276307,0.09202761317538935
CSO-16-10A-SMOUT-CorrEtiq.txt,180.0,87.2,179.0,22.8,26.6,2.8,3.8,9.0,87.2,86.8,4.120054351754848,0.0400961841945537,7.4,3.4366155130944045,0.0925980572483152
CSO-16-10A-YKMUJO-CorrEtiq.txt,180.0,76.0,179.0,28.0,32.0,2.0,4.0,11.5,76.0,76.0,4.731003303773257,0.051457821000074525,6.5,2.969605596542216,0.13611962631918967
CSO-16-10B-LTVIFA-CorrEtiq.txt,180.0,114.5,179.0,7.5,8.5,0.0,1.0,4.0,114.5,112.0,3.127174244736039,0.0262631089638493,9.5,4.087927622787848,0.0354191560073913
CSO-16-10B-VVILI-CorrEtiq.txt,180.0,86.33333333333333,179.0,21.0,24.666666666666668,2.3333333333333335,4.0,7.666666666666667,86.33333333333333,86.33333333333333,4.162727804599515,0.04151867375448658,6.666666666666667,3.4046300694359295,0.07689722013657008
CSO-16-10C-ACALGU-CorrEtiq.txt,180.0,81.33333333333333,172.33333333333334,29.666666666666668,33.0,0.0,3.3333333333333335,7.333333333333333,81.33333333333333,77.33333333333333,4.243113255308377,0.0427107499461958,7.0,3.317129493493486,0.06871554182465069
CSO-16-10C-MAVAVE-CorrEtiq.txt,180.0,89.0,179.0,18.0,20.75,2.0,2.75,10.5,89.0,88.75,4.050359725952025,0.040469054008261895,7.25,3.4471804170485663,0.07739027000690171
CSO-16-11A-JAVABO-CorrEtiq.txt,180.0,88.66666666666667,179.0,24.666666666666668,27.0,2.6666666666666665,2.6666666666666665,7.333333333333333,88.66666666666667,87.66666666666667,4.040758954560775,0.03850704573646796,7.0,3.385093586589966,0.10206946492324302
CSO-16-11A-JDMUVA-CorrEtiq.txt,180.0,90.0,179.0,23.0,27.0,1.5,4.0,10.0,90.0,87.5,3.9797430830039526,0.03763995874190777,7.5,3.413209853614651,0.12314402293538113
CSO-16-11A-VZAOR-CorrEtiq.txt,180.0,98.0,173.0,17.0,19.5,3.5,3.5,6.0,96.5,93.0,3.537738803632947,0.031657259099121614,8.0,3.6518970319785695,0.050427693031579825
CSO-16-11B-KRORE-CorrEtiq.txt,180.0,86.5,179.0,24.0,26.0,0.5,2.0,7.5,86.5,84.5,4.1499597963012596,0.041594448911522086,6.5,3.224420355314664,0.08688049260620048
CSO-16-11B-LLOZA-CorrEtiq.txt,180.0,91.0,177.4,19.4,23.4,1.2,4.0,6.2,90.4,88.6,3.9020251982452763,0.03736944435700173,7.0,3.3909004112036456,0.07620081453904629
CSO-16-11B-YAROMO-CorrEtiq.txt,180.0,93.0,179.0,17.5,26.0,2.0,9.0,4.5,93.0,93.0,3.853472222222222,0.035362868782443,7.0,3.5694567645706026,0.06249642196946118
CSO-16-9A-JALEMO-CorrEtiq.txt,180.0,88.5,179.0,15.0,21.5,0.5,6.5,10.5,88.5,88.0,4.060881825173032,0.04096208057366315,6.5,3.266240481285001,0.058765301135658664
CSO-16-9A-JPROSO-CorrEtiq.txt,180.0,99.0,179.0,20.0,24.0,4.0,4.0,4.0,99.0,99.0,3.6161616161616164,0.031127602556173986,10.0,4.135642135642136,0.04570429570429571
CSO-16-9A-JSMAGU-CorrEtiq.txt,180.0,78.0,179.0,30.5,35.5,1.0,5.0,10.0,78.0,77.5,4.596543209876543,0.04757590924257591,6.0,2.9995362028695363,0.13264538349500932
CSO-16-9B-SJPAJI-CorrEtiq.txt,180.0,78.0,179.0,26.666666666666668,29.333333333333332,1.3333333333333333,2.6666666666666665,10.333333333333334,78.0,77.0,4.596412164625948,0.04950883277136095,6.333333333333333,3.053767023964797,0.12532805654022447
CSO-17-10A-YVGOCA-CorrEtiq.txt,180.0,76.0,179.0,25.0,32.0,1.0,7.0,11.5,76.0,75.5,4.711341991341992,0.05121784805995332,6.5,3.020953181479497,0.1402920303531457
CSO-17-10B-EHECO-CorrEtiq.txt,180.0,90.5,177.0,22.0,25.0,0.5,3.0,3.5,90.0,87.0,3.915811339198436,0.0375571012147885,7.5,3.3746236896536743,0.06706775518752903
CSO-17-10B-YCQUVE.txt,180.0,78.83333333333333,177.66666666666666,31.0,35.833333333333336,0.6666666666666666,4.833333333333333,8.666666666666666,78.33333333333333,76.5,4.529962241364946,0.04652086142807795,6.666666666666667,3.230026527196602,0.09642961011859451
CSO-17-11A-DJAPA-CorrEtiq.txt,180.0,82.75,178.0,24.25,28.75,0.75,4.5,7.25,82.25,81.25,4.307818604735685,0.04392302511176861,6.5,3.20156766702188,0.09595813123832106
CSO-17-11A-JDAMO-CorrEtiq.txt,180.0,77.5,179.0,30.0,31.0,0.0,1.0,7.0,77.5,77.5,4.642737617135207,0.050356182545365245,7.0,3.1356367299036982,0.09885837210208223
CSO-17-11A-NPAHE-CorrEtiq.txt,180.0,84.25,179.0,26.25,29.75,0.5,3.5,7.0,84.25,83.0,4.2641103400953355,0.04266022147684888,6.0,3.1153392124587143,0.10658740152678746
CSO-17-11A-RLPAIG-CorrEtiq.txt,180.0,80.75,178.5,27.0,32.25,5.0,7.0,9.25,80.75,79.75,4.443680159566176,0.044131506900043596,7.0,3.2283604077674415,0.14000509865577515
CSO-17-11A-SPUVA-CorrEtiq.txt,180.0,75.5,179.0,37.5,40.5,2.0,3.0,10.0,75.5,75.0,4.743594243594243,0.04850125127702633,6.0,3.013356803371223,0.15386861082902656
CSO-17-11B-CDBEBU-CorrEtiq.txt,180.0,88.0,179.0,24.0,27.0,1.0,3.0,10.5,88.0,87.5,4.072915319974143,0.03949579831932773,7.0,3.423608417726065,0.13081400140860078
CSO-17-11C-JDAAG-CorrEtiq.txt,180.0,93.66666666666667,179.0,18.0,20.333333333333332,0.0,2.3333333333333335,8.666666666666666,93.66666666666667,92.0,3.828097828097828,0.03667866525009383,7.666666666666667,3.527713556284985,0.06422443998201574
CSO-17-11C-MAPAMA-CorrEtiq.txt,180.0,86.33333333333333,179.0,22.0,26.666666666666668,2.3333333333333335,4.666666666666667,14.666666666666666,86.33333333333333,85.33333333333333,4.160326719297835,0.040981572446477245,6.666666666666667,3.234748469540016,0.13940924369205265
CSO-17-11C-MCAAG-CorrEtiq.txt,180.0,86.75,179.0,21.0,25.0,0.5,4.0,8.5,86.75,85.5,4.127457895383859,0.041276540141463015,7.5,3.3893431069300215,0.06494255026306692
CSO-17-11C-SARJA-CorrEtiq.txt,180.0,82.0,179.0,21.5,26.5,0.5,5.0,13.5,82.0,81.5,4.366503049233973,0.045819592734079956,6.5,3.1689922744274295,0.11716398794332805
CSO-18-11A-ADBAHO-CorrEtiq.txt,180.0,85.0,179.0,23.0,27.0,0.0,4.0,9.5,85.0,84.5,4.214097770391913,0.04260883383319104,6.0,3.142516709512174,0.15510639584136587
CSO-18-11B-YLLRE-CorrEtiq.txt,180.0,90.25,179.0,24.0,27.25,0.0,3.25,9.0,90.25,89.0,3.969997752802949,0.03778661260179604,7.5,3.474498634251049,0.09799963141463439
CSO-18-9B-MAMOLO-CorrEtiq.txt,180.0,88.75,179.0,30.5,34.75,3.75,4.5,4.75,88.75,87.75,4.046291072645674,0.03637648801681548,8.25,3.7019452576584775,0.06526547303866068
CSO-8-3A-AIPRBR-CorrEtiq.txt,180.0,75.33333333333333,179.0,32.666666666666664,35.0,3.3333333333333335,2.3333333333333335,13.0,75.33333333333333,74.33333333333333,4.769931652155098,0.05055773683764231,6.333333333333333,3.0325716509956853,0.14936304829774216
CSO-8-3A-DAPAVA-CorrEtiq.txt,180.0,76.8,179.0,27.4,33.2,4.0,7.0,13.6,76.8,76.0,4.698917642766689,0.04941120346557179,6.6,3.177249564958731,0.09658551532996298
CSO-8-3A-KVPECO-CorrEtiq.txt,180.0,77.5,176.0,36.5,38.0,3.5,1.5,11.5,77.0,75.0,4.544137241838774,0.04543039682946412,6.0,3.047361235255972,0.1476243587226831
CSO-8-4A-ARAGR-CorrEtiq.txt,180.0,84.0,175.0,21.0,25.0,2.0,5.0,8.0,84.0,83.0,4.166666666666667,0.042455536431440045,7.0,3.3327596098680434,0.07619310350402789
CSO-8-4A-JRAAR-CorrEtiq.txt,180.0,73.5,173.0,30.0,35.0,1.5,5.0,11.5,73.5,71.0,4.762626262626263,0.05244971078304412,5.5,2.812593887593888,0.15439988464354934
CSO-9-2A-EXMOCO-CorrEtiq.txt,180.0,77.5,170.0,33.5,37.5,1.5,4.0,11.5,75.0,71.0,4.407463186077644,0.044630255822327436,7.0,3.159886783552166,0.13993953938422216
CSO-9-4A-AGAPE-CorrEtiq.txt,180.0,82.0,179.0,25.0,31.0,1.0,6.0,8.0,82.0,82.0,4.365853658536586,0.044263775971093045,7.0,3.208370972598615,0.10187573864044452
CSO-9-4A-DKVIMO-CorrEtiq.txt,180.0,71.66666666666667,178.33333333333334,33.333333333333336,36.333333333333336,2.0,3.0,10.666666666666666,71.66666666666667,71.33333333333333,4.977940703582224,0.055294271973801205,5.666666666666667,2.8974383592268986,0.13712689264285666
CSO-9-4A-DSMOMU-CorrEtiq.txt,180.0,86.66666666666667,175.0,21.666666666666668,23.333333333333332,2.6666666666666665,2.3333333333333335,6.333333333333333,85.33333333333333,83.33333333333333,4.059126210588199,0.040635711385489146,7.0,3.4054740224002367,0.10019337986121774
CSO-9-4A-DVGATO-CorrEtiq.txt,180.0,79.5,176.0,28.5,32.5,5.5,5.0,7.0,77.5,73.5,4.437381103360812,0.044458243758087546,6.5,3.160792870496067,0.09633286115405729
CSO-9-4A-EGCAMO-CorrEtiq.txt,180.0,82.5,179.0,28.5,34.0,2.5,5.5,11.5,82.5,81.5,4.343382352941177,0.04253270928624614,7.0,3.217576587597064,0.10619034266984864
CSO-9-4A-FAGIGA-CorrEtiq.txt,180.0,78.0,166.0,20.0,25.5,5.0,5.5,7.5,76.0,74.5,4.255466052934407,0.04513119569748483,6.5,3.1695930859088755,0.09496217439714746
CSO-9-4A-GSBRCO-CorrEtiq.txt,180.0,68.25,179.0,40.5,42.0,6.25,3.75,13.25,68.25,68.0,5.260407062580976,0.05719368525819538,6.0,2.932237460168181,0.15843033552567784
CSO-9-4A-KEMOCO-CorrEtiq.txt,180.0,74.5,179.0,30.5,33.0,2.5,3.5,11.5,74.5,74.0,4.805585585585586,0.05241762310255461,6.5,2.9799703813402445,0.16807987492662413
CSO-9-4A-LCOMO-CorrEtiq.txt,180.0,88.0,179.0,16.0,21.5,1.0,5.5,11.0,88.0,87.5,4.076604554865424,0.04096030562767074,7.5,3.3564578428381466,0.09652036319578337
CSO-9-4A-MLORO-CorrEtiq.txt,180.0,74.0,179.0,30.0,32.0,2.0,2.0,13.0,74.0,74.0,4.837837837837838,0.05368382080710848,6.0,2.9714920399851907,0.14180706680706678
CSO-9-4A-MPAME-CorrEtiq.txt,180.0,81.0,179.0,31.0,36.0,2.0,5.0,8.0,81.0,81.0,4.419753086419753,0.04351851851851852,7.0,3.1391975308641977,0.10787095240712945
CSO-9-4A-NSARPA-CorrEtiq.txt,180.0,83.0,177.0,23.5,29.0,2.5,5.5,11.5,82.5,80.0,4.266260162601626,0.042800185125584284,7.0,3.2348109692609643,0.09117229965488075
CSO-9-4A-SLOCA-CorrEtiq.txt,180.0,76.5,179.0,36.0,38.5,3.0,2.5,13.5,76.5,76.0,4.679938482570062,0.04760309865573023,6.5,3.0798541809068123,0.21245195488051266
CSO-9-4A-YVDITR-CorrEtiq.txt,180.0,71.5,177.0,44.5,48.0,0.0,3.5,15.0,71.0,70.0,4.965686274509804,0.051203758631326673,7.5,3.1910387301682235,0.16792151542629302
