file,wc,nodes,edges,re,pe,l1,l2,l3,lcc,lsc,atd,density,diameter,asp,cc
CDMS-10-4A-JURAN-CorrEtiq.txt,150.0,78.0,149.0,13.5,18.5,1.0,5.0,3.5,78.0,76.5,3.8230263157894737,0.04316677770375305,7.5,3.3738763046857647,0.054564607541581225
CDMS-10-5A-HEPIHO-CorrEtiq.txt,150.0,76.83333333333333,147.33333333333334,16.833333333333332,19.5,0.0,2.6666666666666665,6.833333333333333,76.0,74.5,3.8695123431606526,0.044859144765321636,7.0,3.297475603761064,0.09785434343633002
CDMS-10-5A-KSRAGU-CorrEtiq.txt,150.0,69.5,149.0,18.5,21.0,2.0,2.5,4.5,69.5,68.0,4.2879917184265,0.052941176470588235,7.0,3.156211180124224,0.05002121210972142
CDMS-10-5A-SROPU-CorrEtiq.txt,150.0,71.0,149.0,27.0,30.0,3.0,5.0,3.0,71.0,71.0,4.197183098591549,0.04668008048289739,8.0,3.4422535211267604,0.05969492166675265
CDMS-10-5A-SZURO-CorrEtiq.txt,150.0,71.0,149.0,26.5,27.75,0.5,1.25,6.0,71.0,69.5,4.262359083359975,0.04986224712515895,7.75,3.414649956904242,0.08148017631084642
CDMS-10-5B-SRAJA-CorrEtiq.txt,150.0,74.0,149.0,15.5,18.0,1.0,2.5,12.0,74.0,73.0,4.027762557077626,0.048157061170759796,6.0,2.9525083302480564,0.15606560875131104
CDMS-10-5C-DAAUSA-CorrEtiq.txt,150.0,70.5,149.0,24.25,29.25,1.5,5.5,9.0,70.5,70.0,4.255888114739567,0.048909161045765,6.75,3.2414351435495528,0.12754041887996498
CDMS-10-5C-ICAPA-CorrEtiq.txt,150.0,58.0,145.0,30.0,35.0,3.0,5.0,9.0,56.0,53.0,5.0,0.0647307924984876,7.0,2.8857142857142857,0.12059059939384484
CDMS-10-5C-JFALGI-CorrEtiq.txt,150.0,69.0,149.0,22.0,26.0,0.0,4.0,8.0,69.0,69.0,4.318840579710145,0.052429667519181586,7.0,3.075021312872975,0.1701463382937863
CDMS-10-5C-MAORTO-CorrEtiq.txt,150.0,63.5,149.0,28.25,33.25,3.5,5.25,9.25,63.5,62.0,4.701052296469443,0.05681775181849235,6.5,2.994992667685426,0.13248841809279888
CDMS-10-5C-NBEMO-CorrEtiq.txt,150.0,68.0,149.0,22.5,25.75,4.75,3.75,7.75,68.0,67.0,4.391077905441322,0.05213240423010093,6.0,3.0888328973894486,0.09523282457598158
CDMS-10-6B-ASCACO-CorrEtiq.txt,150.0,61.5,149.0,28.0,29.5,0.0,1.5,15.0,61.5,61.0,4.853548728813559,0.06436004657074207,5.5,2.781981436642454,0.18188466616443555
CDMS-10-6B-JJMOBE-CorrEtiq.txt,150.0,69.66666666666667,149.0,22.0,26.333333333333332,0.0,4.333333333333333,7.0,69.66666666666667,69.33333333333333,4.287464387464388,0.05148343766301513,6.333333333333333,3.193589743589744,0.08064688116661471
CDMS-11-4A-GACHSA-CorrEtiq.txt,150.0,64.0,149.0,31.666666666666668,34.333333333333336,2.1666666666666665,3.3333333333333335,7.833333333333333,64.0,63.166666666666664,4.689231341341691,0.056767853918546864,6.333333333333333,3.14321529605758,0.14296007970014982
CDMS-11-5A-EAARCA-CorrEtiq.txt,150.0,72.0,149.0,24.0,26.0,0.5,2.0,10.0,72.0,70.5,4.15894553207986,0.04838674025633963,6.0,3.2269496672481743,0.13661722429196177
CDMS-11-5A-MGTHAR-CorrEtiq.txt,150.0,62.5,149.0,32.0,34.0,4.5,3.0,7.5,62.5,61.0,4.7756410256410255,0.05758773359408953,7.0,3.0588331160365057,0.11929094748560692
CDMS-11-6A-DFVEBE-CorrEtiq.txt,150.0,75.33333333333333,147.66666666666666,17.0,16.333333333333332,6.0,2.0,6.0,75.33333333333333,73.33333333333333,3.9205847953216373,0.04477003319108582,7.0,3.313481902955587,0.07524638908849436
CDMS-11-6A-NMREPR-CorrEtiq.txt,150.0,77.66666666666667,149.0,20.333333333333332,22.0,0.0,1.6666666666666667,5.666666666666667,77.66666666666667,77.0,3.8551049889078057,0.04308378613486369,8.0,3.545785805347998,0.0790771047029184
CDMS-11-6B-ARAHE-CorrEtiq.txt,150.0,67.0,146.33333333333334,25.333333333333332,25.333333333333332,3.6666666666666665,1.0,6.0,66.33333333333333,65.0,4.376238636907125,0.053097766620113986,6.666666666666667,3.2016470269902015,0.05288308832009283
CDMS-11-6B-AVROTO-CorrEtiq.txt,150.0,80.5,149.0,12.0,13.5,0.0,1.5,6.0,80.5,77.5,3.703149120098796,0.04239595950000396,9.0,3.5661490846218644,0.08180146368552209
CDMS-11-6B-EAFESA-CorrEtiq.txt,150.0,67.57142857142857,149.0,26.714285714285715,29.714285714285715,1.5714285714285714,3.0,5.428571428571429,67.57142857142857,66.42857142857143,4.425250123066791,0.05261070847336597,6.714285714285714,3.2534307157554627,0.09242748697675915
CDMS-11-6B-EFRGR-CorrEtiq.txt,150.0,63.75,149.0,32.0,32.5,3.0,1.5,9.0,63.75,63.0,4.690861867134914,0.05706999309624271,6.5,3.138997627199812,0.13618188982269316
CDMS-11-6B-EROCO-CorrEtiq.txt,150.0,64.0,147.0,22.5,26.0,1.0,3.5,13.0,63.5,63.5,4.59375,0.05952380952380952,6.0,3.018457181259601,0.1531281027489667
CDMS-11-6B-JACUPE-CorrEtiq.txt,150.0,62.0,144.33333333333334,23.666666666666668,28.666666666666668,6.5,6.333333333333333,9.5,61.666666666666664,60.166666666666664,4.673977008900949,0.05815563210066088,6.0,3.017011279125743,0.1365541587731956
CDMS-11-6B-JDCHBA-CorrEtiq.txt,150.0,66.5,149.0,26.166666666666668,31.5,4.666666666666667,6.833333333333333,9.0,66.5,64.83333333333333,4.498821192371778,0.05216182525962507,6.833333333333333,3.1974549289788814,0.11756889776610498
CDMS-11-6B-JFSAHE-CorrEtiq.txt,150.0,77.75,148.0,16.75,20.5,0.0,3.75,3.5,77.75,77.0,3.8080554522093495,0.04276609688335205,6.75,3.347570398732957,0.024661039151151486
CDMS-11-6B-JLPENA-CorrEtiq.txt,150.0,69.33333333333333,141.66666666666666,16.666666666666668,19.333333333333332,1.6666666666666667,3.0,11.0,68.0,64.33333333333333,4.126037851037851,0.05227615891662441,7.0,3.1789574024812226,0.10023767017814637
CDMS-11-6B-JMARME-CorrEtiq.txt,150.0,70.625,147.5,21.125,25.0,0.375,3.875,7.5,70.375,69.625,4.192864981654728,0.049941190318980665,6.875,3.220517166306891,0.11735294575516164
CDMS-11-6B-JPSAMA-CorrEtiq.txt,150.0,79.0,147.66666666666666,16.333333333333332,19.666666666666668,1.3333333333333333,3.3333333333333335,5.0,79.0,76.33333333333333,3.750112893642305,0.04127819911101645,7.0,3.409014973720856,0.09845595742005214
CDMS-11-6B-LESTA-CorrEtiq.txt,150.0,63.5,149.0,26.0,29.0,1.5,3.0,10.5,63.5,61.5,4.695533498759305,0.059734115038847985,6.0,3.0271386730667533,0.10109472867099491
CDMS-11-6B-MAGIMU-CorrEtiq.txt,150.0,61.0,149.0,28.333333333333332,32.666666666666664,0.3333333333333333,4.333333333333333,14.0,61.0,59.333333333333336,4.907874420998456,0.06411926508359046,6.0,2.939040977261851,0.1677956419394088
CDMS-11-6B-MEBRTA-CorrEtiq.txt,150.0,67.0,149.0,22.0,29.0,4.0,8.0,8.0,67.0,64.0,4.447761194029851,0.052464947987336044,8.0,3.32157394843962,0.09801525174659503
CDMS-11-6B-MMAMO-CorrEtiq.txt,150.0,74.75,149.0,14.5,17.25,1.75,3.25,7.25,74.75,73.75,3.9944270531867003,0.047356287706110764,7.0,3.2241103302420484,0.11062682180792813
CDMS-11-6B-RSECA-CorrEtiq.txt,150.0,67.0,149.0,23.0,26.666666666666668,0.6666666666666666,3.6666666666666665,9.333333333333334,67.0,65.0,4.458367674260043,0.05548280711537575,7.0,3.0840005153173524,0.12736632654185479
CDMS-11-6B-SCAPA-CorrEtiq.txt,150.0,77.0,149.0,20.0,21.0,0.0,1.0,6.0,77.0,77.0,3.8701298701298703,0.043745727956254275,6.0,3.2508544087491456,0.03888622200310512
CDMS-11-6B-VZAPE-CorrEtiq.txt,150.0,64.0,149.0,29.0,33.5,3.5,4.5,9.0,64.0,63.5,4.684844018668631,0.05580883536297654,7.0,3.0977907108260423,0.09051760284258442
CDMS-11-6B-YLNIME-CorrEtiq.txt,150.0,71.0,149.0,18.333333333333332,20.666666666666668,0.0,2.3333333333333335,6.666666666666667,71.0,70.33333333333333,4.206092541984911,0.05185408554758986,6.666666666666667,3.1338909891274827,0.08884737638223729
CDMS-11-7C-ICARE-CorrEtiq.txt,150.0,70.5,149.0,23.0,25.0,0.5,2.0,12.0,70.5,70.0,4.227162977867203,0.05041553669845158,7.0,3.2479281486017557,0.14643452626773606
CDMS-11-7C-IMOIB-CorrEtiq.txt,150.0,75.75,149.0,15.5,19.0,2.5,3.5,4.5,75.75,75.25,3.944325735992403,0.04531173378004364,7.0,3.3974531054930117,0.08115640193395975
CDMS-11-7C-SALMA-CorrEtiq.txt,150.0,71.25,149.0,28.0,30.5,0.0,2.5,6.75,71.25,70.0,4.194006493321562,0.04763997071360085,7.0,3.2487219338674818,0.09513604765962022
CDMS-11-7C-SPGAVE-CorrEtiq.txt,150.0,74.0,145.0,19.5,23.0,4.5,4.0,7.0,72.0,71.0,3.954302561267735,0.044093924317804914,7.0,3.5002383560532295,0.12420456772308625
CDMS-12-5A-SRIGO-CorrEtiq.txt,150.0,73.4,149.0,19.8,21.6,2.0,2.2,4.2,73.4,72.8,4.084695037754399,0.04782131679267872,6.6,3.302490859413383,0.07906363202955521
CDMS-12-6A-FAROPA-CorrEtiq.txt,150.0,73.66666666666667,149.0,18.666666666666668,20.0,2.0,2.0,7.333333333333333,73.66666666666667,73.33333333333333,4.065012007993569,0.04792748682638176,6.333333333333333,3.2188842145311853,0.1062335727426998
CDMS-12-6A-JGIGA-CorrEtiq.txt,150.0,67.5,149.0,19.0,24.5,1.5,5.5,8.0,67.5,67.5,4.47,0.05588486791876622,6.5,2.9906581157428613,0.09889817405103783
CDMS-12-6A-JSOTGU-CorrEtiq.txt,150.0,66.16666666666667,149.0,25.0,26.833333333333332,2.0,2.0,8.166666666666666,66.16666666666667,65.16666666666667,4.524535941097379,0.05652756666270828,7.166666666666667,3.1555359572358914,0.11773060769476906
CDMS-12-6A-SROAL-CorrEtiq.txt,150.0,73.5,149.0,22.25,24.25,1.0,2.0,7.25,73.5,71.75,4.06259385639696,0.04657059169071419,6.75,3.2810004249540845,0.08885021207861522
CDMS-12-6B-IJDAGA-CorrEtiq.txt,150.0,64.66666666666667,149.0,22.333333333333332,25.666666666666668,7.666666666666667,5.333333333333333,8.0,64.66666666666667,63.666666666666664,4.629626871044707,0.0568530402108284,6.666666666666667,3.066731974194305,0.09037484174354267
CDMS-12-6B-SCLAG-CorrEtiq.txt,150.0,65.8,149.0,22.4,26.4,3.4,4.8,9.0,65.8,65.2,4.534184879004614,0.05599602637862748,6.6,3.1711163447437154,0.09986859780995186
CDMS-12-7C-ARAHE-CorrEtiq.txt,150.0,71.0,149.0,18.5,23.0,0.0,4.5,11.5,71.0,70.0,4.200516180266032,0.05071247279932421,7.0,3.1579376340569976,0.1537141293989657
CDMS-12-7C-CATRAR-CorrEtiq.txt,150.0,71.6,147.4,21.6,25.4,0.0,3.8,9.8,71.2,70.6,4.142655458184131,0.04882769159271199,6.4,3.240560985108176,0.07276433318005124
CDMS-12-7C-DLOLO-CorrEtiq.txt,150.0,71.5,149.0,25.0,26.0,0.5,1.0,6.5,71.5,70.0,4.184406912804399,0.049168273465209834,7.0,3.2509198028993787,0.1370770619469559
CDMS-12-7C-JSZAOR-CorrEtiq.txt,150.0,79.0,149.0,11.0,15.0,1.0,4.0,7.0,79.0,75.0,3.7721518987341773,0.04316780266147355,8.0,3.385589094449854,0.07311859803532023
CDMS-12-7C-MAROBE-CorrEtiq.txt,150.0,76.0,149.0,17.666666666666668,22.333333333333332,0.0,4.666666666666667,7.0,76.0,75.33333333333333,3.9307709895738068,0.04472224195718392,7.333333333333333,3.389754530656371,0.1264929730232913
CDMS-12-7C-VMAPA-CorrEtiq.txt,150.0,75.0,149.0,21.0,23.0,0.0,2.0,5.0,75.0,72.0,3.973333333333333,0.04540540540540541,7.0,3.175855855855856,0.06621475256769373
CDMS-12-7C-VQURA-CorrEtiq.txt,150.0,75.5,147.66666666666666,19.833333333333332,22.5,0.3333333333333333,2.6666666666666665,7.666666666666667,75.5,73.33333333333333,3.9289513547825567,0.044787596386107964,7.166666666666667,3.3835082695685443,0.09311154996085762
CDMS-13-6B-ASUMO-CorrEtiq.txt,150.0,76.0,139.0,13.0,15.0,1.0,2.0,11.0,75.0,65.0,3.6578947368421053,0.0431578947368421,8.0,3.414774774774775,0.10110998392732139
CDMS-13-6B-JDTAHE-CorrEtiq.txt,150.0,73.0,145.0,17.333333333333332,20.0,2.3333333333333335,3.0,7.666666666666667,72.0,68.0,3.997180711221807,0.04722081651594396,7.0,3.308863353132608,0.10511489693683385
CDMS-13-7C-MVEAR-CorrEtiq.txt,150.0,62.833333333333336,147.66666666666666,19.166666666666668,20.5,6.333333333333333,2.6666666666666665,9.833333333333334,62.5,61.333333333333336,4.725543271836174,0.06309756867464388,5.5,2.8660368028559158,0.13380274774037854
CDMS-13-7C-RAIZAC-CorrEtiq.txt,150.0,77.0,149.0,14.0,20.0,1.0,6.0,4.0,77.0,77.0,3.8701298701298703,0.043745727956254275,6.0,3.2347915242652086,0.05491797269872137
CDMS-13-7C-SSOSLO-CorrEtiq.txt,150.0,68.42857142857143,147.85714285714286,22.571428571428573,25.285714285714285,3.4285714285714284,3.0,10.571428571428571,68.14285714285714,66.57142857142857,4.361067789588317,0.05257076938399767,6.571428571428571,3.136210000474089,0.136619998995424
CDMS-14-10A-IMORTO-CorrEtiq.txt,150.0,66.33333333333333,149.0,26.333333333333332,30.0,0.3333333333333333,3.6666666666666665,6.666666666666667,66.33333333333333,64.33333333333333,4.508247233319557,0.05531507894342582,7.0,3.197831736319312,0.07463735386520896
CDMS-14-10A-JCVANI-CorrEtiq.txt,150.0,80.0,149.0,15.6,19.8,1.2,4.2,3.2,80.0,78.8,3.7359469912803247,0.04079033538803654,8.0,3.60279778198169,0.059177766603019134
CDMS-14-5A-LSDUCO-CorrEtiq.txt,150.0,65.0,149.0,24.666666666666668,31.0,1.3333333333333333,6.333333333333333,10.0,65.0,64.33333333333333,4.610881980278017,0.056496917899369725,5.333333333333333,3.068257153404625,0.14495795087491284
CDMS-14-6B-KDCAHE-CorrEtiq.txt,150.0,71.4,148.2,20.4,25.2,3.6,5.6,9.4,71.4,70.2,4.169840887843911,0.04797955702055891,7.2,3.387164851184289,0.09659624755883953
CDMS-15-10A-AMALOS-CorrEtiq.txt,150.0,72.71428571428571,149.0,16.142857142857142,20.857142857142858,3.857142857142857,5.0,4.857142857142857,72.71428571428571,71.57142857142857,4.121039329117123,0.04829425489736792,6.571428571428571,3.2304322667870506,0.06919708579509741
CDMS-15-10A-JJMACH-CorrEtiq.txt,150.0,77.9,148.2,14.9,16.7,1.4,1.9,5.8,77.7,76.6,3.808569864480981,0.04356246244732274,6.9,3.2971797782576475,0.08104436862684758
CDMS-15-10A-MAALCA-CorrEtiq.txt,150.0,71.5,149.0,17.25,20.25,1.25,3.0,8.0,71.5,70.75,4.182924020424021,0.0510375655507315,6.5,3.1060039037304805,0.10020439212632437
CDMS-15-10A-MAALRI-CorrEtiq.txt,150.0,78.4,149.0,15.8,20.0,1.2,4.2,6.4,78.4,77.2,3.8061656809624287,0.04231621269132772,7.6,3.4720682711957087,0.07203267381920998
CDMS-15-10A-SGOMO-CorrEtiq.txt,150.0,82.33333333333333,149.0,16.0,17.0,1.0,1.0,6.666666666666667,82.33333333333333,80.66666666666667,3.6238048397557865,0.03923466059638856,7.0,3.5047003911261485,0.09647349416027982
CDMS-15-10A-SHEGA-CorrEtiq.txt,150.0,71.25,149.0,14.75,18.25,0.5,3.5,13.5,71.25,71.0,4.192126622402009,0.052333742862332576,6.25,3.0808691998543445,0.17115169929080246
CDMS-15-11B-JEMOLO-CorrEtiq.txt,150.0,74.76470588235294,149.0,19.941176470588236,22.41176470588235,1.7058823529411764,2.764705882352941,5.235294117647059,74.76470588235294,73.94117647058823,4.000697838885844,0.045629536074412114,7.176470588235294,3.3970044901399397,0.06817763626291075
CDMS-15-11B-VSAHO-CorrEtiq.txt,150.0,72.0,149.0,26.0,28.0,2.5,3.0,4.5,72.0,70.0,4.178383641674781,0.0475210970464135,7.5,3.382902263875365,0.07185196772981386
CDMS-16-10A-SGALO-CorrEtiq.txt,150.0,73.0,149.0,16.75,20.25,0.5,3.5,8.25,73.0,73.0,4.088721591438983,0.048895507729661225,6.5,3.2788661948717923,0.10790789699833554
CDMS-16-11B-NGABE-CorrEtiq.txt,150.0,79.6,147.4,13.8,16.4,0.8,2.6,5.0,79.2,76.8,3.711818715168762,0.041867744602483305,7.2,3.4131407740646083,0.08099156427528943
CDMS-17-10A-ASSAMO-CorrEtiq.txt,150.0,83.66666666666667,149.0,14.666666666666666,16.0,0.0,1.3333333333333333,6.333333333333333,83.66666666666667,81.0,3.5665074411686875,0.03859228203915616,8.333333333333334,3.6081857181917925,0.08498145612462005
CDMS-18-7C-VVECA-CorrEtiq.txt,150.0,70.66666666666667,148.33333333333334,26.0,29.0,0.6666666666666666,3.0,7.0,70.33333333333333,69.0,4.201525054466231,0.048368348811040074,7.666666666666667,3.263623872457913,0.12875239321317752
CDMS-8-4A-DBEVA-CorrEtiq.txt,150.0,64.0,149.0,22.333333333333332,25.666666666666668,2.6666666666666665,3.6666666666666665,13.333333333333334,64.0,63.0,4.661457179030602,0.06006685654980406,5.666666666666667,2.846839134896469,0.14310066751838194
CDMS-8-4A-DJAVDA-CorrEtiq.txt,150.0,59.0,149.0,31.5,38.0,6.5,7.0,11.5,59.0,58.5,5.05665803853897,0.06114980073133654,7.0,2.967859197173261,0.1581165151495745
CDMS-8-4A-DOSTR-CorrEtiq.txt,150.0,66.0,149.0,27.285714285714285,30.714285714285715,4.142857142857143,4.571428571428571,9.714285714285714,66.0,65.57142857142857,4.539748935412242,0.05377998798825908,6.857142857142857,3.156936035619385,0.13578398541272108
CDMS-8-4A-LGOPA-CorrEtiq.txt,150.0,64.5,148.0,27.5,33.0,2.0,5.75,11.5,64.25,62.25,4.625722163865547,0.05604594984563349,7.25,3.187318409557597,0.15052259639517074
CDMS-8-4C-JDBUTU-CorrEtiq.txt,150.0,62.333333333333336,148.33333333333334,25.0,28.0,8.0,5.333333333333333,9.666666666666666,62.333333333333336,62.0,4.7875214934905435,0.059273038788017096,5.666666666666667,2.8610465455208587,0.17646624130517985
CDMS-9-4A-ACDUTR-CorrEtiq.txt,150.0,69.0,149.0,24.0,26.333333333333332,3.6666666666666665,2.6666666666666665,10.666666666666666,69.0,68.66666666666667,4.3761677117609326,0.05194951472490669,6.0,3.043176412098731,0.1421035353916035
CDMS-9-4A-CARGA-CorrEtiq.txt,150.0,67.75,149.0,26.25,27.0,2.0,1.75,8.5,67.75,67.0,4.415453987487131,0.0535382305338654,6.5,3.1033956460521828,0.14849284719516403
CDMS-9-4A-CRAAG-CorrEtiq.txt,150.0,63.333333333333336,146.33333333333334,29.666666666666668,32.0,4.0,2.6666666666666665,15.333333333333334,62.666666666666664,59.333333333333336,4.629636060838062,0.055864779750112475,6.666666666666667,2.9866754377935796,0.19028716836904344
CDMS-9-4A-EROHI-CorrEtiq.txt,150.0,66.66666666666667,149.0,24.666666666666668,26.0,4.333333333333333,2.3333333333333335,8.0,66.66666666666667,66.66666666666667,4.471576506607235,0.054258730855526294,7.0,3.2152245167280284,0.10884663738668603
CDMS-9-4A-ILOSE-CorrEtiq.txt,150.0,58.666666666666664,149.0,35.0,36.666666666666664,0.0,1.6666666666666667,10.0,58.666666666666664,58.0,5.09721226602947,0.06668301585351254,5.666666666666667,2.8909743606973017,0.10757156711809181
CDMS-9-4A-TGAFR-CorrEtiq.txt,150.0,67.5,149.0,29.5,34.5,2.0,5.5,10.5,67.5,65.5,4.41699604743083,0.0501308580592468,6.0,2.9714857606161953,0.13791257356804126
CDMS-9-4C-SCAMO-CorrEtiq.txt,150.0,82.5,147.0,14.5,15.5,1.0,1.0,4.0,82.0,81.0,3.563932980599647,0.03880761139797284,7.5,3.635035621691104,0.04406957803121824
CDMS-9-5A-ABERO-CorrEtiq.txt,150.0,67.0,148.2,24.0,26.8,3.4,3.2,5.4,66.8,65.4,4.446616702336969,0.0539125789414292,6.6,3.170590606086632,0.07647363258910303
CDMS-9-5A-PAGACO-CorrEtiq.txt,150.0,66.66666666666667,149.0,22.0,26.0,2.0,4.0,7.666666666666667,66.66666666666667,66.33333333333333,4.473651960784314,0.055322709514983436,6.666666666666667,3.2230451674865637,0.09288430795783736
CDMS-9-5A-VVAAR-CorrEtiq.txt,150.0,66.0,149.0,27.0,34.0,2.0,7.0,7.0,66.0,65.0,4.515151515151516,0.05268065268065268,7.0,3.252214452214452,0.0878813194602668
CDMS-9-5C-JDMADE-CorrEtiq.txt,150.0,73.0,149.0,20.0,22.0,8.0,4.0,6.0,73.0,73.0,4.082191780821918,0.04528158295281583,7.0,3.4882039573820394,0.10075601719437337
CDMS-9-5C-LVIZAC-CorrEtiq.txt,150.0,75.0,149.0,19.666666666666668,22.666666666666668,2.0,3.0,9.333333333333334,75.0,73.66666666666667,3.9775783475783477,0.044911305474685755,7.333333333333333,3.3723427344554104,0.09623539213288916
CDMS-9-5C-MLOGO-CorrEtiq.txt,150.0,68.33333333333333,149.0,23.0,24.0,3.3333333333333335,1.6666666666666667,16.0,68.33333333333333,65.0,4.388206927017603,0.05365806637112894,9.0,3.3717780872424203,0.19055474811331075
CDMS-9-5C-SCAAG-CorrEtiq.txt,150.0,69.5,147.0,19.0,22.5,1.0,3.5,10.5,68.0,67.0,4.230020703933747,0.05189989039093898,7.5,3.2419435636826943,0.08678893519503676
CDMS-XX-10A-VGILO-CorrEtiq.txt,150.0,72.0,147.66666666666666,16.0,15.666666666666666,5.333333333333333,0.6666666666666666,6.0,71.66666666666667,69.33333333333333,4.107017543859649,0.04964803312629399,6.666666666666667,3.20864552686063,0.0972816049292166
CDMS-XX-5C-MJSARU-CorrEtiq.txt,150.0,75.66666666666667,149.0,17.333333333333332,22.666666666666668,1.3333333333333333,5.333333333333333,5.666666666666667,75.66666666666667,74.33333333333333,3.9464882891518656,0.044438833455545314,8.0,3.3576688086883166,0.09545366671857962
CDMS-XX-5C-MPCAQU-CorrEtiq.txt,150.0,64.5,149.0,26.5,28.5,0.0,2.0,9.5,64.5,64.5,4.642753623188406,0.05940945280101724,5.5,2.9122227520337542,0.13405772769903204
CDMS-XX-6A-MAGICA-CorrEtiq.txt,150.0,75.66666666666667,148.33333333333334,18.88888888888889,20.88888888888889,0.4444444444444444,2.0,5.666666666666667,75.66666666666667,73.0,3.9364794870400033,0.04534257772658153,7.777777777777778,3.482770468404784,0.06870624476077536
CDMS-XX-6B-SPUCA-CorrEtiq.txt,150.0,77.8,149.0,18.0,22.8,0.4,4.8,6.4,77.8,77.0,3.8586663145294,0.04260741813540833,7.4,3.4329055446274426,0.10876149455089006
CSO-10-4A-ICAPA-CorrEtiq.txt,150.0,64.6,148.2,28.4,32.6,0.8,4.2,9.4,64.6,63.8,4.599007897881195,0.05606205075193445,6.0,2.961814999935669,0.18735034093822284
CSO-10-4A-KCOMO-CorrEtiq.txt,150.0,66.2,149.0,23.0,27.8,2.0,5.0,8.0,66.2,65.6,4.525588711411453,0.055816387286272126,7.4,3.1058822789475924,0.11854499028793102
CSO-10-4A-LRAVI-CorrEtiq.txt,150.0,67.0,145.0,29.0,34.0,0.0,5.0,10.0,65.0,65.0,4.3283582089552235,0.050203527815468114,7.0,3.139903846153846,0.15594347609272982
CSO-10-4A-LSCAVA-CorrEtiq.txt,150.0,79.33333333333333,149.0,22.666666666666668,28.333333333333332,0.3333333333333333,5.666666666666667,4.333333333333333,79.33333333333333,78.33333333333333,3.764368093228853,0.03891702447444403,8.0,3.8173750437041574,0.09079919934953089
CSO-10-5A-ACAVA-CorrEtiq.txt,150.0,76.33333333333333,149.0,16.333333333333332,17.333333333333332,4.333333333333333,1.6666666666666667,5.666666666666667,76.33333333333333,76.0,3.9284190774515477,0.04495439524664025,7.0,3.3584574747857423,0.09158184980039769
CSO-10-5A-ARACA-CorrEtiq.txt,150.0,72.33333333333333,141.66666666666666,21.333333333333332,22.0,2.6666666666666665,1.0,3.6666666666666665,71.33333333333333,68.0,3.9180423280423278,0.0453100559224258,8.333333333333334,3.4835516393225774,0.06405817683198635
CSO-10-5A-DABRZA-CorrEtiq.txt,150.0,65.66666666666667,148.33333333333334,30.333333333333332,34.833333333333336,2.0,4.5,8.333333333333334,65.66666666666667,64.33333333333333,4.548944407366018,0.053243713720830976,7.0,3.2924272904605707,0.11670289271687599
CSO-10-5A-GZAMA-CorrEtiq.txt,150.0,69.28571428571429,148.42857142857142,21.428571428571427,24.285714285714285,0.5714285714285714,2.857142857142857,8.0,69.28571428571429,68.85714285714286,4.3030930820985,0.052665249441560924,6.571428571428571,3.1303162741306707,0.1401107207390682
CSO-10-5A-IPECA-CorrEtiq.txt,150.0,69.0,149.0,21.0,25.0,0.5,4.0,11.0,69.0,68.5,4.3224721463107,0.052765166303110386,6.0,3.055784275986084,0.11516219514958215
CSO-10-5A-JANORO-CorrEtiq.txt,150.0,75.33333333333333,146.33333333333334,14.333333333333334,19.333333333333332,1.0,5.0,8.666666666666666,74.33333333333333,72.33333333333333,3.885253674727359,0.04500412452827738,7.0,3.2974922216508578,0.1129610442110442
CSO-10-5A-JBUVE-CorrEtiq.txt,150.0,77.0,149.0,21.0,23.5,2.0,2.5,4.5,77.0,76.0,3.880602063250465,0.042393877896161,7.0,3.466199475731439,0.06774607272301784
CSO-10-5A-JJSEMO-CorrEtiq.txt,150.0,65.0,148.0,26.0,29.0,1.0,3.0,7.5,65.0,64.5,4.554450757575758,0.0568015318015318,6.5,2.940750222000222,0.1111428986658766
CSO-10-5A-JLCARI-CorrEtiq.txt,150.0,80.0,145.0,12.0,14.0,1.0,2.0,4.0,79.0,77.0,3.625,0.04113924050632911,7.0,3.5238558909444984,0.0779079254079254
CSO-10-5A-MAARAN-CorrEtiq.txt,150.0,62.75,149.0,34.0,35.75,1.0,1.75,13.5,62.75,60.25,4.753495916046319,0.05814372865369614,7.5,3.095493533562338,0.2189808514267996
CSO-10-5A-MAOSMO-CorrEtiq.txt,150.0,79.4,149.0,16.2,18.4,0.4,2.2,4.4,79.4,77.2,3.7820301327727237,0.04260283499346474,7.8,3.5772506465139684,0.060231078001175296
CSO-10-5A-RVMOIB-CorrEtiq.txt,150.0,77.8,149.0,14.8,16.8,0.8,2.0,7.6,77.8,77.0,3.841622055790731,0.04425440931695284,7.0,3.2927854861894366,0.09157482667171951
CSO-10-5A-SVHEES-CorrEtiq.txt,150.0,65.6,149.0,22.6,25.2,3.8,2.8,9.0,65.6,65.6,4.605099124464444,0.058066833948356954,5.6,2.9529195053055406,0.13418212942683022
CSO-11-5A-MDVOSPE-CorrEtiq.txt,150.0,69.75,148.0,23.0,25.0,0.75,2.0,7.75,69.75,69.5,4.265289541376498,0.051692788395726746,6.75,3.200164239559656,0.11759800168914605
CSO-11-5A-MTAGA-CorrEtiq.txt,150.0,75.33333333333333,149.0,18.0,21.666666666666668,2.6666666666666665,3.6666666666666665,4.0,75.33333333333333,73.66666666666667,3.9604569021943745,0.044685045985548844,8.0,3.487953029525771,0.061561047567636785
CSO-11-6A-CAPAMU-CorrEtiq.txt,150.0,79.75,143.0,16.25,17.25,1.75,1.0,5.75,77.5,71.0,3.599706877043779,0.039848319869090106,9.0,3.6277292132314964,0.07911130691067933
CSO-11-6A-DSCACH-CorrEtiq.txt,150.0,82.5,149.0,12.5,13.0,0.5,0.5,4.0,82.5,82.0,3.6282467532467533,0.040591290137569624,7.0,3.3967903693402786,0.05004392252768876
CSO-11-6A-EROMO-CorrEtiq.txt,150.0,72.0,149.0,23.0,31.5,0.0,8.5,5.5,72.0,71.0,4.139687439706734,0.04600272870097296,7.0,3.3459668972740553,0.0716128166975827
CSO-11-6A-FSOVRE-CorrEtiq.txt,150.0,65.25,147.0,26.5,30.75,1.25,4.25,8.25,64.75,62.5,4.560041251090774,0.05652363964513434,6.0,3.081006405153115,0.12585927313371278
CSO-11-6B-ANREVA-CorrEtiq.txt,150.0,71.75,149.0,24.25,26.5,1.0,2.25,8.25,71.75,71.0,4.168559762124609,0.04818892599087102,7.25,3.248631596380758,0.11563816212937987
CSO-11-6B-DISEMO-CorrEtiq.txt,150.0,79.5,143.0,16.0,20.0,0.0,4.0,5.0,78.0,70.5,3.5979430379746837,0.03942307692307692,9.0,3.6655011655011656,0.05295010457194001
CSO-11-6B-LHFDLACH-CorrEtiq.txt,150.0,76.0,147.0,21.75,26.5,2.0,4.75,5.0,76.0,74.75,3.8730067567567565,0.041690257319917455,8.25,3.6652043566455306,0.06746159129053866
CSO-11-6B-RJGIHE-CorrEtiq.txt,150.0,71.66666666666667,149.0,15.666666666666666,18.0,2.6666666666666665,2.3333333333333335,12.666666666666666,71.66666666666667,71.33333333333333,4.169234238165895,0.05092891898751408,6.333333333333333,3.0532592751288745,0.18458553179376028
CSO-11-6B-SFLVA-CorrEtiq.txt,150.0,65.66666666666667,149.0,23.0,27.0,6.0,5.0,11.333333333333334,65.66666666666667,65.33333333333333,4.61812865497076,0.05609609363995329,6.0,3.047848798375114,0.16254350577270174
CSO-11-6B-VCOMA-CorrEtiq.txt,150.0,77.0,149.0,20.666666666666668,23.666666666666668,1.0,3.3333333333333335,6.333333333333333,77.0,76.33333333333333,3.8814718332790625,0.04282458846320709,7.0,3.4531565367129473,0.08532429834324719
CSO-12-6A-DGISE-CorrEtiq.txt,150.0,77.5,149.0,16.0,17.0,8.0,3.5,4.0,77.5,75.5,3.8724010731052982,0.04227291459600979,7.0,3.532989907315378,0.0477293074501324
CSO-12-6A-FJOVRE-CorrEtiq.txt,150.0,70.33333333333333,147.0,18.666666666666668,22.0,2.0,3.3333333333333335,10.0,69.66666666666667,66.33333333333333,4.183397772254442,0.0504620772467537,6.333333333333333,3.021588457765377,0.10523037404881012
CSO-12-6B-GQULO-CorrEtiq.txt,150.0,69.0,149.0,20.666666666666668,24.666666666666668,4.666666666666667,4.0,5.0,69.0,68.66666666666667,4.36838633146779,0.05191401342209864,7.0,3.247357997496597,0.08265072016258741
CSO-12-6B-LJHEFE-CorrEtiq.txt,150.0,76.6,149.0,15.4,19.2,1.6,3.8,6.8,76.6,76.2,3.921327417897605,0.04497809723232486,6.4,3.330049308260881,0.11723894062875113
CSO-12-6B-VPAMA-CorrEtiq.txt,150.0,59.0,129.0,30.0,31.0,2.0,1.0,7.0,57.0,49.0,4.372881355932203,0.056107539450613676,7.0,3.289473684210526,0.08905096786452718
CSO-12-7A-DALRE-CorrEtiq.txt,150.0,62.0,147.8,31.4,34.4,2.4,3.0,9.2,62.0,60.4,4.785109119564453,0.05900651584438617,6.6,3.1400569602724646,0.1518240992372975
CSO-12-7A-ESALA-CorrEtiq.txt,150.0,68.5,149.0,23.5,27.0,0.0,3.5,9.0,68.5,68.0,4.352452025586354,0.052829022588918764,6.0,2.982022692859812,0.13212097231021153
CSO-12-7A-IMERO-CorrEtiq.txt,150.0,73.71428571428571,149.0,20.142857142857142,24.285714285714285,1.8571428571428572,4.142857142857143,6.857142857142857,73.71428571428571,72.0,4.051536718667136,0.046086903628207,7.857142857142857,3.4462638097393667,0.10271476687335254
CSO-12-7A-JHEZA-CorrEtiq.txt,150.0,81.5,141.0,15.0,18.5,3.0,4.0,6.5,79.5,74.0,3.460252935862692,0.03643480879253237,8.5,3.7795480363518337,0.09837116497904796
CSO-12-7A-LSARAR-CorrEtiq.txt,150.0,65.5,149.0,27.5,32.5,0.0,5.0,8.0,65.5,65.5,4.556255835667601,0.055414847691604326,6.5,3.0529801071447675,0.14532154483134874
CSO-12-7A-SCAHO-CorrEtiq.txt,150.0,74.0,149.0,24.0,27.5,0.5,3.5,7.0,74.0,72.5,4.037093039810431,0.0451269941643838,8.5,3.524828140052736,0.08130459270639885
CSO-12-7B-DVAGRO-CorrEtiq.txt,150.0,78.33333333333333,149.0,17.333333333333332,22.333333333333332,3.6666666666666665,5.333333333333333,7.0,78.33333333333333,76.0,3.834866455511378,0.04128326836488693,7.333333333333333,3.570296090277941,0.060398136800319246
CSO-12-7B-SMUGU-CorrEtiq.txt,150.0,67.0,149.0,21.0,22.0,2.0,1.0,8.0,67.0,65.5,4.451727982162764,0.05660740048527772,7.5,3.06757348842547,0.09783083237686818
CSO-12-7B-SSARA-CorrEtiq.txt,150.0,79.66666666666667,149.0,15.0,17.333333333333332,3.0,2.3333333333333335,4.333333333333333,79.66666666666667,79.0,3.7598770119593112,0.041534790206893706,8.0,3.5850653951456373,0.035088096339289714
CSO-12-7B-VHOMA-CorrEtiq.txt,150.0,83.0,149.0,15.2,15.8,2.8,1.4,4.0,83.0,82.6,3.615185145522477,0.039073632862376126,8.0,3.642347805875807,0.08053500789925751
CSO-12-8A-YTOME-CorrEtiq.txt,150.0,67.0,149.0,23.0,26.5,0.0,3.5,10.5,67.0,67.0,4.46367091437514,0.05587287163843275,6.0,3.0876715490073057,0.15221067028667015
CSO-13-6A-ANASA-CorrEtiq.txt,150.0,77.375,149.0,20.375,23.875,0.5,3.5,3.25,77.375,76.625,3.875830537618664,0.042794451491463006,7.625,3.5181059651701383,0.053877279958535515
CSO-13-6B-JETAVE-CorrEtiq.txt,150.0,67.8,149.0,29.2,30.4,0.8,1.6,9.4,67.8,66.8,4.431834136129174,0.05281621258101508,6.0,3.101764849818473,0.11747789156256387
CSO-13-6B-LFMIES-CorrEtiq.txt,150.0,75.5,144.0,21.5,24.0,1.5,2.5,7.5,69.5,67.0,3.8215541490857947,0.04232818745209546,7.5,3.3037325307873253,0.13835629822614806
CSO-13-6B-LJMAHU-CorrEtiq.txt,150.0,67.25,142.5,31.75,35.25,0.5,3.75,2.25,66.0,63.5,4.30702380952381,0.048721053479117996,6.75,3.277910490260652,0.05646182578185379
CSO-13-7A-CAPAMU-CorrEtiq.txt,150.0,74.0,146.33333333333334,18.833333333333332,23.666666666666668,3.3333333333333335,5.333333333333333,5.0,74.0,71.33333333333333,3.958180747438137,0.044258413836640226,7.666666666666667,3.558035748045466,0.07445579110393544
CSO-13-7A-CDDITR-CorrEtiq.txt,150.0,76.5,149.0,18.5,20.5,0.5,2.0,6.5,76.5,75.5,3.9035958904109593,0.04447816118528794,7.0,3.4100456621004565,0.0710576500174103
CSO-13-7A-JJATFL-CorrEtiq.txt,150.0,76.5,149.0,17.5,21.5,0.5,4.0,7.0,76.5,76.5,3.895591250854409,0.04398724082934609,6.5,3.106853497379813,0.10827266910809512
CSO-13-7A-KRAMA-CorrEtiq.txt,150.0,70.5,149.0,21.0,24.0,2.0,3.0,6.0,70.5,70.5,4.232272360999195,0.05045765665361081,7.0,3.1373222191486834,0.09657728175823166
CSO-13-7A-RXCHLU-CorrEtiq.txt,150.0,70.5,149.0,14.5,18.0,0.0,3.5,8.5,70.5,70.5,4.227162977867203,0.05349779838450996,5.5,2.932706383226898,0.13823235982762805
CSO-13-7A-YAMEZA-CorrEtiq.txt,150.0,72.85714285714286,149.0,19.714285714285715,23.0,1.8571428571428572,3.5714285714285716,7.0,72.85714285714286,71.57142857142857,4.109569619449113,0.04776585813729185,6.857142857142857,3.2428164466407337,0.08435186542914476
CSO-13-7A-YBOSO-CorrEtiq.txt,150.0,74.0,129.0,19.0,21.0,2.0,2.0,4.0,70.0,47.0,3.4864864864864864,0.039244724176231024,10.0,4.0020703933747415,0.0628032628032628
CSO-13-8A-KIGAGU-CorrEtiq.txt,150.0,67.0,149.0,24.0,26.0,7.5,3.5,6.0,67.0,65.5,4.448752228163993,0.05230828580257904,6.0,3.1233978196225785,0.11802897531683065
CSO-13-8A-MBUAN-CorrEtiq.txt,150.0,74.66666666666667,148.33333333333334,19.833333333333332,22.166666666666668,2.0,2.6666666666666665,4.0,74.33333333333333,73.66666666666667,3.999376078843499,0.04591627527413401,7.333333333333333,3.504574562591197,0.06038392826283456
CSO-13-8A-MGAAN-CorrEtiq.txt,150.0,81.0,149.0,17.0,22.25,1.25,5.25,4.25,81.0,80.0,3.67929275820536,0.038749218627910614,7.0,3.5014332460483537,0.06528433399081432
CSO-13-8A-MGAHE-CorrEtiq.txt,150.0,71.2,149.0,22.2,23.0,1.0,0.8,6.4,71.2,70.6,4.203147376352979,0.05049671794379866,6.6,3.2290392627121656,0.07524126113323319
CSO-13-8A-MJAGA-CorrEtiq.txt,150.0,64.66666666666667,149.0,29.666666666666668,28.333333333333332,9.666666666666666,5.0,8.666666666666666,64.66666666666667,64.0,4.611389974729527,0.053909483675973806,6.0,3.0878201840376853,0.1269002300389508
CSO-13-8A-VHODU-CorrEtiq.txt,150.0,71.25,149.0,16.75,20.0,2.0,3.25,8.75,71.25,71.0,4.185979900352964,0.05084614731739364,6.75,3.0620177240790625,0.13640154290557915
CSO-13-8B-FCJISA-CorrEtiq.txt,150.0,80.0,149.0,16.0,18.5,0.5,2.5,7.0,80.0,79.5,3.725,0.04113924050632911,8.0,3.490506329113924,0.09438262207563677
CSO-13-8B-JEMABE-CorrEtiq.txt,150.0,64.5,145.0,32.25,34.5,1.5,2.5,5.5,63.0,60.75,4.501842350746268,0.053381856675241444,6.5,3.0955620021727435,0.13002778159561454
CSO-13-9B-DMLLLU-CorrEtiq.txt,150.0,71.0,149.0,22.0,24.0,3.0,2.0,8.0,71.0,70.0,4.197183098591549,0.04909456740442656,7.0,3.1617706237424548,0.10940318081991654
CSO-14-7A-MVEBE-CorrEtiq.txt,150.0,70.0,149.0,15.0,17.0,2.0,2.0,9.0,70.0,68.0,4.257142857142857,0.053830227743271224,5.0,2.8824016563146997,0.15127830315261812
CSO-14-7B-EALHU-CorrEtiq.txt,150.0,71.0,149.0,25.333333333333332,28.0,0.3333333333333333,2.6666666666666665,7.666666666666667,71.0,70.0,4.1988258317025435,0.0486342336550794,6.333333333333333,3.261314526472358,0.0988474145280444
CSO-14-7B-EVEGO-CorrEtiq.txt,150.0,78.63636363636364,149.0,18.545454545454547,21.454545454545453,0.45454545454545453,2.909090909090909,6.363636363636363,78.63636363636364,78.0,3.797637486150314,0.04184313646923063,7.818181818181818,3.5498642341774396,0.09274467384376278
CSO-14-8A-AQUMA-CorrEtiq.txt,150.0,67.5,149.0,17.0,21.5,0.5,4.5,9.0,67.5,67.0,4.420879120879121,0.0568228420130594,5.5,2.8292243987896164,0.14065529866996201
CSO-14-8A-MCIDOS-CorrEtiq.txt,150.0,71.0,141.0,23.666666666666668,25.333333333333332,1.6666666666666667,2.3333333333333335,8.333333333333334,68.0,62.666666666666664,3.9798808750755725,0.04604776105354497,7.666666666666667,3.376507771598812,0.08248166546633821
CSO-14-8A-SZARA-CorrEtiq.txt,150.0,71.33333333333333,149.0,20.0,24.333333333333332,4.666666666666667,4.666666666666667,5.666666666666667,71.33333333333333,71.0,4.200755344646833,0.04839573012854039,6.666666666666667,3.2918176838282194,0.06172981168804117
CSO-14-8B-JLLORA-CorrEtiq.txt,150.0,73.66666666666667,149.0,19.333333333333332,21.666666666666668,2.3333333333333335,2.6666666666666665,11.0,73.66666666666667,71.0,4.053648614289346,0.046899986539238124,8.0,3.2424950269963055,0.13558237686012198
CSO-14-9A-AEDCAGO-CorrEtiq.txt,150.0,81.2,147.4,14.4,18.4,1.4,4.0,6.8,80.8,75.8,3.6436426559597295,0.039540659919077445,8.2,3.5566470686140357,0.06912011022834194
CSO-14-9A-HASACA-CorrEtiq.txt,150.0,72.0,149.0,19.5,24.0,1.0,4.5,4.0,72.0,72.0,4.139687439706734,0.0485198864419393,6.5,3.1461428387677666,0.07606821002991743
CSO-14-9A-JSMAAL-CorrEtiq.txt,150.0,74.4,148.2,17.8,20.6,3.0,3.4,7.0,74.4,72.8,3.9867290367290367,0.04572665290396334,7.0,3.3566977663832764,0.13304258716018463
CSO-14-9A-MARJA-CorrEtiq.txt,150.0,73.66666666666667,149.0,20.0,22.0,0.0,2.0,9.666666666666666,73.66666666666667,71.33333333333333,4.073730295952519,0.048209886451895584,7.333333333333333,3.3803286477182977,0.12586135093149683
CSO-14-9A-SORZU-CorrEtiq.txt,150.0,72.33333333333333,144.33333333333334,21.333333333333332,25.333333333333332,2.6666666666666665,4.0,9.666666666666666,70.66666666666667,68.33333333333333,4.0336516841902395,0.04610050642561451,7.0,3.3834436269028014,0.10963508854894166
CSO-14-9B-ERAGA-CorrEtiq.txt,150.0,65.0,147.0,22.5,27.5,2.5,5.0,11.75,64.5,62.25,4.6087122690606295,0.05871710507727885,6.75,3.0563426770522004,0.16065801922121808
CSO-14-9B-MFEGA-CorrEtiq.txt,150.0,70.0,149.0,21.5,26.0,3.5,5.5,10.5,70.0,69.0,4.271089271089272,0.04980897172677995,6.5,3.232985020656254,0.11960785540330995
CSO-15-10A-LJRAGU-CorrEtiq.txt,150.0,69.83333333333333,147.0,24.0,25.0,0.3333333333333333,1.0,10.0,69.83333333333333,68.5,4.240433675185545,0.05122880376494513,6.333333333333333,3.1234163076853645,0.1431121396060471
CSO-15-10A-MAARLO-CorrEtiq.txt,150.0,68.66666666666667,147.0,17.0,20.0,2.6666666666666665,3.3333333333333335,11.0,68.0,67.0,4.281792717086835,0.053517517757697926,6.333333333333333,3.085764688501643,0.16035055469044854
CSO-15-10A-SFEGA-CorrEtiq.txt,150.0,67.5,141.0,27.0,31.5,1.5,4.5,6.5,65.5,64.0,4.179841897233201,0.048172756484776945,6.0,3.1934789661002347,0.08630266125325414
CSO-15-10B-MEBUAR-CorrEtiq.txt,150.0,71.66666666666667,149.0,21.333333333333332,26.666666666666668,0.0,5.333333333333333,7.666666666666667,71.66666666666667,69.66666666666667,4.167271749361301,0.04862859923174787,9.0,3.4093904502818835,0.13060913800725812
CSO-15-10B-YVBUAN-CorrEtiq.txt,150.0,71.5,145.0,19.0,20.0,1.0,1.0,7.0,70.5,70.5,4.057729941291585,0.04928174366828328,6.5,3.209568579421971,0.09108858452216342
CSO-15-10C-ALBAHO-CorrEtiq.txt,150.0,71.25,149.0,20.75,23.75,3.5,4.5,7.75,71.25,70.0,4.205342317499852,0.049328926704952286,7.75,3.348185319386041,0.09637281436571826
CSO-15-10C-SSCAMO-CorrEtiq.txt,150.0,77.5,149.0,20.75,25.25,1.75,4.5,4.5,77.5,75.5,3.8646405525307523,0.04159841568149305,8.5,3.6111941689302998,0.06975855215956547
CSO-15-11C-JETALO-CorrEtiq.txt,150.0,68.66666666666667,149.0,24.5,32.333333333333336,3.1666666666666665,8.166666666666666,6.666666666666667,68.66666666666667,67.33333333333333,4.346845781368819,0.048954125051565885,6.5,3.225646450901042,0.11658701531435071
CSO-15-7B-JCRAGA-CorrEtiq.txt,150.0,73.0,149.0,19.0,22.0,6.0,6.0,6.0,73.0,73.0,4.082191780821918,0.04604261796042618,8.0,3.419330289193303,0.04936322518917201
CSO-15-8A-VBMABR-CorrEtiq.txt,150.0,67.33333333333333,149.0,26.166666666666668,29.333333333333332,0.16666666666666666,3.1666666666666665,7.5,67.33333333333333,67.0,4.448101682330892,0.053879104067013926,6.5,3.1669220921930155,0.11227922237063072
CSO-15-8B-KEPOGO-CorrEtiq.txt,150.0,80.0,149.0,16.0,16.333333333333332,0.6666666666666666,0.3333333333333333,8.0,80.0,79.33333333333333,3.7421068018568993,0.0422672739368973,8.0,3.5478144448817015,0.08890576812302296
CSO-15-9B-ALRIHE-CorrEtiq.txt,150.0,77.33333333333333,149.0,16.333333333333332,18.666666666666668,2.6666666666666665,2.3333333333333335,5.666666666666667,77.33333333333333,77.0,3.855701754385965,0.0432922496113702,8.0,3.440361610778,0.08649137985616517
CSO-15-9B-AMSAGO-CorrEtiq.txt,150.0,79.33333333333333,146.33333333333334,15.666666666666666,17.0,0.0,1.3333333333333333,7.0,79.33333333333333,77.33333333333333,3.6889240506329113,0.041617981174943204,8.0,3.6065644271340473,0.11850681257326827
CSO-15-9B-JCAPA-CorrEtiq.txt,150.0,74.0,149.0,17.0,18.25,1.5,1.25,8.75,74.0,73.5,4.0315687868319445,0.0479233945172317,7.25,3.284674957640225,0.1275426364110851
CSO-15-9B-KSBEJA-CorrEtiq.txt,150.0,59.666666666666664,149.0,30.0,34.0,3.0,4.0,7.666666666666667,59.666666666666664,58.666666666666664,5.017881553474774,0.06465176650740649,6.0,2.894351986700516,0.12081756701831699
CSO-15-9B-RMCHLU-CorrEtiq.txt,150.0,68.0,149.0,25.0,29.666666666666668,0.6666666666666666,4.666666666666667,7.666666666666667,68.0,67.33333333333333,4.382984904972155,0.052097684097531405,6.0,3.0308808202651014,0.13448976278543948
CSO-15-9B-SJAGRO-CorrEtiq.txt,150.0,88.0,149.0,9.0,13.5,0.0,4.5,3.0,88.0,86.0,3.388113695090439,0.03544662878652027,7.5,3.7554986841004148,0.06138780255059326
CSO-16-10A-JEGAHE-CorrEtiq.txt,150.0,68.66666666666667,149.0,23.166666666666668,26.833333333333332,0.8333333333333334,3.6666666666666665,5.666666666666667,68.66666666666667,68.33333333333333,4.345581033045247,0.05241068723622671,6.833333333333333,3.1687220013243436,0.11637811622860078
CSO-16-10A-MSACO-CorrEtiq.txt,150.0,77.0,149.0,12.666666666666666,14.333333333333334,0.6666666666666666,1.6666666666666667,9.0,77.0,76.33333333333333,3.871452991452992,0.045844125844125845,7.333333333333333,3.312191712191712,0.09381425364758698
CSO-16-10A-SARI-CorrEtiq.txt,150.0,70.33333333333333,137.66666666666666,22.0,24.0,1.6666666666666667,2.0,3.6666666666666665,69.66666666666667,65.0,3.9244615100779483,0.046145568439606634,6.666666666666667,3.3579145098511294,0.0667576010923873
CSO-16-10A-SMOUT-CorrEtiq.txt,150.0,77.16666666666667,149.0,18.5,21.666666666666668,2.3333333333333335,3.1666666666666665,8.0,77.16666666666667,74.66666666666667,3.9003616835502335,0.043293497415644054,8.333333333333334,3.577768250983968,0.0946801010091801
CSO-16-10A-YKMUJO-CorrEtiq.txt,150.0,67.5,149.0,19.5,22.5,2.0,3.0,8.0,67.5,67.5,4.43452380952381,0.05619830091661077,5.5,2.893634206673734,0.1120529238324646
CSO-16-10B-JESUGU-CorrEtiq.txt,150.0,78.0,149.0,16.0,17.0,1.0,1.0,10.0,78.0,75.0,3.8205128205128207,0.043623043623043624,7.0,3.203796203796204,0.13638345900789342
CSO-16-10B-LTVIFA-CorrEtiq.txt,150.0,98.0,149.0,4.0,5.5,0.0,1.5,3.0,98.0,96.0,3.041132979277309,0.030207463335224748,8.0,3.9817878182200714,0.03762005855699003
CSO-16-10B-VVILI-CorrEtiq.txt,150.0,76.25,149.0,16.25,19.5,2.0,3.5,5.0,76.25,75.5,3.9153834322127006,0.04455356793479079,7.5,3.4545488455378197,0.06180006394353597
CSO-16-10C-ACALGU-CorrEtiq.txt,150.0,74.75,144.5,21.5,24.5,0.0,3.0,5.5,74.75,70.5,3.879601385278973,0.04381753393649056,7.25,3.394427835286792,0.056839359087370214
CSO-16-10C-MAVAVE-CorrEtiq.txt,150.0,79.33333333333333,149.0,13.333333333333334,16.166666666666668,1.5,2.8333333333333335,8.0,79.33333333333333,78.0,3.781318597049357,0.042936400597624734,7.333333333333333,3.5423601643762788,0.07512243996726255
CSO-16-11A-JAVABO-CorrEtiq.txt,150.0,78.0,149.0,18.5,20.5,2.25,2.25,5.0,78.0,77.5,3.8246760229882595,0.04211682111369991,6.75,3.424963301231653,0.10223073242200197
CSO-16-11A-JDMUVA-CorrEtiq.txt,150.0,79.66666666666667,149.0,18.0,20.666666666666668,1.0,2.6666666666666665,7.0,79.66666666666667,77.66666666666667,3.7526364599894015,0.0410212791721681,8.0,3.520120444477333,0.11909269577806729
CSO-16-11A-VZAOR-CorrEtiq.txt,150.0,87.0,143.0,12.5,15.0,2.0,3.0,4.5,85.5,82.0,3.2998805256869774,0.03383395667757519,8.0,3.763338111164198,0.044482974691111524
CSO-16-11B-KRORE-CorrEtiq.txt,150.0,77.0,149.0,19.0,21.0,0.5,2.0,6.0,77.0,74.5,3.8865176151761522,0.04402468711698072,7.0,3.3618458719798463,0.0837963811212257
CSO-16-11B-LLOZA-CorrEtiq.txt,150.0,78.28571428571429,147.85714285714286,15.714285714285714,18.714285714285715,1.1428571428571428,3.0,5.142857142857143,78.0,77.14285714285714,3.785745225721556,0.042503360192628174,6.857142857142857,3.3947245239039323,0.07372041282664014
CSO-16-11B-YAROMO-CorrEtiq.txt,150.0,83.0,149.0,12.0,18.666666666666668,2.3333333333333335,7.0,4.333333333333333,83.0,82.0,3.5917520481344405,0.037667292440570155,7.333333333333333,3.701695081409395,0.05416648295090167
CSO-16-9A-JALEMO-CorrEtiq.txt,150.0,76.66666666666667,149.0,13.666666666666666,18.333333333333332,0.6666666666666666,4.666666666666667,7.0,76.66666666666667,76.0,3.9008612226684516,0.04518508927489404,7.0,3.3666085417158413,0.05706863231963633
CSO-16-9A-JPROSO-CorrEtiq.txt,150.0,86.5,149.0,14.0,16.0,3.5,2.0,3.0,86.5,85.5,3.4544358080943445,0.03529487675829139,9.5,4.036676692774254,0.04240104109185888
CSO-16-9A-JSMAGU-CorrEtiq.txt,150.0,72.66666666666667,149.0,21.666666666666668,24.666666666666668,1.3333333333333333,3.3333333333333335,8.0,72.66666666666667,71.33333333333333,4.107361664037003,0.047307611326681355,6.333333333333333,3.1338368348046264,0.1283623052634996
CSO-16-9B-SJPAJI-CorrEtiq.txt,150.0,68.5,149.0,21.25,23.25,1.0,2.0,8.25,68.5,67.75,4.36626887755849,0.054420783335625125,6.25,3.0772431338084676,0.11500946724353099
CSO-17-10A-YVGOCA-CorrEtiq.txt,150.0,67.66666666666667,149.0,17.666666666666668,23.333333333333332,0.6666666666666666,5.666666666666667,9.666666666666666,67.66666666666667,67.33333333333333,4.421393693834086,0.05582126848755551,6.0,3.0326894892073426,0.13382960429380097
CSO-17-10B-EHECO-CorrEtiq.txt,150.0,77.33333333333333,146.33333333333334,17.0,19.666666666666668,0.6666666666666666,2.6666666666666665,2.6666666666666665,76.33333333333333,73.33333333333333,3.7860574912540272,0.04276703679768303,7.333333333333333,3.3814670393617763,0.0694494171474775
CSO-17-10B-YCQUVE.txt,150.0,70.28571428571429,147.85714285714286,22.0,26.285714285714285,0.5714285714285714,4.285714285714286,6.857142857142857,69.85714285714286,68.42857142857143,4.23688648051686,0.050498188432730774,6.714285714285714,3.241406369016413,0.09044966546612557
CSO-17-11A-DJAPA-CorrEtiq.txt,150.0,73.0,148.2,18.2,22.2,0.6,4.0,4.8,72.8,71.4,4.085285399199956,0.04819775133691943,7.0,3.253261308973088,0.06973147951583103
CSO-17-11A-JDAMO-CorrEtiq.txt,150.0,68.33333333333333,149.0,23.666666666666668,25.0,0.0,1.3333333333333333,5.333333333333333,68.33333333333333,67.0,4.394209956709957,0.05482297916508442,7.0,3.2492436900331634,0.07712446903295118
CSO-17-11A-NPAHE-CorrEtiq.txt,150.0,74.8,149.0,19.8,22.6,0.4,2.8,6.2,74.8,73.0,3.9968961123347087,0.04588682399895215,6.8,3.2090058831752195,0.10223280010566352
CSO-17-11A-RLPAIG-CorrEtiq.txt,150.0,72.4,148.6,19.8,24.0,4.0,5.4,6.4,72.4,71.2,4.128189144189145,0.04714005956111219,6.8,3.260439577492209,0.1297462439521263
CSO-17-11A-SPUVA-CorrEtiq.txt,150.0,66.0,149.0,29.0,32.333333333333336,1.6666666666666667,3.3333333333333335,8.0,66.0,66.0,4.529416698703386,0.053701298013030384,6.0,3.042762004132348,0.17300054222997
CSO-17-11B-CDBEBU-CorrEtiq.txt,150.0,78.0,149.0,16.333333333333332,19.666666666666668,1.0,3.3333333333333335,8.0,78.0,77.0,3.821785476349101,0.04274927825893848,7.333333333333333,3.4940820080060586,0.11892061216196004
CSO-17-11C-JDAAG-CorrEtiq.txt,150.0,82.5,149.0,13.25,15.25,0.0,2.0,6.75,82.5,81.5,3.615974892775501,0.03987114138148456,7.5,3.52578094126235,0.06170559756773855
CSO-17-11C-MAPAMA-CorrEtiq.txt,150.0,75.33333333333333,149.0,14.333333333333334,19.0,2.3333333333333335,4.666666666666667,11.0,75.33333333333333,75.0,3.9887719198549014,0.046553402319928334,6.333333333333333,3.176986561128615,0.13344060849191364
CSO-17-11C-MCAAG-CorrEtiq.txt,150.0,76.4,149.0,16.8,19.6,0.4,2.8,6.8,76.4,75.2,3.9068077195931084,0.044961434641799934,7.0,3.3931549564750716,0.06708806586266697
CSO-17-11C-SARJA-CorrEtiq.txt,150.0,71.0,149.0,18.5,21.0,0.5,2.5,9.5,71.0,69.5,4.200516180266032,0.05130611903288216,7.0,3.1908120107284526,0.11599105804365366
CSO-18-11A-ADBAHO-CorrEtiq.txt,150.0,76.0,149.0,15.333333333333334,18.333333333333332,0.0,3.0,8.666666666666666,76.0,75.33333333333333,3.9333540857931104,0.046111870419187385,6.333333333333333,3.2347516748346123,0.14762573868506143
CSO-18-11B-YLLRE-CorrEtiq.txt,150.0,79.2,149.0,17.6,20.2,0.0,2.6,6.6,79.2,78.6,3.763895155991482,0.04163914786534937,7.6,3.5023963858171947,0.08535601293957805
CSO-18-9B-MAMOLO-CorrEtiq.txt,150.0,78.3,149.0,23.2,27.1,3.3,4.1,3.8,78.3,77.6,3.817127667465583,0.03951778629765137,8.2,3.7876111211889083,0.06377850534062095
CSO-8-3A-AIPRBR-CorrEtiq.txt,150.0,65.33333333333333,149.0,25.0,27.333333333333332,3.0,2.3333333333333335,10.666666666666666,65.33333333333333,64.66666666666667,4.584764506895655,0.05682886909564797,6.0,3.0170659875976384,0.14062378849448984
CSO-8-3A-DAPAVA-CorrEtiq.txt,150.0,69.42857142857143,149.0,22.0,26.714285714285715,3.4285714285714284,5.571428571428571,8.714285714285714,69.42857142857143,68.71428571428571,4.316704123863259,0.05062922705905826,7.0,3.2760458601359264,0.09795344571548835
CSO-8-3A-KVPECO-CorrEtiq.txt,150.0,69.0,146.33333333333334,25.666666666666668,26.666666666666668,2.3333333333333335,1.0,10.666666666666666,68.66666666666667,66.66666666666667,4.25784616137877,0.0503876547981057,6.0,3.0282189632851355,0.1509892836050114
CSO-8-4A-ARAGR-CorrEtiq.txt,150.0,74.5,146.0,17.5,21.0,2.0,4.5,6.5,74.5,74.0,3.9198198198198195,0.04492163396272986,7.5,3.4006318647414537,0.08002750845397905
CSO-8-4A-JRAAR-CorrEtiq.txt,150.0,62.0,145.0,26.0,29.666666666666668,1.3333333333333333,3.6666666666666665,8.333333333333334,62.0,60.666666666666664,4.750034240712207,0.06171978407046717,5.333333333333333,2.7646374975007983,0.1212416064853125
CSO-9-2A-EXMOCO-CorrEtiq.txt,150.0,67.66666666666667,142.33333333333334,28.333333333333332,31.0,1.0,2.6666666666666665,9.0,67.0,60.666666666666664,4.221650221650222,0.04936283866906934,8.0,3.3361391373515765,0.14623251402309118
CSO-9-4A-AGAPE-CorrEtiq.txt,150.0,70.0,149.0,22.0,27.0,1.0,5.0,7.0,70.0,70.0,4.257142857142857,0.05010351966873706,7.0,3.248861283643892,0.09991722563151134
CSO-9-4A-DKVIMO-CorrEtiq.txt,150.0,62.0,148.0,27.5,29.5,1.75,2.0,7.75,62.0,61.0,4.78254359517601,0.061926277501964236,5.75,2.8892489395183363,0.13038333787262782
CSO-9-4A-DSMOMU-CorrEtiq.txt,150.0,79.75,145.0,13.5,14.75,2.0,1.75,5.25,78.25,75.5,3.650970786678151,0.04129710582885453,8.0,3.525158792355863,0.08837110251373437
CSO-9-4A-DVGATO-CorrEtiq.txt,150.0,71.0,145.0,21.0,23.5,5.5,3.5,4.5,69.0,64.0,4.104864433811802,0.04715985768617348,7.0,3.238123519801602,0.07943475513134957
CSO-9-4A-EGCAMO-CorrEtiq.txt,150.0,72.0,149.0,23.333333333333332,27.333333333333332,2.0,4.0,9.666666666666666,72.0,70.33333333333333,4.1410195910195915,0.04692836145075489,7.333333333333333,3.2814976235632396,0.1148523454774069
CSO-9-4A-FAGIGA-CorrEtiq.txt,150.0,69.0,136.0,15.5,21.0,3.0,5.5,4.5,67.0,63.0,3.9420289855072466,0.04774083546462063,6.0,3.266395296246042,0.07380244554157597
CSO-9-4A-GSBRCO-CorrEtiq.txt,150.0,59.8,149.0,31.6,33.2,5.0,3.2,10.4,59.8,59.6,4.998244444169387,0.06333335536633863,6.0,2.9319681232553805,0.13869646508370834
CSO-9-4A-KEMOCO-CorrEtiq.txt,150.0,65.33333333333333,149.0,24.0,26.333333333333332,1.6666666666666667,3.0,9.0,65.33333333333333,64.0,4.5679853564104045,0.057870785144052674,6.333333333333333,2.9897799302799837,0.15698663878900784
CSO-9-4A-LCOMO-CorrEtiq.txt,150.0,79.33333333333333,149.0,12.333333333333334,17.0,1.0,4.666666666666667,6.666666666666667,79.33333333333333,77.33333333333333,3.7580474052696275,0.042191069883719234,8.0,3.5404658407230767,0.07565690580611617
CSO-9-4A-MLORO-CorrEtiq.txt,150.0,64.5,149.0,23.0,24.5,2.0,1.5,11.0,64.5,63.5,4.620432692307692,0.059825244200244196,6.0,2.971565934065934,0.12291287635339046
CSO-9-4A-MPAME-CorrEtiq.txt,150.0,69.0,149.0,24.0,28.0,2.0,4.0,6.0,69.0,69.0,4.318840579710145,0.050724637681159424,6.0,3.085677749360614,0.09759793346749869
CSO-9-4A-NSARPA-CorrEtiq.txt,150.0,74.0,147.66666666666666,17.666666666666668,21.666666666666668,1.6666666666666667,4.0,5.666666666666667,73.66666666666667,71.66666666666667,3.992962962962963,0.04607071860592987,7.333333333333333,3.2530388559502974,0.052999921465607745
CSO-9-4A-SLOCA-CorrEtiq.txt,150.0,66.33333333333333,149.0,29.0,31.333333333333332,2.6666666666666665,2.3333333333333335,10.666666666666666,66.33333333333333,65.33333333333333,4.507642353686545,0.053266343363194656,7.0,3.1923991074215383,0.1969217075646393
CSO-9-4A-YVDITR-CorrEtiq.txt,150.0,60.0,147.66666666666666,38.0,41.0,0.0,3.0,12.0,59.666666666666664,59.0,4.9725554616852845,0.06104936000453615,6.666666666666667,3.093761481385402,0.14967202260163168
