file,wc,nodes,edges,re,pe,l1,l2,l3,lcc,lsc,atd,density,diameter,asp,cc
CDMS-10-4A-JURAN-CorrEtiq.txt,40.0,29.5625,39.0,1.3166666666666667,2.1458333333333335,0.1625,0.8291666666666667,1.0958333333333334,29.5625,26.9375,2.6526281909458764,0.08822758984493292,8.441666666666666,3.772083883776268,0.05213146716536549
CDMS-10-5A-HEPIHO-CorrEtiq.txt,40.0,30.37375745526839,38.59443339960239,1.4254473161033798,2.043737574552684,0.0,0.6182902584493042,0.9383697813121272,30.055666003976143,26.76341948310139,2.576343268617487,0.08466839146678042,8.926441351888668,3.9746597241059303,0.05440441310207584
CDMS-10-5A-KSRAGU-CorrEtiq.txt,40.0,28.348717948717947,39.0,1.8974358974358974,2.4153846153846152,0.6102564102564103,0.517948717948718,0.3282051282051282,28.348717948717947,26.44102564102564,2.761391954520987,0.09370964327263226,7.671794871794872,3.601305912665161,0.04279181768642115
CDMS-10-5A-SROPU-CorrEtiq.txt,40.0,28.21311475409836,39.0,3.2568306010928962,3.9672131147540983,0.639344262295082,1.1256830601092895,0.43169398907103823,28.21311475409836,24.9672131147541,2.784310128337822,0.09066602356790626,8.879781420765028,3.8783141814633177,0.028573862091321744
CDMS-10-5A-SZURO-CorrEtiq.txt,40.0,28.70949720670391,39.0,2.4553072625698324,2.776536312849162,0.21787709497206703,0.32122905027932963,0.7905027932960894,28.70949720670391,25.620111731843576,2.7621871787197207,0.0941948431632747,8.849162011173185,3.8808574750270055,0.05472215277619925
CDMS-10-5B-SRAJA-CorrEtiq.txt,40.0,27.724890829694324,39.0,2.1397379912663754,2.493449781659389,0.1703056768558952,0.3537117903930131,1.388646288209607,27.724890829694324,25.685589519650655,2.8272720153256143,0.09936520687467935,7.401746724890829,3.3603144199184536,0.08287437706878263
CDMS-10-5C-DAAUSA-CorrEtiq.txt,40.0,27.15869017632242,39.0,3.0025188916876573,4.133501259445844,0.2947103274559194,1.2267002518891688,1.4534005037783375,27.15869017632242,24.546599496221663,2.9043572185877577,0.09950510229989133,7.816120906801007,3.522171056477114,0.07507450898939844
CDMS-10-5C-ICAPA-CorrEtiq.txt,40.0,24.743243243243242,37.95945945945946,3.3986486486486487,4.364864864864865,0.7905405405405406,0.9662162162162162,1.1689189189189189,24.18243243243243,21.466216216216218,3.135150332209625,0.11729881660575853,6.648648648648648,3.0933171455818793,0.0814369248633084
CDMS-10-5C-JFALGI-CorrEtiq.txt,40.0,26.097142857142856,39.0,2.537142857142857,3.2342857142857144,0.0,0.6971428571428572,1.44,26.097142857142856,23.97714285714286,3.0063612746622077,0.1104570622480405,6.828571428571428,3.113570552156586,0.12725621982503724
CDMS-10-5C-MAORTO-CorrEtiq.txt,40.0,25.12565445026178,39.0,3.764397905759162,4.93455497382199,0.8795811518324608,1.1701570680628273,1.3455497382198953,25.12565445026178,22.861256544502616,3.1339311084053483,0.11162761122820998,7.133507853403142,3.220868100359166,0.06396293023170085
CDMS-10-5C-NBEMO-CorrEtiq.txt,40.0,26.483333333333334,39.0,3.2,4.052777777777778,1.3583333333333334,0.9527777777777777,1.4222222222222223,26.483333333333334,23.705555555555556,2.9752077435109623,0.10119023887887114,7.758333333333334,3.53147367636827,0.07014285620214783
CDMS-10-6B-ASCACO-CorrEtiq.txt,40.0,26.685106382978724,39.0,2.7191489361702126,3.0170212765957447,0.0,0.2978723404255319,1.5148936170212766,26.685106382978724,25.02127659574468,2.930866410766248,0.1057251308501428,6.680851063829787,3.1142479321102563,0.07657968527836444
CDMS-10-6B-JJMOBE-CorrEtiq.txt,40.0,28.716723549488055,39.0,2.0750853242320817,2.9419795221843,0.0,0.8668941979522184,1.1092150170648465,28.716723549488055,26.068259385665527,2.743156164035172,0.0927483533266797,8.296928327645052,3.6985506931931877,0.052765497069188566
CDMS-11-4A-GACHSA-CorrEtiq.txt,40.0,26.357677902621724,39.0,4.082397003745318,4.674157303370786,0.5617977528089888,0.7303370786516854,1.2659176029962547,26.357677902621724,24.53558052434457,3.012918882368054,0.10459963999830177,7.7565543071161045,3.5863044132527233,0.0842500752046663
CDMS-11-5A-EAARCA-CorrEtiq.txt,40.0,26.989247311827956,39.0,2.989247311827957,3.4731182795698925,0.20967741935483872,0.4838709677419355,1.4086021505376345,26.989247311827956,24.887096774193548,2.9437155063957614,0.10470065995723661,7.591397849462366,3.465480452500568,0.09749774526890563
CDMS-11-5A-MGTHAR-CorrEtiq.txt,40.0,25.110671936758894,39.0,4.509881422924901,5.4189723320158105,0.7707509881422925,1.0355731225296443,1.2885375494071147,25.110671936758894,22.438735177865613,3.1540013714512516,0.11213637462682671,7.6521739130434785,3.3780002253963417,0.07617930395857286
CDMS-11-6A-DFVEBE-CorrEtiq.txt,40.0,28.40072202166065,38.72202166064982,1.4729241877256318,1.5415162454873645,1.6967509025270757,0.41155234657039713,0.9638989169675091,28.28880866425993,24.787003610108304,2.7458656485146484,0.09263365910073416,8.581227436823104,3.682743004044843,0.05458525524028214
CDMS-11-6A-NMREPR-CorrEtiq.txt,40.0,28.941368078175895,39.0,2.6612377850162865,2.9055374592833876,0.0,0.24429967426710097,0.46254071661237783,28.941368078175895,26.153094462540718,2.7279228661115065,0.09173151315126278,8.674267100977199,3.7975185292749067,0.04102809688264156
CDMS-11-6B-ARAHE-CorrEtiq.txt,40.0,27.378980891719745,38.50955414012739,2.968152866242038,3.0191082802547773,1.1178343949044587,0.2929936305732484,0.9713375796178344,27.245222929936304,24.678343949044585,2.839683220193136,0.09716533765509014,8.073248407643312,3.6247508533022224,0.04730760468849511
CDMS-11-6B-AVROTO-CorrEtiq.txt,40.0,29.86082474226804,39.0,2.170103092783505,2.365979381443299,0.0,0.1958762886597938,1.190721649484536,29.86082474226804,25.15463917525773,2.656123652847278,0.08860943793049446,10.716494845360824,4.4111009887683315,0.07678263310553314
CDMS-11-6B-EAFESA-CorrEtiq.txt,40.0,28.46234676007005,39.0,2.7302977232924692,3.5166374781085814,0.4098073555166375,0.7863397548161121,0.8966725043782837,28.46234676007005,25.796847635726795,2.7743328818958624,0.09244902364465281,8.761821366024519,3.8845328571334643,0.05791236916079115
CDMS-11-6B-EFRGR-CorrEtiq.txt,40.0,26.20281690140845,39.0,4.222535211267606,4.709859154929577,0.7690140845070422,0.48732394366197185,1.8647887323943662,26.20281690140845,23.75774647887324,3.009188075486347,0.10361864432598294,7.929577464788732,3.5522612697663276,0.09336823353704977
CDMS-11-6B-EROCO-CorrEtiq.txt,40.0,27.042105263157893,38.23684210526316,2.536842105263158,3.1315789473684212,0.20526315789473684,0.5947368421052631,1.3421052631578947,26.842105263157894,24.268421052631577,2.851616150901622,0.10091728609495362,7.552631578947368,3.430515795401198,0.0475357539547206
CDMS-11-6B-JACUPE-CorrEtiq.txt,40.0,24.73406193078324,37.954462659380695,2.92896174863388,4.315118397085611,1.5573770491803278,1.5828779599271403,1.48816029143898,24.387978142076502,21.420765027322403,3.105748327690602,0.11174948039574427,7.122040072859745,3.3000710041966097,0.09866391706709506
CDMS-11-6B-JDCHBA-CorrEtiq.txt,40.0,26.35008976660682,39.0,3.4452423698384202,4.833034111310592,1.1543985637342908,1.637342908438061,1.303411131059246,26.35008976660682,23.5278276481149,3.0062638358236873,0.1019981506225638,8.02692998204668,3.6219037163607974,0.07710019643290365
CDMS-11-6B-JFSAHE-CorrEtiq.txt,40.0,30.121813031161473,38.78186968838527,1.5269121813031161,2.2917847025495752,0.0,0.7648725212464589,0.8130311614730878,30.0,26.977337110481585,2.5832374985935345,0.08385665129911918,8.796033994334278,3.8832091968146583,0.02614178239041914
CDMS-11-6B-JLPENA-CorrEtiq.txt,40.0,27.42904290429043,37.22112211221122,2.1056105610561056,2.933993399339934,0.38613861386138615,0.8283828382838284,1.6204620462046204,26.72937293729373,22.21122112211221,2.7316292007702456,0.09507594763833235,8.610561056105611,3.7057196418131784,0.07477228183536416
CDMS-11-6B-JMARME-CorrEtiq.txt,40.0,28.0,38.66998577524893,2.4395448079658606,3.408250355618777,0.16642958748221906,0.968705547652916,1.2304409672830725,27.88193456614509,25.03840682788051,2.789880460425091,0.0950657988025269,8.375533428165006,3.710601277517369,0.07092269788020125
CDMS-11-6B-JPSAMA-CorrEtiq.txt,40.0,29.905454545454546,38.72,1.9781818181818183,2.672727272727273,0.28363636363636363,0.6945454545454546,0.6181818181818182,29.825454545454544,25.618181818181817,2.606124700953352,0.08385374766373645,9.825454545454546,4.1365396408651405,0.04188453450712513
CDMS-11-6B-LESTA-CorrEtiq.txt,40.0,27.0,39.0,2.6795366795366795,3.2741312741312742,0.30115830115830117,0.5945945945945946,1.471042471042471,27.0,24.7992277992278,2.914401226336434,0.10276285070889497,7.899613899613899,3.492581057463052,0.057971903646223226
CDMS-11-6B-MAGIMU-CorrEtiq.txt,40.0,25.913194444444443,39.0,3.201388888888889,4.225694444444445,0.13541666666666666,1.0243055555555556,2.0381944444444446,25.913194444444443,24.20138888888889,3.0350633742835678,0.10943876395343538,6.986111111111111,3.202401223244328,0.09508571972016168
CDMS-11-6B-MEBRTA-CorrEtiq.txt,40.0,26.513513513513512,39.0,2.560810810810811,4.391891891891892,0.9797297297297297,2.054054054054054,0.9391891891891891,26.513513513513512,24.58108108108108,2.980195251162147,0.10174581260448981,7.797297297297297,3.500894416350498,0.054785519301494175
CDMS-11-6B-MMAMO-CorrEtiq.txt,40.0,29.401146131805156,39.0,1.5530085959885387,1.997134670487106,0.5501432664756447,0.5530085959885387,0.7478510028653295,29.401146131805156,26.43839541547278,2.665670845248974,0.08819862152734001,8.538681948424069,3.788037803021643,0.04496705696198189
CDMS-11-6B-RSECA-CorrEtiq.txt,40.0,27.295681063122924,39.0,2.372093023255814,3.39202657807309,0.18604651162790697,1.0199335548172757,1.0996677740863787,27.295681063122924,25.32890365448505,2.889046837378,0.10136732897643762,7.262458471760797,3.3588721375743105,0.07335036156162276
CDMS-11-6B-SCAPA-CorrEtiq.txt,40.0,29.564935064935064,39.0,1.9025974025974026,1.9090909090909092,0.0,0.006493506493506494,0.922077922077922,29.564935064935064,26.272727272727273,2.6579014815323165,0.08932282773805092,9.012987012987013,3.8595852449415347,0.022062848284896318
CDMS-11-6B-VZAPE-CorrEtiq.txt,40.0,26.86725663716814,39.0,3.349557522123894,4.424778761061947,0.6902654867256637,1.075221238938053,0.8230088495575221,26.86725663716814,24.858407079646017,2.9281080570060403,0.09945868776968915,7.938053097345133,3.585796362092704,0.05040045855290636
CDMS-11-6B-YLNIME-CorrEtiq.txt,40.0,28.854237288135593,39.0,2.0338983050847457,2.5864406779661016,0.0,0.5525423728813559,0.6067796610169491,28.854237288135593,26.203389830508474,2.7219035302709167,0.09212039105192352,8.647457627118644,3.7605568545083816,0.030279991910406662
CDMS-11-7C-ICARE-CorrEtiq.txt,40.0,27.34251968503937,39.0,3.3031496062992125,4.015748031496063,0.23228346456692914,0.7125984251968503,1.610236220472441,27.34251968503937,23.940944881889763,2.88094917437394,0.09884713588941135,8.633858267716535,3.7592613440450413,0.09009442399490335
CDMS-11-7C-IMOIB-CorrEtiq.txt,40.0,30.0230179028133,39.0,1.2455242966751918,2.132992327365729,0.49872122762148335,0.887468030690537,0.7084398976982097,30.0230179028133,26.347826086956523,2.613048106930807,0.0846309660794559,9.209718670076727,4.032076566187986,0.0351967519789722
CDMS-11-7C-SALMA-CorrEtiq.txt,40.0,28.192419825072886,39.0,3.3381924198250728,3.9008746355685133,0.0,0.5626822157434402,0.9912536443148688,28.192419825072886,25.472303206997086,2.7817848028006438,0.09258831396101883,8.443148688046648,3.766745520251755,0.05644766652987717
CDMS-11-7C-SPGAVE-CorrEtiq.txt,40.0,28.102678571428573,38.3125,2.5535714285714284,3.1964285714285716,1.5133928571428572,1.0044642857142858,1.1517857142857142,27.745535714285715,22.513392857142858,2.749462954860469,0.08964018880219227,9.888392857142858,4.174538655364265,0.061990940292394096
CDMS-12-5A-SRIGO-CorrEtiq.txt,40.0,29.338461538461537,39.0,2.032967032967033,2.4615384615384617,0.42857142857142855,0.512087912087912,0.545054945054945,29.338461538461537,26.27032967032967,2.6719547724599977,0.08789570452699844,8.80879120879121,3.843246369209865,0.032103027337807066
CDMS-12-6A-FAROPA-CorrEtiq.txt,40.0,29.86377708978328,39.0,1.3157894736842106,1.7275541795665634,0.48297213622291024,0.4117647058823529,0.4674922600619195,29.86377708978328,27.470588235294116,2.6242153566793336,0.08630274154586211,8.21671826625387,3.743918334008231,0.025456206549444773
CDMS-12-6A-JGIGA-CorrEtiq.txt,40.0,26.34453781512605,39.0,2.4201680672268906,3.76890756302521,0.39915966386554624,1.3487394957983194,0.8319327731092437,26.34453781512605,24.483193277310924,2.9823940109714,0.10610465873866566,6.907563025210084,3.1895368525230245,0.03782872089372048
CDMS-12-6A-JSOTGU-CorrEtiq.txt,40.0,26.51588785046729,39.0,3.1177570093457945,3.532710280373832,0.4373831775700935,0.41495327102803736,1.4598130841121495,26.51588785046729,24.05607476635514,2.968423035826456,0.10573032838573006,7.611214953271028,3.4205815826288135,0.08334569089783568
CDMS-12-6A-SROAL-CorrEtiq.txt,40.0,29.354166666666668,39.0,1.9244791666666667,2.4296875,0.3046875,0.5052083333333334,0.8880208333333334,29.354166666666668,26.307291666666668,2.690038565495341,0.08952301460633343,8.471354166666666,3.81368851030485,0.052800779705874996
CDMS-12-6B-IJDAGA-CorrEtiq.txt,40.0,26.724137931034484,39.0,2.5965517241379312,3.4,2.027586206896552,1.0172413793103448,1.396551724137931,26.724137931034484,23.810344827586206,2.9429057724188787,0.09964123261602113,8.572413793103449,3.741616752345382,0.0712248002746895
CDMS-12-6B-SCLAG-CorrEtiq.txt,40.0,27.32126696832579,39.0,2.6357466063348416,3.423076923076923,0.8823529411764706,0.9592760180995475,1.2692307692307692,27.32126696832579,24.39366515837104,2.874091422433542,0.09782374085294084,8.133484162895927,3.6106924360422004,0.06613362169720093
CDMS-12-7C-ARAHE-CorrEtiq.txt,40.0,27.046153846153846,39.0,2.348717948717949,3.6564102564102563,0.0,1.3076923076923077,1.7846153846153847,27.046153846153846,24.94871794871795,2.9013648532545373,0.10170626147437556,7.420512820512821,3.3156951372737424,0.09165230331039133
CDMS-12-7C-CATRAR-CorrEtiq.txt,40.0,28.737945492662472,38.515723270440255,2.3354297693920336,3.0335429769392035,0.0,0.6981132075471698,1.1656184486373165,28.566037735849058,25.832285115303982,2.70048952158196,0.09045491813586296,8.427672955974844,3.767519746186437,0.048251508057018
CDMS-12-7C-DLOLO-CorrEtiq.txt,40.0,27.2972972972973,39.0,2.8262548262548264,2.972972972972973,0.23938223938223938,0.14671814671814673,1.4247104247104247,27.2972972972973,24.861003861003862,2.87476417126413,0.10128719606552118,7.787644787644788,3.4817808544600046,0.09869115127018434
CDMS-12-7C-JSZAOR-CorrEtiq.txt,40.0,30.513698630136986,39.0,0.7945205479452054,1.6506849315068493,0.2671232876712329,0.8561643835616438,0.6917808219178082,30.513698630136986,27.602739726027398,2.564149727144681,0.0829657417026071,8.45890410958904,3.856964757299856,0.035346708068176975
CDMS-12-7C-MAROBE-CorrEtiq.txt,40.0,30.17295597484277,39.0,1.610062893081761,2.5534591194968552,0.0,0.9433962264150944,0.9528301886792453,30.17295597484277,26.433962264150942,2.6114289993370114,0.08478195603026391,9.336477987421384,4.065264124738477,0.06143476267562854
CDMS-12-7C-VMAPA-CorrEtiq.txt,40.0,27.93103448275862,39.0,2.5086206896551726,3.4310344827586206,0.0,0.9224137931034483,1.0603448275862069,27.93103448275862,25.413793103448278,2.8034135427949196,0.09546217151045125,7.525862068965517,3.392989797508628,0.059699470922117887
CDMS-12-7C-VQURA-CorrEtiq.txt,40.0,28.832706766917294,38.43984962406015,2.5018796992481205,3.2518796992481205,0.07330827067669173,0.75,1.3289473684210527,28.515037593984964,23.415413533834588,2.689719792632931,0.08930633135981461,9.364661654135338,4.011468758145114,0.06924695278323112
CDMS-13-6B-ASUMO-CorrEtiq.txt,40.0,28.674285714285713,36.82857142857143,1.3657142857142857,2.302857142857143,0.44571428571428573,0.9371428571428572,2.057142857142857,27.382857142857144,21.81714285714286,2.5809483963335893,0.08695686699099507,8.914285714285715,3.801813819702758,0.08032903818407577
CDMS-13-6B-JDTAHE-CorrEtiq.txt,40.0,28.486792452830187,37.83773584905661,2.1622641509433964,2.7471698113207546,0.5886792452830188,0.5849056603773585,1.4188679245283018,27.984905660377358,23.358490566037737,2.6675824621502735,0.08889865391880072,8.837735849056603,3.862617312388599,0.08212284861652511
CDMS-13-7C-MVEAR-CorrEtiq.txt,40.0,26.45330739299611,38.70038910505836,2.4260700389105057,2.6478599221789882,1.566147859922179,0.4494163424124514,1.198443579766537,26.363813229571985,24.379377431906615,2.9570730443241677,0.10518115688703507,7.328793774319066,3.3623103827781717,0.07176764595262713
CDMS-13-7C-RAIZAC-CorrEtiq.txt,40.0,28.86725663716814,39.0,2.0442477876106193,3.6106194690265485,0.34513274336283184,1.5663716814159292,0.48672566371681414,28.86725663716814,26.75221238938053,2.720253182259478,0.08816151188637976,8.300884955752212,3.7913258632275446,0.032836141096096526
CDMS-13-7C-SSOSLO-CorrEtiq.txt,40.0,27.010118043844855,38.74030354131535,2.736930860033727,3.4283305227655987,0.8532883642495784,0.6913996627318718,1.9376053962900506,26.740303541315345,24.18549747048904,2.909134246366718,0.10093661281883957,7.834738617200674,3.5141307782440188,0.1015113739784108
CDMS-14-10A-IMORTO-CorrEtiq.txt,40.0,27.906810035842295,39.0,2.7455197132616487,3.813620071684588,0.13261648745519714,1.0681003584229392,0.953405017921147,27.906810035842295,25.7921146953405,2.8125347921445045,0.0946495007789937,8.197132616487455,3.7034549512729766,0.05656640409188017
CDMS-14-10A-JCVANI-CorrEtiq.txt,40.0,30.04,39.0,1.3435294117647059,2.268235294117647,0.2752941176470588,0.9247058823529412,0.4211764705882353,30.04,26.225882352941177,2.6260919108517164,0.08552684782467619,9.609411764705882,4.138050557665848,0.030544288183280466
CDMS-14-5A-LSDUCO-CorrEtiq.txt,40.0,26.129518072289155,39.0,3.4186746987951806,4.647590361445783,0.35240963855421686,1.2289156626506024,1.5150602409638554,26.129518072289155,24.03614457831325,3.005965309905738,0.10497835449732804,7.36144578313253,3.389008904221041,0.0901269885741722
CDMS-14-6B-KDCAHE-CorrEtiq.txt,40.0,28.09576837416481,38.82850779510022,2.732739420935412,3.8062360801781736,0.8819599109131403,1.242761692650334,1.2316258351893097,27.88195991091314,23.779510022271715,2.791704290028161,0.09144407565279362,8.919821826280623,3.9470145439010427,0.06947394851938445
CDMS-15-10A-AMALOS-CorrEtiq.txt,40.0,28.555371900826447,39.0,1.9966942148760332,3.112396694214876,0.9669421487603306,1.1504132231404958,0.7041322314049587,28.555371900826447,25.436363636363637,2.754761893696949,0.09039616700200184,8.414876033057851,3.796495415882171,0.03385233544784467
CDMS-15-10A-JJMACH-CorrEtiq.txt,40.0,30.31303288672351,38.812423873325216,1.4628501827040195,1.8660170523751523,0.3325213154689403,0.43727161997563946,0.7369062119366626,30.260657734470158,26.77588306942753,2.580760347604002,0.08383558296362473,9.323995127892813,4.074201737750115,0.041821505340691505
CDMS-15-10A-MAALCA-CorrEtiq.txt,40.0,29.435530085959886,39.0,1.3925501432664757,2.160458452722063,0.335243553008596,0.7679083094555874,1.0659025787965617,29.435530085959886,26.865329512893982,2.6659933052022793,0.08856979751213534,8.510028653295128,3.8497676721512826,0.0610028817435168
CDMS-15-10A-MAALRI-CorrEtiq.txt,40.0,29.717703349282296,39.0,1.8349282296650717,2.9138755980861246,0.2799043062200957,1.0789473684210527,0.9114832535885168,29.717703349282296,26.485645933014354,2.643476013904519,0.0855072572947594,9.39952153110048,4.097240032491861,0.04281215921519601
CDMS-15-10A-SGOMO-CorrEtiq.txt,40.0,30.400611620795107,39.0,1.8409785932721712,2.079510703363914,0.19877675840978593,0.23853211009174313,0.981651376146789,30.400611620795107,26.34250764525994,2.5755203122892953,0.0829468580658661,9.571865443425077,4.123180754154941,0.059300714329657375
CDMS-15-10A-SHEGA-CorrEtiq.txt,40.0,29.216710182767624,39.0,1.1801566579634464,1.9060052219321149,0.10182767624020887,0.7258485639686684,1.9817232375979112,29.216710182767624,26.12793733681462,2.688552586249026,0.09162820114517657,8.610966057441253,3.797268282781543,0.09766553667226437
CDMS-15-11B-JEMOLO-CorrEtiq.txt,40.0,29.598207617625093,39.0,2.378640776699029,3.011949215832711,0.48020911127707244,0.6885735623599701,0.7565347274085138,29.598207617625093,25.97834204630321,2.6588033233418065,0.08537450832230678,9.466019417475728,4.134339229796721,0.04180204800114098
CDMS-15-11B-VSAHO-CorrEtiq.txt,40.0,28.496031746031747,39.0,2.876984126984127,3.265873015873016,0.4642857142857143,0.5396825396825397,0.75,28.496031746031747,25.66269841269841,2.763833816163373,0.09179753087942644,8.488095238095237,3.8088784574128325,0.04310544852351401
CDMS-16-10A-SGALO-CorrEtiq.txt,40.0,29.641160949868073,39.0,1.8100263852242744,2.480211081794195,0.17941952506596306,0.6701846965699209,1.087071240105541,29.641160949868073,26.329815303430077,2.6475527981058873,0.08681448168538348,9.646437994722955,4.195021253537373,0.06150789793854474
CDMS-16-11B-NGABE-CorrEtiq.txt,40.0,30.298672566371682,38.65929203539823,1.5243362831858407,2.1969026548672566,0.17256637168141592,0.672566371681416,0.6371681415929203,30.172566371681416,26.13274336283186,2.566834393866769,0.08309763922607383,9.504424778761061,4.104299613746361,0.0327396325457872
CDMS-17-10A-ASSAMO-CorrEtiq.txt,40.0,31.185053380782918,39.0,1.206405693950178,1.508896797153025,0.0,0.302491103202847,0.9395017793594306,31.185053380782918,27.99288256227758,2.510542115433302,0.08048430555424056,9.622775800711743,4.178435339736164,0.048719435818148804
CDMS-18-7C-VVECA-CorrEtiq.txt,40.0,27.52710843373494,38.825301204819276,2.5783132530120483,3.430722891566265,0.11746987951807229,0.8524096385542169,1.2560240963855422,27.43975903614458,24.91867469879518,2.841012518381278,0.09807059292659781,7.840361445783133,3.4915968707407377,0.08021368893561447
CDMS-8-4A-DBEVA-CorrEtiq.txt,40.0,25.100358422939067,39.0,3.086021505376344,3.881720430107527,0.8494623655913979,0.931899641577061,2.050179211469534,25.100358422939067,23.387096774193548,3.1394839006860704,0.11576864537666627,6.634408602150538,3.0870184438260897,0.08033269670529795
CDMS-8-4A-DJAVDA-CorrEtiq.txt,40.0,24.09442060085837,38.712446351931334,3.369098712446352,4.725321888412017,2.257510729613734,1.6051502145922747,1.7210300429184548,24.09442060085837,21.733905579399142,3.2560947329382297,0.1175883473603606,6.969957081545064,3.155858826140017,0.09357968657285004
CDMS-8-4A-DOSTR-CorrEtiq.txt,40.0,25.84413309982487,39.0,3.4273204903677756,4.225919439579685,0.9597197898423818,1.064798598949212,1.775831873905429,25.84413309982487,23.590192644483363,3.054581990513371,0.10802020954420019,7.366024518388792,3.3444356381295544,0.08587145554653135
CDMS-8-4A-LGOPA-CorrEtiq.txt,40.0,25.66765578635015,38.810089020771514,3.6528189910979227,5.068249258160237,0.6231454005934718,1.4925816023738872,2.249258160237389,25.462908011869438,22.483679525222552,3.051688596317276,0.10665156774607905,7.982195845697329,3.5382574982523796,0.12455064640263028
CDMS-8-4C-JDBUTU-CorrEtiq.txt,40.0,25.085808580858085,38.914191419141915,3.5313531353135312,4.65016501650165,1.834983498349835,1.4884488448844884,1.33003300330033,25.085808580858085,22.78877887788779,3.133723875064739,0.10959557753120325,7.066006600660066,3.2833076525439258,0.0733409177259014
CDMS-9-4A-ACDUTR-CorrEtiq.txt,40.0,27.152482269503547,39.0,2.347517730496454,2.900709219858156,0.8297872340425532,0.5531914893617021,1.4078014184397163,27.152482269503547,24.904255319148938,2.898948357441256,0.10133350310582824,7.429078014184397,3.3786512960639685,0.0835271258827966
CDMS-9-4A-CARGA-CorrEtiq.txt,40.0,27.43801652892562,39.0,2.7107438016528924,2.8898071625344355,0.5867768595041323,0.42424242424242425,1.3856749311294765,27.43801652892562,25.05509641873278,2.8713281639006216,0.10019813474595915,7.7190082644628095,3.470994666522416,0.08994436342747758
CDMS-9-4A-CRAAG-CorrEtiq.txt,40.0,25.503649635036496,38.43795620437956,3.7992700729927007,4.427007299270073,0.8540145985401459,0.6277372262773723,2.375912408759124,25.23722627737226,23.065693430656935,3.083962203437106,0.11045927357158287,7.251824817518248,3.3090880347987706,0.11539939741954121
CDMS-9-4A-EROHI-CorrEtiq.txt,40.0,28.195876288659793,39.0,2.443298969072165,2.8247422680412373,0.979381443298969,0.38144329896907214,1.0756013745704467,28.195876288659793,25.74914089347079,2.783856540614944,0.0930056963575472,8.70103092783505,3.8204406334381242,0.06423886708882447
CDMS-9-4A-ILOSE-CorrEtiq.txt,40.0,26.328621908127207,39.0,3.5830388692579507,3.989399293286219,0.0,0.40636042402826855,1.685512367491166,26.328621908127207,24.47703180212014,3.0068157491586196,0.10898180462268989,7.293286219081272,3.3475873342748708,0.0742132751003228
CDMS-9-4A-TGAFR-CorrEtiq.txt,40.0,25.864197530864196,39.0,3.9135802469135803,5.090534979423868,0.2222222222222222,1.176954732510288,1.7119341563786008,25.864197530864196,24.041152263374485,3.0384324383872623,0.10628209887519151,6.802469135802469,3.192758469821755,0.08239205144522734
CDMS-9-4C-SCAMO-CorrEtiq.txt,40.0,31.52820512820513,38.21025641025641,1.123076923076923,1.317948717948718,0.2,0.19487179487179487,0.5897435897435898,31.046153846153846,26.02051282051282,2.4324456224439865,0.07703589642479762,10.523076923076923,4.48437422503527,0.030830807130049518
CDMS-9-5A-ABERO-CorrEtiq.txt,40.0,27.450331125827816,38.83002207505519,3.2295805739514347,4.119205298013245,0.8344370860927153,0.9735099337748344,0.5408388520971302,27.31788079470199,23.90507726269316,2.8709042674858303,0.09615222347405027,8.543046357615895,3.759448447361521,0.03309345635243787
CDMS-9-5A-PAGACO-CorrEtiq.txt,40.0,27.55350553505535,39.0,2.2804428044280445,3.265682656826568,0.5756457564575646,0.985239852398524,0.996309963099631,27.55350553505535,25.33210332103321,2.860746700886283,0.09835072830786575,8.210332103321033,3.690869074939639,0.06215535765478722
CDMS-9-5A-VVAAR-CorrEtiq.txt,40.0,25.762820512820515,39.0,3.0961538461538463,4.5576923076923075,0.5,1.4615384615384615,1.4487179487179487,25.762820512820515,23.923076923076923,3.07531197124199,0.1098267233669272,7.160256410256411,3.2380455586628525,0.08818595592831506
CDMS-9-5C-JDMADE-CorrEtiq.txt,40.0,26.98876404494382,39.0,3.3820224719101124,4.157303370786517,2.1179775280898876,1.3089887640449438,0.7415730337078652,26.98876404494382,22.207865168539325,2.9256312657089643,0.09583101298080297,9.730337078651685,4.199242560498621,0.05303192286833345
CDMS-9-5C-LVIZAC-CorrEtiq.txt,40.0,28.48923076923077,39.0,2.5476923076923077,3.1969230769230768,0.48,0.6492307692307693,1.676923076923077,28.48923076923077,24.84,2.7584422529226083,0.09168081844689148,9.252307692307692,3.9260742518895753,0.07053204974028941
CDMS-9-5C-MLOGO-CorrEtiq.txt,40.0,26.60062893081761,39.0,2.908805031446541,3.408805031446541,0.8427672955974843,0.5,2.7327044025157234,26.60062893081761,23.89308176100629,2.962123462965645,0.10443766024884595,8.116352201257861,3.5302721309044984,0.1370528735057066
CDMS-9-5C-SCAAG-CorrEtiq.txt,40.0,28.227642276422763,38.3739837398374,2.3495934959349594,2.9959349593495936,0.4715447154471545,0.6463414634146342,1.3943089430894309,27.739837398373982,25.121951219512194,2.7512124854651496,0.09333615192125591,8.467479674796747,3.741280928920796,0.0743321678145307
CDMS-XX-10A-VGILO-CorrEtiq.txt,40.0,28.674698795180724,38.536144578313255,1.9066265060240963,2.036144578313253,1.2921686746987953,0.2289156626506024,0.713855421686747,28.298192771084338,24.64457831325301,2.7089763215475258,0.0902665750222923,8.463855421686747,3.7975179901891867,0.04386936015463599
CDMS-XX-5C-MJSARU-CorrEtiq.txt,40.0,29.247311827956988,39.0,1.2114695340501793,2.4838709677419355,0.27956989247311825,1.2724014336917562,0.996415770609319,29.247311827956988,26.412186379928315,2.6849858470335874,0.08904969023928784,8.491039426523297,3.7936365512908012,0.05970082495692867
CDMS-XX-5C-MPCAQU-CorrEtiq.txt,40.0,26.961206896551722,39.0,2.7974137931034484,3.3663793103448274,0.0,0.5689655172413793,1.7112068965517242,26.961206896551722,24.68103448275862,2.9398794640412316,0.1052046869629737,7.456896551724138,3.4069952392277405,0.09014252540501742
CDMS-XX-6A-MAGICA-CorrEtiq.txt,40.0,29.626358695652176,38.79211956521739,1.5366847826086956,2.0597826086956523,0.10597826086956522,0.5230978260869565,0.7092391304347826,29.601902173913043,26.081521739130434,2.6311257688771414,0.08751571355055339,9.054347826086957,3.958303770082749,0.04655959957716434
CDMS-XX-6B-SPUCA-CorrEtiq.txt,40.0,29.02910602910603,39.0,2.0748440748440746,3.3534303534303533,0.08108108108108109,1.2785862785862785,1.0561330561330562,29.02910602910603,26.010395010395012,2.713573923120578,0.08913751285285869,8.812889812889813,3.86359942536551,0.06428086964483135
CSO-10-4A-ICAPA-CorrEtiq.txt,40.0,26.60091743119266,38.82339449541284,2.9403669724770642,3.9518348623853212,0.17889908256880735,1.011467889908257,1.4197247706422018,26.60091743119266,24.09862385321101,2.9400815235361217,0.10355383469658937,7.5963302752293576,3.380292368294034,0.10329929988701338
CSO-10-4A-KCOMO-CorrEtiq.txt,40.0,25.876857749469213,39.0,3.40552016985138,4.8152866242038215,0.5711252653927813,1.4097664543524415,1.10828025477707,25.876857749469213,23.371549893842886,3.0725288767764445,0.10831198419406603,7.522292993630574,3.3547684929584505,0.08137129062270675
CSO-10-4A-LRAVI-CorrEtiq.txt,40.0,24.467105263157894,38.51315789473684,3.7828947368421053,5.440789473684211,0.0,1.6578947368421053,2.2828947368421053,24.18421052631579,22.18421052631579,3.1750337362026584,0.11708792004726794,6.519736842105263,2.9707151315002394,0.13699312004703373
CSO-10-4A-LSCAVA-CorrEtiq.txt,40.0,29.271375464684017,39.0,2.7434944237918217,4.156133828996283,0.1449814126394052,1.412639405204461,0.8810408921933085,29.271375464684017,24.237918215613384,2.683308230595147,0.08509113442403363,10.223048327137546,4.3395194710937215,0.061352615964573254
CSO-10-5A-ACAVA-CorrEtiq.txt,40.0,29.72830188679245,39.0,1.6754716981132076,2.086792452830189,1.181132075471698,0.4981132075471698,0.8679245283018868,29.72830188679245,25.969811320754715,2.647267909679086,0.08541784541492381,9.856603773584906,4.266900746643068,0.05170955785355984
CSO-10-5A-ARACA-CorrEtiq.txt,40.0,27.73076923076923,36.33216783216783,2.888111888111888,2.986013986013986,1.048951048951049,0.23076923076923078,0.3706293706293706,26.653846153846153,20.79020979020979,2.6341246739057875,0.08797980736110193,9.318181818181818,3.978928757820133,0.035550673627991566
CSO-10-5A-DABRZA-CorrEtiq.txt,40.0,25.847272727272728,38.86,3.938181818181818,5.052727272727273,0.5672727272727273,1.1145454545454545,1.6,25.556363636363635,22.274545454545454,3.0819865651560847,0.10910905139134632,8.321818181818182,3.6110784997040604,0.08638796534399716
CSO-10-5A-GZAMA-CorrEtiq.txt,40.0,28.58147512864494,38.866209262435675,2.236706689536878,2.9159519725557463,0.13379073756432247,0.6792452830188679,1.3584905660377358,28.578044596912523,26.11492281303602,2.7539512705621014,0.09352295617496562,8.30188679245283,3.7374101313561545,0.0857724142968424
CSO-10-5A-IPECA-CorrEtiq.txt,40.0,28.726190476190474,39.0,2.0634920634920637,2.5952380952380953,0.15476190476190477,0.5317460317460317,1.6666666666666667,28.726190476190474,25.58730158730159,2.7381924230485093,0.09275793623351657,8.428571428571429,3.717999335135456,0.06814492896677045
CSO-10-5A-JANORO-CorrEtiq.txt,40.0,28.725352112676056,38.45774647887324,2.073943661971831,3.186619718309859,0.2147887323943662,1.1126760563380282,1.193661971830986,28.496478873239436,25.154929577464788,2.6919935174100686,0.08894938377825028,8.214788732394366,3.7012526923463995,0.0669759539012432
CSO-10-5A-JBUVE-CorrEtiq.txt,40.0,29.527131782945737,39.0,2.391472868217054,3.0426356589147288,0.6046511627906976,0.6511627906976745,1.0852713178294573,29.527131782945737,25.290697674418606,2.657339178357537,0.08494517467392976,9.2015503875969,4.100378911857068,0.05200839239161986
CSO-10-5A-JJSEMO-CorrEtiq.txt,40.0,26.180616740088105,38.66079295154185,3.251101321585903,3.9295154185022025,0.17180616740088106,0.6784140969162996,0.8898678414096917,26.180616740088105,24.09691629955947,2.975784667829778,0.10686233398049864,7.079295154185022,3.2693451635872006,0.061531543598803785
CSO-10-5A-JLCARI-CorrEtiq.txt,40.0,28.748571428571427,38.26857142857143,1.9085714285714286,2.44,0.4,0.5314285714285715,0.6971428571428572,28.502857142857142,23.502857142857142,2.682777908533174,0.0902391888768394,9.194285714285714,3.978076553124382,0.04328199357760529
CSO-10-5A-MAARAN-CorrEtiq.txt,40.0,26.453634085213032,39.0,3.225563909774436,3.719298245614035,0.19548872180451127,0.49373433583959897,2.0852130325814535,26.453634085213032,24.516290726817044,2.9753172410501008,0.10628233195610275,7.105263157894737,3.259317683331583,0.1157599552911452
CSO-10-5A-MAOSMO-CorrEtiq.txt,40.0,30.46335697399527,39.0,1.8156028368794326,2.3286052009456264,0.09219858156028368,0.5130023640661938,0.46099290780141844,30.46335697399527,26.7919621749409,2.576998744140162,0.08285092605173126,9.803782505910165,4.225090406019269,0.03148764653567294
CSO-10-5A-RVMOIB-CorrEtiq.txt,40.0,29.496519721577727,39.0,1.665893271461717,2.1183294663573085,0.3109048723897912,0.45243619489559167,1.0719257540603249,29.496519721577727,25.962877030162414,2.6645656558228126,0.08853608478698777,8.802784222737818,3.852370810207389,0.04652361585513728
CSO-10-5A-SVHEES-CorrEtiq.txt,40.0,27.129411764705882,39.0,2.228235294117647,2.9435294117647057,1.08,0.7152941176470589,1.1294117647058823,27.129411764705882,24.736470588235296,2.907405882797833,0.10122822664002708,7.731764705882353,3.4567180010517604,0.07049978619446763
CSO-11-5A-MDVOSPE-CorrEtiq.txt,40.0,28.408045977011493,38.77873563218391,2.4482758620689653,2.9367816091954024,0.23850574712643677,0.4885057471264368,1.160919540229885,28.405172413793103,25.439655172413794,2.7526374208981514,0.09329130330328808,8.330459770114942,3.702801428121275,0.06517080794656797
CSO-11-5A-MTAGA-CorrEtiq.txt,40.0,30.80441640378549,39.0,1.8801261829652998,2.5078864353312302,0.6529968454258676,0.6277602523659306,0.5867507886435331,30.80441640378549,26.347003154574132,2.555339696850806,0.07967327320419704,10.782334384858045,4.557139593522922,0.026072121287294758
CSO-11-6A-CAPAMU-CorrEtiq.txt,40.0,29.88976377952756,37.58530183727034,1.6981627296587927,1.900262467191601,0.5564304461942258,0.2020997375328084,1.1181102362204725,28.606299212598426,21.95538057742782,2.5383271915788947,0.08322972128598669,9.986876640419947,4.230282898664383,0.046275272129636544
CSO-11-6A-DSCACH-CorrEtiq.txt,40.0,30.28048780487805,39.0,1.7520325203252032,1.910569105691057,0.15853658536585366,0.15853658536585366,0.508130081300813,30.28048780487805,26.61382113821138,2.5957986674987152,0.08480386595028261,8.890243902439025,3.8782027484402235,0.021486817202359877
CSO-11-6A-EROMO-CorrEtiq.txt,40.0,27.413265306122447,39.0,2.7653061224489797,5.025510204081633,0.0,2.260204081632653,0.5816326530612245,27.413265306122447,24.642857142857142,2.865375912561901,0.09503852995075224,7.821428571428571,3.5732289988737653,0.04327847902706846
CSO-11-6A-FSOVRE-CorrEtiq.txt,40.0,26.39650872817955,38.61596009975062,3.0049875311720697,4.029925187032419,0.4164588528678304,1.0249376558603491,1.4413965087281795,26.17705735660848,23.820448877805486,2.95190398733667,0.10398904396853353,7.304239401496259,3.3700306638247133,0.07623569537430033
CSO-11-6B-ANREVA-CorrEtiq.txt,40.0,27.982905982905983,39.0,2.467236467236467,3.113960113960114,0.2222222222222222,0.6467236467236467,1.4586894586894588,27.982905982905983,25.54985754985755,2.8106765607838056,0.09620744063174935,7.532763532763533,3.462660017661028,0.07211147903304223
CSO-11-6B-DISEMO-CorrEtiq.txt,40.0,30.26,37.54,1.855,2.87,0.0,1.015,0.82,29.425,20.955,2.502099887671551,0.07948803181546099,10.755,4.4121222867790015,0.033614128073818486
CSO-11-6B-LHFDLACH-CorrEtiq.txt,40.0,28.674479166666668,38.598958333333336,3.6041666666666665,4.723958333333333,0.4661458333333333,1.1197916666666667,1.0260416666666667,28.380208333333332,23.5078125,2.7343760233749737,0.08657685422448914,9.9921875,4.28487893716062,0.0526618638679859
CSO-11-6B-RJGIHE-CorrEtiq.txt,40.0,27.731927710843372,39.0,2.036144578313253,2.602409638554217,0.7379518072289156,0.713855421686747,2.069277108433735,27.731927710843372,25.075301204819276,2.82725558719476,0.09731138956998069,7.960843373493976,3.514149098342192,0.10423976031496586
CSO-11-6B-SFLVA-CorrEtiq.txt,40.0,26.2,39.0,2.854237288135593,4.040677966101695,1.4779661016949153,1.2949152542372881,1.9966101694915255,26.2,23.46779661016949,3.0237749479238736,0.10476609045203615,8.07457627118644,3.62905862339582,0.09824382801859315
CSO-11-6B-VCOMA-CorrEtiq.txt,40.0,29.14181818181818,39.0,2.0945454545454547,2.949090909090909,0.2545454545454545,0.9090909090909091,1.069090909090909,29.14181818181818,25.49818181818182,2.7080289097624144,0.08951022044271961,9.163636363636364,3.9250806691037856,0.055349032483996315
CSO-12-6A-DGISE-CorrEtiq.txt,40.0,27.898373983739837,39.0,2.747967479674797,3.3983739837398375,1.8780487804878048,1.065040650406504,1.0447154471544715,27.898373983739837,23.556910569105693,2.8153589999299133,0.09124066300817471,9.378048780487806,4.057865012125157,0.07380911336142795
CSO-12-6A-FJOVRE-CorrEtiq.txt,40.0,27.371335504885995,38.498371335504885,2.0912052117263844,3.003257328990228,0.7328990228013029,0.9381107491856677,1.3583061889250814,27.201954397394136,24.237785016286644,2.837009010973765,0.0985798410848027,7.687296416938111,3.462782681907742,0.06768784975751872
CSO-12-6B-GQULO-CorrEtiq.txt,40.0,27.510344827586206,39.0,1.9517241379310344,2.996551724137931,1.0482758620689656,1.0448275862068965,0.696551724137931,27.510344827586206,24.348275862068967,2.866173966464201,0.09841820032379382,8.437931034482759,3.661082170700516,0.05776086242034181
CSO-12-6B-LJHEFE-CorrEtiq.txt,40.0,29.761061946902654,39.0,1.8053097345132743,2.725663716814159,0.3805309734513274,0.9203539823008849,1.084070796460177,29.761061946902654,25.911504424778762,2.646951888754256,0.08588763833588964,9.730088495575222,4.221183967097331,0.06352481966151127
CSO-12-6B-VPAMA-CorrEtiq.txt,40.0,25.761904761904763,34.07142857142857,3.5714285714285716,3.8452380952380953,0.4642857142857143,0.27380952380952384,1.4226190476190477,24.166666666666668,17.875,2.6604949604274912,0.09442192440650296,7.458333333333333,3.3043490215573206,0.06569796639105213
CSO-12-7A-DALRE-CorrEtiq.txt,40.0,25.472689075630253,38.8172268907563,4.027310924369748,4.689075630252101,0.7941176470588235,0.7016806722689075,1.7436974789915967,25.470588235294116,23.021008403361346,3.081419314527501,0.1095604564402008,7.663865546218488,3.4688968825735182,0.09906477301668286
CSO-12-7A-ESALA-CorrEtiq.txt,40.0,26.954773869346734,39.0,2.3819095477386933,2.9246231155778895,0.0,0.542713567839196,1.6080402010050252,26.954773869346734,25.20603015075377,2.916218815078387,0.10513079843067426,6.582914572864322,3.1219634414886537,0.08419670135329849
CSO-12-7A-IMERO-CorrEtiq.txt,40.0,28.540636042402827,39.0,2.418727915194346,3.3462897526501765,0.4823321554770318,0.9275618374558304,1.1448763250883391,28.540636042402827,24.957597173144876,2.7567741204063285,0.09148800205338224,9.43816254416961,3.999426294796134,0.06956463853487108
CSO-12-7A-JHEZA-CorrEtiq.txt,40.0,30.223107569721115,37.51394422310757,1.9601593625498008,2.7808764940239046,0.848605577689243,0.8207171314741036,1.1474103585657371,28.89243027888446,22.701195219123505,2.490357798143188,0.07723367913165877,11.127490039840637,4.695795317188496,0.05464477670398999
CSO-12-7A-LSARAR-CorrEtiq.txt,40.0,26.549763033175356,39.0,3.2369668246445498,4.402843601895735,0.0,1.1658767772511849,1.0236966824644549,26.549763033175356,24.417061611374407,2.9678328035509898,0.10415739875765005,7.099526066350711,3.2917338936714593,0.05834830642696813
CSO-12-7A-SCAHO-CorrEtiq.txt,40.0,27.913888888888888,39.0,2.727777777777778,3.411111111111111,0.10833333333333334,0.6833333333333333,1.2083333333333333,27.913888888888888,25.038888888888888,2.80759914481579,0.0957421405081342,8.227777777777778,3.6675770988698093,0.06458476150912981
CSO-12-7B-DVAGRO-CorrEtiq.txt,40.0,29.775244299674267,39.0,1.9250814332247557,2.801302931596091,0.8892508143322475,1.0,1.1368078175895766,29.775244299674267,24.52768729641694,2.645079040372137,0.08400648733041952,10.859934853420196,4.577348599447934,0.056191781637442116
CSO-12-7B-SMUGU-CorrEtiq.txt,40.0,28.61802575107296,39.0,1.648068669527897,2.0343347639484977,0.5021459227467812,0.38626609442060084,1.51931330472103,28.61802575107296,25.29184549356223,2.7560455875925443,0.09516274532037158,8.729613733905579,3.7577019333821413,0.07666187238126425
CSO-12-7B-SSARA-CorrEtiq.txt,40.0,30.040955631399317,39.0,1.757679180887372,2.2866894197952217,0.6655290102389079,0.5290102389078498,0.5221843003412969,30.040955631399317,26.549488054607508,2.622466753694804,0.08455859294641621,9.535836177474403,4.156350318533155,0.017742656899815537
CSO-12-7B-VHOMA-CorrEtiq.txt,40.0,30.920430107526883,39.0,1.3634408602150538,1.7268817204301075,0.6451612903225806,0.5268817204301075,0.6387096774193548,30.920430107526883,27.266666666666666,2.5383433831640514,0.08038647235987206,9.961290322580645,4.30543686259769,0.04810494019486994
CSO-12-8A-YTOME-CorrEtiq.txt,40.0,28.94,39.0,1.816,2.576,0.156,0.76,0.988,28.94,26.856,2.7057949455784605,0.09058604509650116,8.164,3.69046280407682,0.04995927380222418
CSO-13-6A-ANASA-CorrEtiq.txt,40.0,30.48997134670487,39.0,1.505730659025788,2.2851002865329515,0.11174785100286533,0.7793696275071633,0.667621776504298,30.48997134670487,27.202005730659025,2.5835073248739198,0.08348071893376902,9.498567335243553,4.172616318762316,0.03257302767278371
CSO-13-6B-JETAVE-CorrEtiq.txt,40.0,26.93528183716075,39.0,3.3695198329853864,3.816283924843424,0.162839248434238,0.4759916492693111,1.674321503131524,26.93528183716075,24.845511482254697,2.9258733126731973,0.1025609587140381,7.386221294363256,3.3446963024769056,0.08810296698020291
CSO-13-6B-LFMIES-CorrEtiq.txt,40.0,28.836653386454184,37.77290836653386,1.8964143426294822,2.458167330677291,0.5776892430278885,0.5617529880478087,1.2231075697211156,27.231075697211157,23.856573705179283,2.658035064060737,0.08945274446192177,8.458167330677291,3.6838932436954415,0.07246680225342873
CSO-13-6B-LJMAHU-CorrEtiq.txt,40.0,27.96165191740413,37.54277286135693,2.631268436578171,3.657817109144543,0.23008849557522124,1.1386430678466077,0.3480825958702065,27.578171091445427,22.63716814159292,2.698002660381806,0.09027837478021891,8.882005899705014,3.8346697259604436,0.02964677101666015
CSO-13-7A-CAPAMU-CorrEtiq.txt,40.0,28.90493601462523,38.43692870201097,1.870201096892139,3.3107861060329067,0.7330895795246801,1.440585009140768,1.012797074954296,28.86837294332724,24.484460694698356,2.681774998745743,0.08676565997594132,9.729433272394882,4.185112541115537,0.05593705117735078
CSO-13-7A-CDDITR-CorrEtiq.txt,40.0,30.440366972477065,39.0,1.811926605504587,2.2844036697247705,0.17889908256880735,0.4724770642201835,0.7706422018348624,30.440366972477065,26.711009174311926,2.5775863838612887,0.08254767709278236,9.619266055045872,4.149848243669767,0.03649409824482314
CSO-13-7A-JJATFL-CorrEtiq.txt,40.0,27.481927710843372,39.0,2.4216867469879517,3.42570281124498,0.24497991967871485,1.0040160642570282,1.0321285140562249,27.481927710843372,25.44176706827309,2.8565565150933874,0.0984586228282551,6.923694779116466,3.2270347552468306,0.05514038292981944
CSO-13-7A-KRAMA-CorrEtiq.txt,40.0,26.88888888888889,39.0,2.4953703703703702,3.2268518518518516,0.4166666666666667,0.7314814814814815,0.8101851851851852,26.88888888888889,24.949074074074073,2.9267680900170086,0.10391143968633836,7.208333333333333,3.243226835310522,0.06378682172400242
CSO-13-7A-RXCHLU-CorrEtiq.txt,40.0,28.0,39.0,1.445,2.055,0.0,0.61,0.995,28.0,26.015,2.7949917200194068,0.09858695260539338,7.375,3.3990478114385287,0.0540934430084403
CSO-13-7A-YAMEZA-CorrEtiq.txt,40.0,29.636986301369863,39.0,1.4743150684931507,2.296232876712329,0.4811643835616438,0.886986301369863,0.910958904109589,29.636986301369863,26.618150684931507,2.64499422845266,0.08642629522283163,9.143835616438356,3.983865545379887,0.04795154232996489
CSO-13-7A-YBOSO-CorrEtiq.txt,40.0,26.363095238095237,33.75,3.1904761904761907,3.7738095238095237,0.6964285714285714,0.5833333333333334,1.0178571428571428,23.916666666666668,13.517857142857142,2.609990867840004,0.0907132351875598,8.56547619047619,3.5883381776472754,0.056109544333029365
CSO-13-8A-KIGAGU-CorrEtiq.txt,40.0,28.13302752293578,39.0,2.3394495412844036,2.9541284403669725,1.4908256880733946,0.7889908256880734,1.110091743119266,28.13302752293578,25.724770642201836,2.7850050964599022,0.09147283714876317,8.192660550458715,3.6917956592178998,0.05831476745287085
CSO-13-8A-MBUAN-CorrEtiq.txt,40.0,29.573673870333987,38.69744597249509,2.345776031434185,3.0471512770137523,0.5363457760314342,0.7367387033398821,0.555992141453831,29.414538310412574,25.82907662082515,2.6372665341094774,0.0846702150548574,9.803536345776031,4.271387932552346,0.03478873966156968
CSO-13-8A-MGAAN-CorrEtiq.txt,40.0,30.22408963585434,39.0,1.669467787114846,2.9719887955182074,0.4369747899159664,1.3025210084033614,0.5602240896358543,30.22408963585434,27.025210084033613,2.5964492535205763,0.08159615875734104,9.294117647058824,4.107914421804311,0.03284539583839859
CSO-13-8A-MGAHE-CorrEtiq.txt,40.0,28.75462962962963,39.0,2.326388888888889,2.5625,0.3611111111111111,0.2361111111111111,0.9212962962962963,28.75462962962963,25.796296296296298,2.7358715538744884,0.09230742651900957,8.456018518518519,3.730767550417615,0.04870178384291041
CSO-13-8A-MJAGA-CorrEtiq.txt,40.0,25.452296819787986,39.0,4.084805653710247,4.328621908127208,2.1802120141342756,1.1590106007067138,1.4734982332155477,25.452296819787986,22.98233215547703,3.0906890334646087,0.10626699330357788,7.678445229681979,3.4540682331738437,0.08808947288684144
CSO-13-8A-VHODU-CorrEtiq.txt,40.0,28.18020304568528,39.0,1.4416243654822336,2.1269035532994924,0.4949238578680203,0.6852791878172588,1.263959390862944,28.18020304568528,25.941624365482234,2.7831767239607603,0.0962954963698166,7.601522842639594,3.445519326384868,0.07285325677554644
CSO-13-8B-FCJISA-CorrEtiq.txt,40.0,29.64651162790698,39.0,2.046511627906977,2.6372093023255814,0.1813953488372093,0.5906976744186047,1.3674418604651162,29.64651162790698,25.130232558139536,2.65038103679459,0.08642216393735323,9.646511627906976,4.107237293957813,0.08828656610713266
CSO-13-8B-JEMABE-CorrEtiq.txt,40.0,26.118840579710145,38.107246376811595,3.6695652173913045,4.228985507246377,0.3565217391304348,0.5594202898550724,0.8289855072463768,25.617391304347827,22.744927536231884,2.940423923807267,0.10430782809735108,7.214492753623189,3.289290480643017,0.054946825829886574
CSO-13-9B-DMLLLU-CorrEtiq.txt,40.0,26.725274725274726,39.0,3.120879120879121,3.6043956043956045,0.36813186813186816,0.4835164835164835,1.598901098901099,26.725274725274726,24.75824175824176,2.945176150857489,0.10404439849617961,7.5,3.4108126303378317,0.07121619941902155
CSO-14-7A-MVEBE-CorrEtiq.txt,40.0,27.496402877697843,39.0,0.9496402877697842,1.4964028776978417,0.460431654676259,0.5467625899280576,1.1798561151079137,27.496402877697843,25.73381294964029,2.8475157823844213,0.10281486453137574,6.798561151079137,3.1186424686234155,0.07685169319597934
CSO-14-7B-EALHU-CorrEtiq.txt,40.0,27.75085324232082,39.0,3.262798634812287,4.09556313993174,0.13310580204778158,0.8327645051194539,1.2525597269624573,27.75085324232082,25.293515358361773,2.8257156773982666,0.09445411954106096,8.071672354948806,3.6405844120200768,0.06142688995626131
CSO-14-7B-EVEGO-CorrEtiq.txt,40.0,30.24277456647399,39.0,1.8658959537572255,2.5734104046242776,0.1352601156069364,0.707514450867052,1.0242774566473989,30.24277456647399,26.722543352601157,2.596927717559637,0.08343275045057243,9.464739884393063,4.121484984118934,0.055146767400545534
CSO-14-8A-AQUMA-CorrEtiq.txt,40.0,26.907894736842106,39.0,2.0701754385964914,3.210526315789474,0.17105263157894737,1.1403508771929824,1.4210526315789473,26.907894736842106,24.842105263157894,2.907014901508472,0.10282537063880476,7.2105263157894735,3.2988197878080356,0.07368701485732225
CSO-14-8A-MCIDOS-CorrEtiq.txt,40.0,27.456521739130434,37.28260869565217,2.782608695652174,3.463768115942029,0.42391304347826086,0.75,1.7753623188405796,25.286231884057973,21.644927536231883,2.7698076659236603,0.09587417729063188,8.007246376811594,3.5403136060339278,0.0854490477876363
CSO-14-8A-SZARA-CorrEtiq.txt,40.0,28.612040133779264,39.0,1.8461538461538463,2.9531772575250836,1.0903010033444815,1.1070234113712374,0.745819397993311,28.612040133779264,24.91973244147157,2.738667295130389,0.08943965247621759,8.936454849498327,3.873273926612872,0.03626990115132374
CSO-14-8B-JLLORA-CorrEtiq.txt,40.0,27.704545454545453,39.0,1.8825757575757576,2.4204545454545454,0.5909090909090909,0.5378787878787878,2.2613636363636362,27.704545454545453,25.28030303030303,2.8276709700225413,0.09824487590726448,7.5643939393939394,3.415967942562609,0.09564032775064088
CSO-14-9A-AEDCAGO-CorrEtiq.txt,40.0,30.05072463768116,38.628019323671495,1.5531400966183575,2.4396135265700485,0.3526570048309179,0.8864734299516909,0.8671497584541062,29.7487922705314,25.840579710144926,2.59011319227245,0.08357351847378262,9.227053140096618,4.084697585956085,0.04492819376016436
CSO-14-9A-HASACA-CorrEtiq.txt,40.0,29.341013824884794,39.0,1.599078341013825,2.654377880184332,0.17972350230414746,1.055299539170507,0.6820276497695853,29.341013824884794,25.28110599078341,2.680686789886191,0.08867170712942776,9.28110599078341,3.9950630245884016,0.053617585958815876
CSO-14-9A-JSMAAL-CorrEtiq.txt,40.0,29.017857142857142,38.828125,1.9709821428571428,2.7388392857142856,0.7745535714285714,0.8526785714285714,0.8772321428571429,28.962053571428573,25.263392857142858,2.700126882752515,0.088652794654373,8.700892857142858,3.902808469970207,0.06467400648426226
CSO-14-9A-MARJA-CorrEtiq.txt,40.0,28.865443425076453,39.0,2.256880733944954,2.6574923547400613,0.0,0.40061162079510704,1.5504587155963303,28.865443425076453,26.033639143730888,2.7326515029718945,0.09268215109187286,8.568807339449542,3.7725602010739223,0.0731362746646166
CSO-14-9A-SORZU-CorrEtiq.txt,40.0,28.211038961038962,37.935064935064936,2.3896103896103895,3.5,0.7305194805194806,1.1103896103896105,1.172077922077922,27.353896103896105,23.56168831168831,2.734718933814521,0.09094877097761415,8.555194805194805,3.8238004563228087,0.06216766910768461
CSO-14-9B-ERAGA-CorrEtiq.txt,40.0,26.26,38.56,2.3457142857142856,3.5714285714285716,0.6685714285714286,1.2257142857142858,1.7085714285714286,26.122857142857143,23.117142857142856,2.9646107278724254,0.10592054121665248,7.454285714285715,3.3810004249221968,0.09770017426584521
CSO-14-9B-MFEGA-CorrEtiq.txt,40.0,27.132231404958677,39.0,3.0330578512396693,3.884297520661157,1.0,1.0867768595041323,1.6363636363636365,27.132231404958677,24.632231404958677,2.8992812830711854,0.0980556755373838,8.392561983471074,3.67108894401137,0.06281200471094778
CSO-15-10A-LJRAGU-CorrEtiq.txt,40.0,28.559183673469388,38.46734693877551,2.5510204081632653,2.730612244897959,0.07959183673469387,0.17959183673469387,1.0612244897959184,28.33265306122449,25.463265306122448,2.726118488728464,0.09282749489803499,8.2,3.6727911081301006,0.06344439362307272
CSO-15-10A-MAARLO-CorrEtiq.txt,40.0,27.576219512195124,38.53048780487805,2.332317073170732,2.917682926829268,0.5,0.5853658536585366,1.4603658536585367,27.45731707317073,24.609756097560975,2.805584405383753,0.09666561239964828,7.914634146341464,3.523464683958877,0.07783084007583531
CSO-15-10A-SFEGA-CorrEtiq.txt,40.0,25.67058823529412,37.792156862745095,3.7254901960784315,4.956862745098039,0.4588235294117647,1.231372549019608,1.964705882352941,25.254901960784313,22.141176470588235,3.0209191034116496,0.10751088955303886,7.258823529411765,3.31792382131816,0.09247505393790484
CSO-15-10B-MEBUAR-CorrEtiq.txt,40.0,28.996875,39.0,1.24375,2.559375,0.09375,1.315625,1.046875,28.996875,25.075,2.718768966390961,0.09192243985725738,9.490625,4.018094069185123,0.05783710638625024
CSO-15-10B-YVBUAN-CorrEtiq.txt,40.0,28.88157894736842,38.324561403508774,1.9649122807017543,2.4210526315789473,0.17105263157894737,0.45614035087719296,1.0789473684210527,28.56578947368421,25.61842105263158,2.667074219918234,0.08977168648877731,8.473684210526315,3.709594392762582,0.05864775107707342
CSO-15-10C-ALBAHO-CorrEtiq.txt,40.0,28.654390934844194,39.0,2.492917847025496,3.41643059490085,0.9943342776203966,1.2011331444759208,1.0708215297450425,28.654390934844194,25.495750708215297,2.7384933915931344,0.08836501229352745,9.141643059490084,4.043038696954356,0.05865806464218933
CSO-15-10C-SSCAMO-CorrEtiq.txt,40.0,29.063953488372093,39.0,2.9651162790697674,3.9505813953488373,0.5319767441860465,0.9854651162790697,0.6918604651162791,29.063953488372093,26.11046511627907,2.7235520660225956,0.08700544288168255,9.372093023255815,4.111075510058691,0.03570351208672024
CSO-15-11C-JETALO-CorrEtiq.txt,40.0,27.455696202531644,39.0,2.9168173598553344,4.663652802893309,0.8028933092224232,1.7468354430379747,1.1717902350813743,27.455696202531644,24.412296564195298,2.8657307446911546,0.09330136484073678,8.96745027124774,3.969097989117836,0.06404815296947358
CSO-15-7B-JCRAGA-CorrEtiq.txt,40.0,28.508196721311474,39.0,1.7131147540983607,2.0901639344262297,1.1557377049180328,0.5655737704918032,1.5901639344262295,28.508196721311474,24.84426229508197,2.7618722950402246,0.09313434991403413,9.155737704918034,3.9423434152100025,0.0825410462026359
CSO-15-8A-VBMABR-CorrEtiq.txt,40.0,27.753535353535355,39.0,3.402020202020202,4.157575757575757,0.07878787878787878,0.7555555555555555,0.8888888888888888,27.753535353535355,25.644444444444446,2.837277511192176,0.09547787584451385,8.258585858585858,3.684217935781247,0.04917111622400687
CSO-15-8B-KEPOGO-CorrEtiq.txt,40.0,30.838709677419356,39.0,1.5053763440860215,1.5663082437275986,0.13978494623655913,0.06093189964157706,0.8888888888888888,30.838709677419356,27.684587813620073,2.5486148829616853,0.08252339345886607,9.838709677419354,4.2294554887492755,0.03993359208081058
CSO-15-9B-ALRIHE-CorrEtiq.txt,40.0,29.26086956521739,39.0,1.5797101449275361,2.2681159420289854,0.75,0.6884057971014492,0.5942028985507246,29.26086956521739,26.463768115942027,2.6809038543533172,0.08836885226629851,8.721014492753623,3.828146617910294,0.032336790819532044
CSO-15-9B-AMSAGO-CorrEtiq.txt,40.0,30.268551236749115,38.49469964664311,1.3710247349823321,1.7067137809187278,0.0,0.33568904593639576,1.3780918727915195,29.87632508833922,26.141342756183747,2.553634750355601,0.08391209150382341,9.03886925795053,3.970622410707515,0.06493615801650156
CSO-15-9B-JCAPA-CorrEtiq.txt,40.0,28.705202312138727,39.0,1.9884393063583814,2.2109826589595376,0.4508670520231214,0.22254335260115607,1.0664739884393064,28.705202312138727,25.852601156069365,2.737780364852835,0.0930290740037979,8.320809248554914,3.7207363747515587,0.058700735927039685
CSO-15-9B-KSBEJA-CorrEtiq.txt,40.0,26.1355421686747,39.0,3.1265060240963853,4.2379518072289155,0.5783132530120482,1.1114457831325302,0.6234939759036144,26.1355421686747,23.542168674698797,3.0287634903639735,0.10752299807924556,7.331325301204819,3.385203438447954,0.039199589566403646
CSO-15-9B-RMCHLU-CorrEtiq.txt,40.0,27.882736156351793,39.0,2.416938110749186,3.7100977198697067,0.1270358306188925,1.293159609120521,1.3876221498371335,27.882736156351793,25.846905537459282,2.8161443092429974,0.09515075657532528,7.866449511400652,3.574012596696347,0.0738194897643126
CSO-15-9B-SJAGRO-CorrEtiq.txt,40.0,31.40686274509804,39.0,0.6911764705882353,1.6274509803921569,0.0,0.9362745098039216,0.38235294117647056,31.40686274509804,27.323529411764707,2.501790584078639,0.07962483466482367,10.014705882352942,4.270151583690719,0.03545562832475071
CSO-16-10A-JEGAHE-CorrEtiq.txt,40.0,28.115596330275228,39.0,2.524770642201835,3.2642201834862385,0.21467889908256882,0.7394495412844037,0.8146788990825689,28.115596330275228,25.513761467889907,2.796424513491489,0.09472114961137766,8.157798165137615,3.6863411917453526,0.0595070475526697
CSO-16-10A-MSACO-CorrEtiq.txt,40.0,29.850162866449512,39.0,1.514657980456026,1.8631921824104234,0.1270358306188925,0.3485342019543974,0.996742671009772,29.850162866449512,26.70358306188925,2.6248241967805677,0.08695968907734136,9.123778501628664,3.9677289913843343,0.04684660181521206
CSO-16-10A-SARI-CorrEtiq.txt,40.0,27.518032786885247,35.718032786885246,3.5114754098360654,4.065573770491803,0.3836065573770492,0.5540983606557377,0.35081967213114756,26.56393442622951,19.501639344262294,2.6269523356433475,0.08700816333730112,9.360655737704919,3.993551692627578,0.03254977315018804
CSO-16-10A-SMOUT-CorrEtiq.txt,40.0,29.970588235294116,39.0,1.8137254901960784,2.5980392156862746,0.7196078431372549,0.7843137254901961,0.8901960784313725,29.970588235294116,26.08823529411765,2.6251686617948917,0.08365373941968231,9.862745098039216,4.195485276760831,0.054776591511808775
CSO-16-10A-YKMUJO-CorrEtiq.txt,40.0,26.743589743589745,39.0,2.213675213675214,2.7905982905982905,0.6623931623931624,0.5769230769230769,1.1324786324786325,26.743589743589745,24.60683760683761,2.940595715987778,0.10549527083183877,7.3247863247863245,3.266943105025519,0.07497755385092485
CSO-16-10B-JESUGU-CorrEtiq.txt,40.0,30.107913669064747,39.0,1.129496402877698,1.4028776978417266,0.2805755395683453,0.2733812949640288,1.0863309352517985,30.107913669064747,27.72661870503597,2.5976910752440308,0.08566127873791983,8.611510791366907,3.7760661707484777,0.054983033760442314
CSO-16-10B-LTVIFA-CorrEtiq.txt,40.0,33.541666666666664,39.0,1.0041666666666667,1.325,0.0,0.32083333333333336,0.5083333333333333,33.541666666666664,27.733333333333334,2.3342368036101857,0.06971805683572502,12.229166666666666,5.155558337235203,0.018536223816218115
CSO-16-10B-VVILI-CorrEtiq.txt,40.0,29.528795811518325,39.0,1.793193717277487,2.842931937172775,0.36910994764397903,1.049738219895288,0.6858638743455497,29.528795811518325,26.20418848167539,2.6554250013712593,0.08598731090912116,9.219895287958115,4.047720682951293,0.03324803331719696
CSO-16-10C-ACALGU-CorrEtiq.txt,40.0,28.895261845386532,37.98004987531172,2.039900249376559,2.546134663341646,0.0,0.5062344139650873,1.1496259351620948,28.723192019950126,24.221945137157107,2.6557783984855488,0.089866496196281,8.740648379052368,3.817979820346893,0.049770520626941435
CSO-16-10C-MAVAVE-CorrEtiq.txt,40.0,30.396341463414632,39.0,1.4857723577235773,2.097560975609756,0.34146341463414637,0.6117886178861789,1.0345528455284554,30.396341463414632,26.0609756097561,2.5939469640448247,0.08392747392349169,10.282520325203253,4.353101015568998,0.04468271335782234
CSO-16-11A-JAVABO-CorrEtiq.txt,40.0,29.569620253164558,39.0,1.6987341772151898,2.1822784810126583,0.5924050632911393,0.579746835443038,1.081012658227848,29.569620253164558,26.351898734177215,2.661778284154232,0.0873279591886902,8.79746835443038,3.860679656604443,0.06811528078356621
CSO-16-11A-JDMUVA-CorrEtiq.txt,40.0,30.251592356687897,39.0,1.5095541401273886,2.0063694267515926,0.2484076433121019,0.4968152866242038,0.8980891719745223,30.251592356687897,26.90764331210191,2.5885625234516656,0.08395320222237312,9.121019108280255,4.0007170615013585,0.058222372001149304
CSO-16-11A-VZAOR-CorrEtiq.txt,40.0,30.89121338912134,37.71129707112971,1.2384937238493723,1.9707112970711298,0.6527196652719666,0.799163179916318,0.606694560669456,30.313807531380753,22.255230125523013,2.447915289605749,0.07627009889118265,10.535564853556485,4.446490266175438,0.025387730762242103
CSO-16-11B-KRORE-CorrEtiq.txt,40.0,29.375,39.0,2.7125,3.033333333333333,0.1625,0.32083333333333336,0.7208333333333333,29.375,26.541666666666668,2.680383821290114,0.08785197386933213,9.308333333333334,4.020793586205103,0.05034792740958966
CSO-16-11B-LLOZA-CorrEtiq.txt,40.0,30.790123456790123,38.72839506172839,1.1181657848324515,1.7583774250440918,0.3439153439153439,0.6402116402116402,0.8342151675485009,30.693121693121693,27.43562610229277,2.535942689181516,0.08139171601588173,9.5326278659612,4.126774926458227,0.04380201082436551
CSO-16-11B-YAROMO-CorrEtiq.txt,40.0,30.311864406779662,39.0,1.647457627118644,3.406779661016949,0.5288135593220339,1.7728813559322034,0.847457627118644,30.311864406779662,25.61694915254237,2.585273230567764,0.0797234273295622,10.691525423728814,4.6354262447599615,0.04918217737329021
CSO-16-9A-JALEMO-CorrEtiq.txt,40.0,29.402826855123674,39.0,1.3886925795053005,2.2862190812720846,0.13780918727915195,0.8975265017667845,0.7385159010600707,29.402826855123674,26.56183745583039,2.675678398586206,0.08961334909393427,8.530035335689046,3.7932398680129835,0.034318112315981565
CSO-16-9A-JPROSO-CorrEtiq.txt,40.0,30.28,39.0,1.951111111111111,2.577777777777778,0.6755555555555556,0.6266666666666667,0.7911111111111111,30.28,25.06222222222222,2.588303741305438,0.08163973886190729,10.493333333333334,4.408784898477252,0.04891577284750369
CSO-16-9A-JSMAGU-CorrEtiq.txt,40.0,27.727941176470587,39.0,2.2573529411764706,3.0698529411764706,0.2867647058823529,0.8125,1.4485294117647058,27.727941176470587,25.261029411764707,2.836162366911105,0.09817262401282255,7.5588235294117645,3.495292799492419,0.07791168142070522
CSO-16-9B-SJPAJI-CorrEtiq.txt,40.0,28.653164556962025,39.0,2.0050632911392405,2.339240506329114,0.19746835443037974,0.3341772151898734,0.9822784810126582,28.653164556962025,26.331645569620253,2.7527271970621494,0.09458985204415571,8.425316455696203,3.691895249464786,0.04908017936376006
CSO-17-10A-YVGOCA-CorrEtiq.txt,40.0,28.472668810289388,39.0,1.9453376205787782,3.0836012861736335,0.17684887459807075,1.1382636655948553,1.3504823151125402,28.472668810289388,26.070739549839228,2.75206606999461,0.09209880280234248,8.080385852090032,3.625889395848059,0.07693817852313695
CSO-17-10B-EHECO-CorrEtiq.txt,40.0,29.186851211072664,38.46712802768166,2.1972318339100347,2.8927335640138407,0.25259515570934254,0.6955017301038062,0.35294117647058826,28.560553633217992,25.53979238754325,2.6528504061731586,0.086978975680377,8.806228373702423,3.816273773869475,0.03402118505569369
CSO-17-10B-YCQUVE.txt,40.0,28.467105263157894,38.620065789473685,2.7121710526315788,3.7434210526315788,0.1924342105263158,1.03125,1.0953947368421053,27.74013157894737,23.654605263157894,2.757112227530394,0.09203041271564961,8.944078947368421,3.8796298520819685,0.057506182800667466
CSO-17-11A-DJAPA-CorrEtiq.txt,40.0,29.151138716356108,38.84057971014493,1.8695652173913044,2.8053830227743273,0.19254658385093168,0.9503105590062112,0.8012422360248447,29.06832298136646,25.91304347826087,2.6986475335613433,0.09005753726534926,8.761904761904763,3.894418795690302,0.046856591920140224
CSO-17-11A-JDAMO-CorrEtiq.txt,40.0,28.481884057971016,39.0,3.0760869565217392,3.369565217391304,0.0,0.29347826086956524,0.6557971014492754,28.481884057971016,25.681159420289855,2.7716379230046515,0.09354856319238519,8.376811594202898,3.768310590078562,0.046917437620335053
CSO-17-11A-NPAHE-CorrEtiq.txt,40.0,29.954653937947494,39.0,1.470167064439141,2.1050119331742243,0.10501193317422435,0.6348448687350835,0.6897374701670644,29.954653937947494,27.186157517899762,2.621743844035338,0.08615317073557943,8.637231503579953,3.8206692277571705,0.039214860300290914
CSO-17-11A-RLPAIG-CorrEtiq.txt,40.0,28.298165137614678,38.82339449541284,1.860091743119266,2.8279816513761467,1.1628440366972477,1.2477064220183487,1.0504587155963303,28.288990825688074,25.077981651376145,2.77503000127071,0.09232815930295453,9.075688073394495,3.995294184762376,0.06503021832357425
CSO-17-11A-SPUVA-CorrEtiq.txt,40.0,26.861940298507463,39.0,3.3022388059701493,4.067164179104478,0.43656716417910446,0.7649253731343284,1.6156716417910448,26.861940298507463,24.455223880597014,2.93794821446616,0.10120347931139484,7.768656716417911,3.489898250308717,0.10635119647964435
CSO-17-11B-CDBEBU-CorrEtiq.txt,40.0,29.78892733564014,39.0,1.453287197231834,2.204152249134948,0.2698961937716263,0.7508650519031141,1.0865051903114187,29.78892733564014,26.377162629757784,2.6348564298200086,0.08659042116107592,9.598615916955017,4.005544774478987,0.05538733949667287
CSO-17-11C-JDAAG-CorrEtiq.txt,40.0,31.179411764705883,39.0,0.7941176470588235,1.2441176470588236,0.0,0.45,1.2588235294117647,31.179411764705883,28.144117647058824,2.519236782222872,0.08187325580558209,9.5,4.151767489499454,0.05450920513606188
CSO-17-11C-MAPAMA-CorrEtiq.txt,40.0,28.59259259259259,39.0,1.7808641975308641,2.6604938271604937,0.5,0.8796296296296297,1.3395061728395061,28.59259259259259,25.669753086419753,2.749619944345524,0.09272553204968949,8.728395061728396,3.8151303792431865,0.07431059718875356
CSO-17-11C-MCAAG-CorrEtiq.txt,40.0,29.39439655172414,39.0,2.2607758620689653,2.8491379310344827,0.08405172413793104,0.5883620689655172,0.9073275862068966,29.39439655172414,26.476293103448278,2.6688252893407634,0.08745174509628746,8.862068965517242,3.898494967258146,0.04161694313771483
CSO-17-11C-SARJA-CorrEtiq.txt,40.0,28.950819672131146,39.0,1.6967213114754098,2.5655737704918034,0.13524590163934427,0.8688524590163934,1.3401639344262295,28.950819672131146,26.475409836065573,2.7201302561086567,0.09178361529016431,8.290983606557377,3.7406287061598307,0.06115499070000413
CSO-18-11A-ADBAHO-CorrEtiq.txt,40.0,30.39799331103679,39.0,1.3979933110367893,1.9866220735785953,0.0,0.5886287625418061,0.9230769230769231,30.39799331103679,27.51839464882943,2.576977558564424,0.08369756975683304,8.949832775919733,3.91833399847464,0.0481259927423185
CSO-18-11B-YLLRE-CorrEtiq.txt,40.0,29.59381898454746,39.0,2.0794701986754967,2.6799116997792494,0.0,0.6004415011037527,1.0022075055187638,29.59381898454746,25.852097130242825,2.652268652069695,0.08688204906664804,9.273730684326711,4.03469746738456,0.05876216677732932
CSO-18-9B-MAMOLO-CorrEtiq.txt,40.0,29.067344345616263,39.0,3.170266836086404,4.116899618805591,0.8462515883100381,0.9872935196950444,0.6785260482846251,29.067344345616263,24.106734434561627,2.7058108863256987,0.08480139587665096,10.32274459974587,4.414549161055048,0.043512165078052195
CSO-8-3A-AIPRBR-CorrEtiq.txt,40.0,26.975155279503106,39.0,2.593167701863354,3.1832298136645965,0.6055900621118012,0.5900621118012422,1.4658385093167703,26.975155279503106,24.5527950310559,2.916279840527876,0.10231386167052374,7.381987577639752,3.372456140047886,0.07363404212236341
CSO-8-3A-DAPAVA-CorrEtiq.txt,40.0,27.113636363636363,39.0,2.763986013986014,4.111888111888112,0.9353146853146853,1.4405594405594406,1.2762237762237763,27.113636363636363,24.185314685314687,2.906194587314085,0.09784972325195627,8.124125874125873,3.659160032890204,0.06723567579307498
CSO-8-3A-KVPECO-CorrEtiq.txt,40.0,27.441176470588236,38.45220588235294,2.4963235294117645,2.636029411764706,0.5735294117647058,0.13970588235294118,1.6911764705882353,27.30514705882353,23.985294117647058,2.822268535611305,0.098571020010856,7.4963235294117645,3.390976327062343,0.0893102599549893
CSO-8-4A-ARAGR-CorrEtiq.txt,40.0,29.40625,38.359375,2.109375,3.0677083333333335,0.40625,1.15625,0.7864583333333334,29.239583333333332,24.78125,2.6430706261724857,0.0854494507188409,9.348958333333334,4.066502658915456,0.04557897641025726
CSO-8-4A-JRAAR-CorrEtiq.txt,40.0,24.642105263157895,38.00701754385965,3.557894736842105,4.280701754385965,0.2736842105263158,0.7228070175438597,1.249122807017544,24.55438596491228,21.835087719298247,3.1249140639055875,0.11812841974109418,6.378947368421053,2.964673524961487,0.06869987659586503
CSO-9-2A-EXMOCO-CorrEtiq.txt,40.0,26.510791366906474,37.23021582733813,2.9820143884892087,3.381294964028777,0.32014388489208634,0.39928057553956836,1.6654676258992807,26.003597122302157,21.593525179856115,2.828453737237554,0.10080024327801214,7.510791366906475,3.376139586089915,0.09333093572090868
CSO-9-4A-AGAPE-CorrEtiq.txt,40.0,28.329545454545453,39.0,1.7727272727272727,2.8011363636363638,0.10227272727272728,1.0284090909090908,0.9375,28.329545454545453,25.363636363636363,2.791620989317252,0.09616854875337508,8.073863636363637,3.6674143322936703,0.06582621886538924
CSO-9-4A-DKVIMO-CorrEtiq.txt,40.0,26.093484419263458,38.78186968838527,2.86685552407932,3.464589235127479,0.5722379603399433,0.5977337110481586,1.0708215297450425,26.059490084985836,24.254957507082153,2.9919790787185097,0.10763710567241169,6.657223796033994,3.1652445503339512,0.06373362000188987
CSO-9-4A-DSMOMU-CorrEtiq.txt,40.0,29.819121447028422,38.20413436692507,1.751937984496124,2.056847545219638,0.7596899224806202,0.5762273901808785,0.58656330749354,29.162790697674417,25.142118863049095,2.5826133455684084,0.08392783916187818,9.077519379844961,3.989815444374683,0.047143175881819904
CSO-9-4A-DVGATO-CorrEtiq.txt,40.0,28.23265306122449,38.371428571428574,2.3469387755102042,3.240816326530612,0.9551020408163265,0.8938775510204081,1.0040816326530613,27.881632653061224,24.057142857142857,2.7478140153716137,0.09114024585129471,8.824489795918367,3.8253648359390304,0.06151121341049031
CSO-9-4A-EGCAMO-CorrEtiq.txt,40.0,26.537366548042705,39.0,2.900355871886121,4.099644128113879,0.5551601423487544,1.199288256227758,1.8683274021352314,26.537366548042705,24.316725978647685,2.969413511858129,0.10387287750361884,7.501779359430605,3.378164655155861,0.08752270173896738
CSO-9-4A-FAGIGA-CorrEtiq.txt,40.0,28.59504132231405,36.72727272727273,1.5082644628099173,2.772727272727273,1.177685950413223,1.2644628099173554,0.4628099173553719,27.644628099173552,21.512396694214875,2.577672172312326,0.08367059918260059,9.169421487603305,4.026122919042859,0.021593748529801414
CSO-9-4A-GSBRCO-CorrEtiq.txt,40.0,25.384615384615383,39.0,3.652680652680653,4.37995337995338,1.2331002331002332,0.8158508158508159,1.5477855477855478,25.384615384615383,23.34731934731935,3.1288301761942976,0.11235762429290981,7.10955710955711,3.277231484731899,0.08907056556620138
CSO-9-4A-KEMOCO-CorrEtiq.txt,40.0,25.821316614420063,39.0,3.310344827586207,3.8401253918495297,0.3667711598746082,0.5297805642633229,1.341692789968652,25.821316614420063,24.188087774294672,3.042490050180698,0.11043188099706913,6.918495297805642,3.200290999366226,0.07534885654914686
CSO-9-4A-LCOMO-CorrEtiq.txt,40.0,29.984126984126984,39.0,1.4825396825396826,2.5365079365079364,0.37142857142857144,1.053968253968254,1.2285714285714286,29.984126984126984,26.206349206349206,2.6189704765656634,0.08448342124348471,9.831746031746032,4.194867643027472,0.06474380556361681
CSO-9-4A-MLORO-CorrEtiq.txt,40.0,26.88317757009346,39.0,2.9953271028037385,3.3551401869158877,0.45794392523364486,0.3598130841121495,1.5233644859813085,26.88317757009346,24.83644859813084,2.914479277724791,0.10221420151786594,7.598130841121495,3.4240152768994423,0.06541964189677298
CSO-9-4A-MPAME-CorrEtiq.txt,40.0,26.608695652173914,38.64673913043478,3.130434782608696,3.972826086956522,0.5434782608695652,0.842391304347826,0.7010869565217391,26.429347826086957,23.472826086956523,2.924036762406246,0.10117392968698294,8.043478260869565,3.47155652601484,0.041679537545909
CSO-9-4A-NSARPA-CorrEtiq.txt,40.0,28.136666666666667,38.486666666666665,1.9633333333333334,2.9,0.39,0.9366666666666666,0.9833333333333333,28.0,25.43,2.756834526228639,0.09375638055177359,7.736666666666666,3.5314943935454894,0.04892183590801372
CSO-9-4A-SLOCA-CorrEtiq.txt,40.0,26.538205980066444,39.0,3.345514950166113,3.727574750830565,0.5182724252491694,0.38205980066445183,2.0498338870431896,26.538205980066444,23.717607973421927,2.9589057301792803,0.1041181837005655,7.754152823920266,3.400314297456922,0.11778202746640538
CSO-9-4A-YVDITR-CorrEtiq.txt,40.0,23.868512110726645,38.46712802768166,4.643598615916955,5.501730103806229,0.0,0.8581314878892734,2.14878892733564,23.653979238754324,21.664359861591695,3.287591245010087,0.1260372001859619,6.5190311418685125,3.0403603518603415,0.11198920821903212
