file,wc,nodes,edges,re,pe,l1,l2,l3,lcc,lsc,atd,density,diameter,asp,cc
CDMS-10-4A-JURAN-CorrEtiq.txt,50.0,34.8,49.0,2.130434782608696,3.1739130434782608,0.21304347826086956,1.0434782608695652,1.482608695652174,34.8,32.80434782608695,2.83292644473795,0.07883644196000858,7.908695652173913,3.650292378225684,0.0526199708055923
CDMS-10-5A-HEPIHO-CorrEtiq.txt,50.0,35.83772819472617,48.505070993914806,2.3529411764705883,3.1156186612576064,0.0,0.7626774847870182,1.2920892494929006,35.47261663286004,32.7606490872211,2.745260098608545,0.07517359251845947,8.50709939148073,3.832279309420071,0.05712061110955117
CDMS-10-5A-KSRAGU-CorrEtiq.txt,50.0,33.03243243243243,49.0,2.881081081081081,3.535135135135135,0.7513513513513513,0.654054054054054,0.5567567567567567,33.03243243243243,31.410810810810812,2.9782138916456367,0.08538239468627587,7.254054054054054,3.458890599804192,0.04841543534622954
CDMS-10-5A-SROPU-CorrEtiq.txt,50.0,33.08670520231214,49.0,4.988439306358382,5.855491329479769,0.8497109826589595,1.4219653179190752,0.5722543352601156,33.08670520231214,30.745664739884393,2.982200881629591,0.08061962977933985,8.630057803468208,3.7702278283052686,0.03093176486811201
CDMS-10-5A-SZURO-CorrEtiq.txt,50.0,33.67528735632184,49.0,3.778735632183908,4.195402298850575,0.28160919540229884,0.4166666666666667,1.1954022988505748,33.67528735632184,31.67528735632184,2.957350728295292,0.08400628115528905,8.382183908045977,3.7471316377018633,0.062706680032269
CDMS-10-5B-SRAJA-CorrEtiq.txt,50.0,32.63013698630137,49.0,3.1187214611872145,3.625570776255708,0.2237442922374429,0.5068493150684932,2.0,32.63013698630137,30.82648401826484,3.017274285417811,0.08860883323303441,7.255707762557078,3.2994525010940348,0.1018263864551712
CDMS-10-5C-DAAUSA-CorrEtiq.txt,50.0,31.7312661498708,49.0,4.560723514211887,6.0051679586563305,0.3798449612403101,1.5684754521963824,1.9638242894056848,31.7312661498708,29.532299741602067,3.1150813187694553,0.08896210505415882,7.457364341085271,3.446847639242762,0.07892946243158365
CDMS-10-5C-ICAPA-CorrEtiq.txt,50.0,28.920289855072465,47.594202898550726,5.268115942028985,6.398550724637682,1.0507246376811594,1.1304347826086956,1.5507246376811594,28.17391304347826,25.456521739130434,3.370168932334756,0.10483432929303524,6.688405797101449,3.0921883256699836,0.08752117511650509
CDMS-10-5C-JFALGI-CorrEtiq.txt,50.0,30.606060606060606,49.0,3.981818181818182,4.903030303030303,0.0,0.9212121212121213,1.8242424242424242,30.606060606060606,28.78181818181818,3.218838594603537,0.09838983187765507,6.721212121212122,3.0945708793336206,0.1371643060341808
CDMS-10-5C-MAORTO-CorrEtiq.txt,50.0,29.54032258064516,49.0,5.456989247311828,6.956989247311828,1.118279569892473,1.5,1.7446236559139785,29.54032258064516,27.5752688172043,3.3494173540240095,0.09907196322017166,6.946236559139785,3.184538985074005,0.06685979564272264
CDMS-10-5C-NBEMO-CorrEtiq.txt,50.0,31.025714285714287,49.0,4.591428571428572,5.668571428571428,1.74,1.237142857142857,1.94,31.025714285714287,29.114285714285714,3.1909689951419122,0.09073568053959923,7.3028571428571425,3.4328694466225094,0.07489617497872203
CDMS-10-6B-ASCACO-CorrEtiq.txt,50.0,30.817777777777778,49.0,4.431111111111111,4.795555555555556,0.0,0.36444444444444446,2.24,30.817777777777778,29.511111111111113,3.1947975983324595,0.09733391076915036,6.377777777777778,3.041527453132601,0.09199508942481185
CDMS-10-6B-JJMOBE-CorrEtiq.txt,50.0,33.84805653710247,49.0,3.2579505300353357,4.332155477031802,0.0,1.0742049469964665,1.5441696113074206,33.84805653710247,31.636042402826856,2.918751000299498,0.0818124992604813,8.113074204946997,3.6247695894897882,0.054684043104540433
CDMS-11-4A-GACHSA-CorrEtiq.txt,50.0,30.49618320610687,49.0,6.125954198473282,6.887404580152672,0.7061068702290076,0.9408396946564885,1.6793893129770991,30.49618320610687,28.954198473282442,3.2621795793410473,0.0947196143987991,7.416030534351145,3.4577778997229998,0.0905746057104158
CDMS-11-5A-EAARCA-CorrEtiq.txt,50.0,31.431818181818183,49.0,4.676136363636363,5.301136363636363,0.2784090909090909,0.625,1.8238636363636365,31.431818181818183,29.619318181818183,3.182181936795028,0.09473122258462051,7.170454545454546,3.353194500409593,0.1042940364966157
CDMS-11-5A-MGTHAR-CorrEtiq.txt,50.0,29.88477366255144,49.0,6.2592592592592595,7.345679012345679,1.008230452674897,1.2592592592592593,1.8106995884773662,29.88477366255144,27.51851851851852,3.329412153946686,0.09746745235608144,7.823045267489712,3.4261207862128997,0.08429633074736521
CDMS-11-6A-DFVEBE-CorrEtiq.txt,50.0,33.49812734082397,48.63670411985019,2.352059925093633,2.4232209737827715,2.097378277153558,0.50187265917603,1.3707865168539326,33.41947565543071,30.280898876404493,2.9218018621529183,0.08219228414588066,8.438202247191011,3.6108535993844626,0.058286505651959586
CDMS-11-6A-NMREPR-CorrEtiq.txt,50.0,33.99326599326599,49.0,4.154882154882155,4.474747474747475,0.0,0.31986531986531985,0.6801346801346801,33.99326599326599,31.7979797979798,2.921290124743509,0.08177318540237191,8.474747474747474,3.741978992904733,0.04711395388446392
CDMS-11-6B-ARAHE-CorrEtiq.txt,50.0,32.02302631578947,48.36184210526316,4.657894736842105,4.7269736842105265,1.381578947368421,0.3684210526315789,1.3157894736842106,31.851973684210527,29.56907894736842,3.041379019809897,0.08630888717427082,7.796052631578948,3.5291341702628345,0.048908345298706996
CDMS-11-6B-AVROTO-CorrEtiq.txt,50.0,35.641304347826086,49.0,2.989130434782609,3.25,0.0,0.2608695652173913,1.5326086956521738,35.641304347826086,31.777173913043477,2.7870859042880483,0.07659019671557421,10.255434782608695,4.281904187866005,0.07848672062517403
CDMS-11-6B-EAFESA-CorrEtiq.txt,50.0,33.15329768270945,49.0,4.2994652406417115,5.295900178253119,0.5240641711229946,0.9964349376114082,1.1853832442067735,33.15329768270945,30.925133689839573,2.9933748831002918,0.08346428323865684,8.42602495543672,3.751355246634605,0.06486106332238811
CDMS-11-6B-EFRGR-CorrEtiq.txt,50.0,30.83768115942029,49.0,6.147826086956521,6.707246376811594,0.9826086956521739,0.5884057971014492,2.52463768115942,30.83768115942029,28.860869565217392,3.2055544283302875,0.09127375528952536,7.820289855072463,3.5281250757640064,0.0993720974560302
CDMS-11-6B-EROCO-CorrEtiq.txt,50.0,31.18888888888889,48.083333333333336,4.088888888888889,4.838888888888889,0.2722222222222222,0.75,1.7555555555555555,30.977777777777778,28.81111111111111,3.105167130777594,0.09263698332427295,7.277777777777778,3.3250334384561673,0.05263199035577401
CDMS-11-6B-JACUPE-CorrEtiq.txt,50.0,29.142857142857142,47.71243042671614,4.1855287569573285,5.940630797773655,1.9758812615955472,2.0111317254174397,1.992578849721707,28.753246753246753,26.5139146567718,3.3094897510561303,0.09878488827261289,6.8441558441558445,3.225146120523519,0.10302715964897555
CDMS-11-6B-JDCHBA-CorrEtiq.txt,50.0,30.93601462522852,49.0,5.001828153564899,6.73308957952468,1.4680073126142597,2.069469835466179,1.8592321755027423,30.93601462522852,28.654478976234003,3.21623741104059,0.09094279178968852,7.83180987202925,3.5531700015221137,0.08550751270531706
CDMS-11-6B-JFSAHE-CorrEtiq.txt,50.0,35.81049562682216,48.71720116618076,2.513119533527697,3.501457725947522,0.0,0.9883381924198251,1.1253644314868805,35.65597667638484,32.886297376093296,2.7292283674497924,0.07310103016949945,8.518950437317784,3.7984032299298005,0.02692194728284237
CDMS-11-6B-JLPENA-CorrEtiq.txt,50.0,32.30034129692833,46.68259385665529,3.0853242320819114,4.092150170648464,0.5017064846416383,1.0204778156996588,2.156996587030717,31.474402730375427,27.49146757679181,2.9113313124830476,0.08490390610585899,8.392491467576791,3.631967744152049,0.07391763249313463
CDMS-11-6B-JMARME-CorrEtiq.txt,50.0,32.98556998556999,48.57864357864358,3.6911976911976914,4.913419913419913,0.21212121212121213,1.2222222222222223,1.6825396825396826,32.83694083694084,30.554112554112553,2.9697808441256246,0.08396638920522691,8.005772005772005,3.622637563541509,0.07617536806801013
CDMS-11-6B-JPSAMA-CorrEtiq.txt,50.0,35.67169811320755,48.633962264150945,2.8754716981132074,3.7849056603773583,0.36981132075471695,0.909433962264151,0.8415094339622642,35.58867924528302,31.92452830188679,2.741655097786451,0.07274872706206426,9.569811320754717,4.07513830607489,0.04421770974577879
CDMS-11-6B-LESTA-CorrEtiq.txt,50.0,31.46987951807229,49.0,4.27710843373494,5.056224899598393,0.39357429718875503,0.7791164658634538,2.1004016064257027,31.46987951807229,29.73895582329317,3.135046727660065,0.09215302582217404,7.381526104417671,3.389299936480286,0.0692323035777619
CDMS-11-6B-MAGIMU-CorrEtiq.txt,50.0,29.97482014388489,49.0,4.874100719424461,6.18705035971223,0.17625899280575538,1.3129496402877698,2.8345323741007196,29.97482014388489,28.514388489208635,3.29821568471628,0.10026562990794184,6.64748201438849,3.1183921559969914,0.1033655536109514
CDMS-11-6B-MEBRTA-CorrEtiq.txt,50.0,30.91304347826087,49.0,4.065217391304348,6.413043478260869,1.2681159420289856,2.6594202898550723,1.4202898550724639,30.91304347826087,29.079710144927535,3.200139239918585,0.09087911659141173,7.8478260869565215,3.4762151648607555,0.06588257997775057
CDMS-11-6B-MMAMO-CorrEtiq.txt,50.0,34.71976401179941,49.0,2.5368731563421827,3.112094395280236,0.6843657817109144,0.7168141592920354,1.0058997050147493,34.71976401179941,32.525073746312685,2.831215130409474,0.07769633887025305,8.14749262536873,3.665749261439886,0.04891553681613807
CDMS-11-6B-RSECA-CorrEtiq.txt,50.0,31.90721649484536,49.0,3.6357388316151202,4.941580756013746,0.2268041237113402,1.3058419243986255,1.5189003436426116,31.90721649484536,30.27147766323024,3.10232910980382,0.09115420030659799,6.993127147766323,3.2727592938275114,0.0790120395035175
CDMS-11-6B-SCAPA-CorrEtiq.txt,50.0,34.701388888888886,49.0,3.263888888888889,3.3402777777777777,0.0,0.0763888888888889,1.3402777777777777,34.701388888888886,32.31944444444444,2.8475582071204686,0.07945448162858791,8.625,3.7685276920909954,0.025716494704845775
CDMS-11-6B-VZAPE-CorrEtiq.txt,50.0,31.194444444444443,49.0,5.277777777777778,6.6342592592592595,0.9074074074074074,1.3564814814814814,1.1712962962962963,31.194444444444443,29.425925925925927,3.1660171581694647,0.08960545653936781,7.518518518518518,3.503460363792284,0.054445272647647605
CDMS-11-6B-YLNIME-CorrEtiq.txt,50.0,33.487719298245615,49.0,3.3859649122807016,4.112280701754386,0.0,0.7263157894736842,0.968421052631579,33.487719298245615,31.67719298245614,2.9452052661078505,0.08380566941723464,8.08421052631579,3.583810617521362,0.038367754473487385
CDMS-11-7C-ICARE-CorrEtiq.txt,50.0,32.26229508196721,49.0,4.864754098360656,5.762295081967213,0.2827868852459016,0.8975409836065574,2.1598360655737703,32.26229508196721,29.84426229508197,3.0622755356676645,0.08684875242462481,8.397540983606557,3.7059157069232964,0.09487664732222832
CDMS-11-7C-IMOIB-CorrEtiq.txt,50.0,35.333333333333336,49.0,1.9868766404199476,3.136482939632546,0.6430446194225722,1.1496062992125984,0.984251968503937,35.333333333333336,32.93963254593176,2.7902859305351506,0.07559329165106844,8.67979002624672,3.8531861626299153,0.03848001345820201
CDMS-11-7C-SALMA-CorrEtiq.txt,50.0,32.951951951951955,49.0,5.102102102102102,5.831831831831832,0.0,0.7297297297297297,1.3453453453453454,32.951951951951955,31.12912912912913,2.989314154870497,0.08286328206547187,7.978978978978979,3.6375063832217456,0.06172215938065446
CDMS-11-7C-SPGAVE-CorrEtiq.txt,50.0,33.205607476635514,48.09345794392523,3.7803738317757007,4.640186915887851,1.911214953271028,1.2850467289719627,1.6121495327102804,32.742990654205606,28.602803738317757,2.9207137935466707,0.07890254295791116,9.72429906542056,4.126905083762851,0.07105544083128723
CDMS-12-5A-SRIGO-CorrEtiq.txt,50.0,34.53258426966292,49.0,3.0831460674157305,3.6337078651685393,0.550561797752809,0.6584269662921348,0.7370786516853932,34.53258426966292,32.21123595505618,2.8505078672045934,0.0781974789160352,8.249438202247191,3.691908217720503,0.036533088647017646
CDMS-12-6A-FAROPA-CorrEtiq.txt,50.0,34.90415335463259,49.0,2.364217252396166,2.891373801916933,0.6261980830670927,0.5527156549520766,0.7859424920127795,34.90415335463259,33.0702875399361,2.819083086632915,0.07751603995224633,7.81150159744409,3.6226383295255453,0.034828887158129596
CDMS-12-6A-JGIGA-CorrEtiq.txt,50.0,30.69736842105263,49.0,3.5657894736842106,5.328947368421052,0.4605263157894737,1.763157894736842,1.3903508771929824,30.69736842105263,29.18421052631579,3.219491515841017,0.09659567227174218,6.7894736842105265,3.1329072881292377,0.05267506001268192
CDMS-12-6A-JSOTGU-CorrEtiq.txt,50.0,31.03238095238095,49.0,4.582857142857143,5.110476190476191,0.56,0.5371428571428571,1.9714285714285715,31.03238095238095,29.34095238095238,3.184492659452805,0.09486061629445913,7.386666666666667,3.3517067188988596,0.08563258257711542
CDMS-12-6A-SROAL-CorrEtiq.txt,50.0,34.475935828877006,49.0,2.8850267379679146,3.5106951871657754,0.393048128342246,0.6256684491978609,1.2994652406417113,34.475935828877006,32.1524064171123,2.876758965336899,0.08026679471600733,7.983957219251337,3.6689514991748,0.06050227231871475
CDMS-12-6B-IJDAGA-CorrEtiq.txt,50.0,31.396428571428572,49.0,3.757142857142857,4.864285714285714,2.5642857142857145,1.3642857142857143,1.9392857142857143,31.396428571428572,29.185714285714287,3.146048776053853,0.08879054547699416,8.325,3.6393223462439286,0.07806831767233138
CDMS-12-6B-SCLAG-CorrEtiq.txt,50.0,32.00231481481482,49.0,3.9583333333333335,4.99537037037037,1.125,1.2592592592592593,1.7939814814814814,32.00231481481482,29.71064814814815,3.0799273069880666,0.08749660609711796,7.810185185185185,3.5239030017373847,0.07101801431603356
CDMS-12-7C-ARAHE-CorrEtiq.txt,50.0,31.713513513513515,49.0,3.6054054054054054,5.237837837837838,0.0,1.6324324324324324,2.5135135135135136,31.713513513513515,29.972972972972972,3.1075407123853642,0.09092309228829491,7.091891891891892,3.238431787696259,0.1047002244283812
CDMS-12-7C-CATRAR-CorrEtiq.txt,50.0,33.62098501070664,48.37687366167024,3.650963597430407,4.571734475374733,0.0,0.9207708779443254,1.676659528907923,33.40256959314775,31.261241970021413,2.8976373734771954,0.08097575972380465,8.085653104925054,3.6428883855367906,0.052772916435644295
CDMS-12-7C-DLOLO-CorrEtiq.txt,50.0,31.995983935742974,49.0,4.357429718875502,4.550200803212851,0.2891566265060241,0.1927710843373494,1.9518072289156627,31.995983935742974,29.879518072289155,3.080252011432679,0.09044466230495567,7.602409638554217,3.425247656862886,0.11108328672174231
CDMS-12-7C-JSZAOR-CorrEtiq.txt,50.0,36.06617647058823,49.0,1.1691176470588236,2.3823529411764706,0.3161764705882353,1.213235294117647,0.9632352941176471,36.06617647058823,33.75735294117647,2.724429779957895,0.07372775146206921,8.191176470588236,3.7089491501674092,0.03972955740017209
CDMS-12-7C-MAROBE-CorrEtiq.txt,50.0,35.65909090909091,49.0,2.5487012987012987,3.7759740259740258,0.0,1.2272727272727273,1.3636363636363635,35.65909090909091,32.717532467532465,2.7695523894835667,0.07447830921240679,8.925324675324676,3.9341227204011644,0.06996762080860044
CDMS-12-7C-VMAPA-CorrEtiq.txt,50.0,32.84905660377358,49.0,3.9339622641509435,4.990566037735849,0.0,1.0566037735849056,1.3962264150943395,32.84905660377358,30.943396226415093,2.998836595931007,0.08519531866004362,7.226415094339623,3.336627904487963,0.06423725623332495
CDMS-12-7C-VQURA-CorrEtiq.txt,50.0,34.093869731800766,48.35249042145594,3.6053639846743293,4.549808429118774,0.09386973180076628,0.9444444444444444,1.8218390804597702,33.81609195402299,30.061302681992338,2.8574373013256857,0.07894952241570927,8.867816091954023,3.8648098891588485,0.07294013010503077
CDMS-13-6B-ASUMO-CorrEtiq.txt,50.0,33.71515151515152,46.266666666666666,2.1151515151515152,3.3515151515151516,0.5515151515151515,1.2363636363636363,2.6484848484848484,32.47878787878788,27.151515151515152,2.7583774735322044,0.07779200372594947,8.709090909090909,3.6865562407027075,0.08203693346732706
CDMS-13-6B-JDTAHE-CorrEtiq.txt,50.0,33.745098039215684,47.47843137254902,3.1882352941176473,3.9568627450980394,0.7686274509803922,0.7686274509803922,1.9058823529411764,33.14509803921569,28.862745098039216,2.827444258530723,0.07815382545555684,8.709803921568627,3.774981902507681,0.08684035462817376
CDMS-13-7C-MVEAR-CorrEtiq.txt,50.0,30.716269841269842,48.61507936507937,3.5595238095238093,3.8134920634920637,1.992063492063492,0.5654761904761905,1.6805555555555556,30.613095238095237,29.015873015873016,3.1977856335655828,0.09617964774127062,6.988095238095238,3.2557995669969872,0.07958367975648589
CDMS-13-7C-RAIZAC-CorrEtiq.txt,50.0,33.52427184466019,49.0,3.2135922330097086,5.12621359223301,0.47572815533980584,1.912621359223301,0.7281553398058253,33.52427184466019,31.864077669902912,2.935482468459707,0.08025311412660704,7.524271844660194,3.558954000599288,0.04018078523379724
CDMS-13-7C-SSOSLO-CorrEtiq.txt,50.0,31.67753001715266,48.6672384219554,4.123499142367067,5.005145797598628,1.0566037735849056,0.888507718696398,2.6243567753001713,31.334476843910807,29.337907375643226,3.1124510013092737,0.0899858787235132,7.569468267581475,3.429536994359446,0.10698581951282102
CDMS-14-10A-IMORTO-CorrEtiq.txt,50.0,32.47211895910781,49.0,4.5018587360594795,5.836431226765799,0.137546468401487,1.3345724907063197,1.2267657992565055,32.47211895910781,30.728624535315983,3.0379418528414797,0.08538986958019991,7.869888475836431,3.585729258271049,0.05464938210010472
CDMS-14-10A-JCVANI-CorrEtiq.txt,50.0,35.790361445783134,49.0,2.139759036144578,3.327710843373494,0.3542168674698795,1.1879518072289157,0.5518072289156627,35.790361445783134,32.44819277108434,2.7627724193294756,0.07409930707446001,9.419277108433734,4.0791883080486615,0.03167829870858253
CDMS-14-5A-LSDUCO-CorrEtiq.txt,50.0,30.391304347826086,49.0,5.232919254658385,6.841614906832298,0.45652173913043476,1.608695652173913,2.0745341614906834,30.391304347826086,28.5,3.24112455897668,0.09426909748382975,7.204968944099379,3.3490288925292218,0.0948399328423972
CDMS-14-6B-KDCAHE-CorrEtiq.txt,50.0,33.11389521640091,48.77904328018223,4.009111617312073,5.403189066059226,1.1298405466970387,1.612756264236902,1.6924829157175398,32.93849658314351,29.50113895216401,2.970500528797434,0.08079152500412509,8.637813211845103,3.876518408921897,0.07109169338003386
CDMS-15-10A-AMALOS-CorrEtiq.txt,50.0,33.73781512605042,49.0,2.9445378151260506,4.363025210084033,1.226890756302521,1.4705882352941178,1.0016806722689076,33.73781512605042,31.549579831932775,2.92254558803999,0.07962023836501263,8.036974789915966,3.686621626863919,0.03733880454129224
CDMS-15-10A-JJMACH-CorrEtiq.txt,50.0,35.85450061652281,48.76078914919852,2.3526510480887795,2.844636251541307,0.42293464858199753,0.5388409371146733,1.0480887792848335,35.792848335388406,33.237977805178794,2.7372339426766987,0.07385042738712796,8.732429099876695,3.8998465176636565,0.04762995192530685
CDMS-15-10A-MAALCA-CorrEtiq.txt,50.0,34.51032448377581,49.0,2.3067846607669615,3.274336283185841,0.4336283185840708,0.967551622418879,1.4365781710914454,34.51032448377581,32.51622418879056,2.855496713848381,0.07939935137223245,8.029498525073747,3.7046600891887604,0.06371895087384004
CDMS-15-10A-MAALRI-CorrEtiq.txt,50.0,35.220588235294116,49.0,2.784313725490196,4.134803921568627,0.3602941176470588,1.3504901960784315,1.3406862745098038,35.220588235294116,32.450980392156865,2.7989445441431196,0.07496487948818674,9.181372549019608,4.007549397345217,0.04698695624429796
CDMS-15-10A-SGOMO-CorrEtiq.txt,50.0,36.003154574132495,49.0,2.854889589905363,3.195583596214511,0.23659305993690852,0.34069400630914826,1.3470031545741326,36.003154574132495,33.570977917981075,2.7301852073597446,0.0729076170385301,8.637223974763407,3.9303636436902867,0.06291143857857794
CDMS-15-10A-SHEGA-CorrEtiq.txt,50.0,34.361930294906166,49.0,1.7882037533512065,2.721179624664879,0.13136729222520108,0.9329758713136729,2.689008042895442,34.361930294906166,32.35120643431635,2.8723258528940923,0.08229875884534359,8.021447721179625,3.6023563199055997,0.10301886275471811
CDMS-15-11B-JEMOLO-CorrEtiq.txt,50.0,34.93754702784048,49.0,3.468021068472536,4.27163280662152,0.6012039127163281,0.8743416102332581,1.0158013544018059,34.93754702784048,32.154251316779536,2.826471713338492,0.07557187068279472,8.950338600451467,3.992627543266131,0.04450837103315646
CDMS-15-11B-VSAHO-CorrEtiq.txt,50.0,33.44214876033058,49.0,4.338842975206612,4.785123966942149,0.6074380165289256,0.6446280991735537,0.987603305785124,33.44214876033058,31.334710743801654,2.952112701100583,0.08155103640909611,7.971074380165289,3.681872519821884,0.04304944627915543
CDMS-16-10A-SGALO-CorrEtiq.txt,50.0,34.764227642276424,49.0,2.9051490514905147,3.81029810298103,0.21138211382113822,0.9051490514905149,1.4905149051490514,34.764227642276424,32.170731707317074,2.8359326201369432,0.07763427310258968,9.176151761517616,4.034920448222011,0.06697319567069906
CDMS-16-11B-NGABE-CorrEtiq.txt,50.0,35.78054298642534,48.56108597285068,2.3846153846153846,3.262443438914027,0.22171945701357465,0.8778280542986425,0.8574660633484162,35.665158371040725,32.7579185520362,2.727695752072806,0.07348894428288276,8.997737556561086,3.954116045645875,0.035688177463368866
CDMS-17-10A-ASSAMO-CorrEtiq.txt,50.0,37.16605166051661,49.0,1.878228782287823,2.2287822878228782,0.0,0.3505535055350554,1.1771217712177122,37.16605166051661,34.601476014760145,2.64589687123087,0.0702610173146602,9.040590405904059,4.038821736750303,0.048255169694922016
CDMS-18-7C-VVECA-CorrEtiq.txt,50.0,32.29192546583851,48.81987577639752,4.090062111801243,5.186335403726708,0.15217391304347827,1.0962732919254659,1.7018633540372672,32.201863354037265,30.17391304347826,3.0445437012866865,0.08728796537089406,7.543478260869565,3.417410344929251,0.08723339096533143
CDMS-8-4A-DBEVA-CorrEtiq.txt,50.0,29.319702602230482,49.0,4.401486988847584,5.397769516728625,0.9814126394052045,1.1524163568773234,2.8178438661710037,29.319702602230482,27.847583643122675,3.3687596034895146,0.1044076093515696,6.297397769516729,3.0183095851778754,0.0884807263811994
CDMS-8-4A-DJAVDA-CorrEtiq.txt,50.0,28.385650224215247,48.699551569506724,5.004484304932736,6.7174887892376685,2.807174887892377,2.031390134529148,2.3408071748878925,28.385650224215247,26.278026905829595,3.4707592448458495,0.10350429119236453,6.84304932735426,3.115930815608798,0.09984487815590058
CDMS-8-4A-DOSTR-CorrEtiq.txt,50.0,30.20855614973262,49.0,5.158645276292335,6.163992869875223,1.2263814616755793,1.3475935828877006,2.415329768270945,30.20855614973262,28.32976827094474,3.2815279536918247,0.09655434994300252,7.17825311942959,3.2859452646337393,0.09614550389590773
CDMS-8-4A-LGOPA-CorrEtiq.txt,50.0,30.021406727828747,48.80428134556575,5.229357798165138,6.972477064220183,0.764525993883792,1.853211009174312,2.853211009174312,29.810397553516818,27.819571865443425,3.2782405975231574,0.09590303344330742,7.697247706422019,3.435514507584319,0.1233852403270482
CDMS-8-4C-JDBUTU-CorrEtiq.txt,50.0,29.269624573378838,48.91126279863481,5.150170648464163,6.5699658703071675,2.3515358361774745,1.9146757679180888,1.819112627986348,29.269624573378838,27.631399317406142,3.376159779522925,0.09874505123218556,6.723549488054608,3.1783287194346834,0.08332327488464768
CDMS-9-4A-ACDUTR-CorrEtiq.txt,50.0,31.904411764705884,49.0,3.713235294117647,4.4338235294117645,1.0808823529411764,0.7205882352941176,2.0220588235294117,31.904411764705884,29.96323529411765,3.097607448259981,0.08976454247544481,7.386029411764706,3.335860429252886,0.09254492700186032
CDMS-9-4A-CARGA-CorrEtiq.txt,50.0,32.240793201133144,49.0,3.9320113314447593,4.195467422096317,0.6883852691218131,0.5439093484419264,1.8696883852691217,32.240793201133144,30.334277620396602,3.069063815561194,0.08953789693916135,7.43342776203966,3.385692597225005,0.09579566158866061
CDMS-9-4A-CRAAG-CorrEtiq.txt,50.0,29.65530303030303,48.265151515151516,5.632575757575758,6.401515151515151,1.1136363636363635,0.7689393939393939,3.378787878787879,29.420454545454547,27.46212121212121,3.317594360076622,0.09907961236496673,7.075757575757576,3.259865147673079,0.1299731401106804
CDMS-9-4A-EROHI-CorrEtiq.txt,50.0,32.97864768683274,49.0,3.693950177935943,4.195729537366548,1.2455516014234875,0.501779359430605,1.4341637010676156,32.97864768683274,31.04270462633452,2.988559638317399,0.08359665223910437,8.320284697508896,3.6882629636820297,0.0683378585963594
CDMS-9-4A-ILOSE-CorrEtiq.txt,50.0,30.358974358974358,49.0,5.5054945054945055,6.058608058608058,0.0,0.5531135531135531,2.2967032967032965,30.358974358974358,28.952380952380953,3.2698161115670636,0.09954310247038613,6.981684981684982,3.2401207804425534,0.08411964065833905
CDMS-9-4A-TGAFR-CorrEtiq.txt,50.0,30.29184549356223,49.0,5.871244635193133,7.356223175965665,0.27467811158798283,1.4849785407725322,2.236051502145923,30.29184549356223,28.527896995708154,3.2572872486761124,0.09441780030869273,6.660944206008583,3.14292462979714,0.08335385772510374
CDMS-9-4C-SCAMO-CorrEtiq.txt,50.0,37.62162162162162,47.95135135135135,1.6864864864864866,1.945945945945946,0.2648648648648649,0.2594594594594595,0.7837837837837838,37.12972972972973,33.14594594594595,2.556193136213361,0.06690993750505048,10.010810810810812,4.390882106654896,0.03143368833934676
CDMS-9-5A-ABERO-CorrEtiq.txt,50.0,32.10158013544018,48.78103837471783,4.7313769751693,5.799097065462754,1.0564334085778782,1.1760722347629797,0.7697516930022573,31.970654627539503,29.336343115124155,3.0878654552618903,0.08671055142209298,8.148984198645598,3.632450498435923,0.03653623717630268
CDMS-9-5A-PAGACO-CorrEtiq.txt,50.0,32.12643678160919,49.0,3.3793103448275863,4.590038314176245,0.7279693486590039,1.210727969348659,1.471264367816092,32.12643678160919,30.379310344827587,3.0739077676915016,0.08884338753900803,7.628352490421456,3.527836394711673,0.06505775623315353
CDMS-9-5A-VVAAR-CorrEtiq.txt,50.0,29.883561643835616,49.0,4.945205479452055,6.917808219178082,0.6712328767123288,1.9726027397260273,1.952054794520548,29.883561643835616,28.315068493150687,3.333200414625,0.09910587730747229,6.883561643835616,3.1694361206414903,0.09526198690491558
CDMS-9-5C-JDMADE-CorrEtiq.txt,50.0,32.089285714285715,49.0,4.708333333333333,5.619047619047619,2.6607142857142856,1.5952380952380953,1.0892857142857142,32.089285714285715,28.791666666666668,3.08058416775771,0.08356289856978713,9.238095238095237,4.04973122400996,0.059337621818284184
CDMS-9-5C-LVIZAC-CorrEtiq.txt,50.0,33.91111111111111,49.0,3.6634920634920634,4.526984126984127,0.6222222222222222,0.8634920634920635,2.2222222222222223,33.91111111111111,31.13015873015873,2.9053583383884853,0.0795071410082823,9.133333333333333,3.87497938090089,0.07264047422945542
CDMS-9-5C-MLOGO-CorrEtiq.txt,50.0,31.12987012987013,49.0,4.357142857142857,4.970779220779221,1.0649350649350648,0.6136363636363636,3.633116883116883,31.12987012987013,29.113636363636363,3.1755187521002814,0.09345587311451205,7.7727272727272725,3.429135984490734,0.13796518849403747
CDMS-9-5C-SCAAG-CorrEtiq.txt,50.0,33.144067796610166,48.17796610169491,3.4279661016949152,4.313559322033898,0.576271186440678,0.885593220338983,1.9703389830508475,32.50847457627118,30.529661016949152,2.9351272646438025,0.0830863454499091,8.182203389830509,3.61983818675713,0.08174572848917061
CDMS-XX-10A-VGILO-CorrEtiq.txt,50.0,33.62111801242236,48.39751552795031,3.0559006211180124,3.1832298136645965,1.670807453416149,0.2919254658385093,0.953416149068323,33.24223602484472,30.288819875776397,2.8996093824740194,0.08062607860057824,7.931677018633541,3.6602972581732804,0.04649146280575315
CDMS-XX-5C-MJSARU-CorrEtiq.txt,50.0,34.553903345724905,49.0,2.2602230483271377,3.836431226765799,0.3643122676579926,1.5762081784386617,1.2936802973977695,34.553903345724905,31.977695167286246,2.8590754365451083,0.07856786382827753,8.394052044609666,3.757596454853419,0.06246503440119315
CDMS-XX-5C-MPCAQU-CorrEtiq.txt,50.0,31.653153153153152,49.0,4.3108108108108105,5.04054054054054,0.0,0.7297297297297297,2.310810810810811,31.653153153153152,29.666666666666668,3.141398518649964,0.09328990231944305,7.400900900900901,3.374480679264062,0.09140681860952987
CDMS-XX-6A-MAGICA-CorrEtiq.txt,50.0,34.823691460055095,48.76170798898072,2.59366391184573,3.242424242424242,0.1349862258953168,0.6487603305785123,1.0206611570247934,34.819559228650135,31.90495867768595,2.812860173040953,0.07797819149519558,8.869146005509641,3.861952796292013,0.05247102732450145
CDMS-XX-6B-SPUCA-CorrEtiq.txt,50.0,34.32059447983015,49.0,3.186836518046709,4.813163481953291,0.1040339702760085,1.6263269639065818,1.394904458598726,34.32059447983015,32.074309978768575,2.883039044262425,0.07858999415876222,8.575371549893843,3.761797713571197,0.06726102988495149
CSO-10-4A-ICAPA-CorrEtiq.txt,50.0,31.309859154929576,48.77230046948357,4.427230046948357,5.723004694835681,0.2300469483568075,1.295774647887324,1.9530516431924883,31.309859154929576,29.112676056338028,3.132767734621401,0.09139871944494912,7.55868544600939,3.3680552473605996,0.11216924128927523
CSO-10-4A-KCOMO-CorrEtiq.txt,50.0,30.455531453362255,49.0,4.865509761388286,6.613882863340564,0.7093275488069414,1.7483731019522777,1.5726681127982647,30.455531453362255,28.193058568329718,3.275116779708924,0.09618081540060955,7.394793926247289,3.3231042034576364,0.0889942070932187
CSO-10-4A-LRAVI-CorrEtiq.txt,50.0,28.492957746478872,48.478873239436616,5.598591549295775,7.570422535211268,0.0,1.971830985915493,3.1267605633802815,28.204225352112676,26.690140845070424,3.4260038975540574,0.10572383843441792,6.330985915492958,2.915609423364869,0.15575510254846237
CSO-10-4A-LSCAVA-CorrEtiq.txt,50.0,35.092664092664094,49.0,4.115830115830116,5.853281853281853,0.1891891891891892,1.7374517374517375,1.0694980694980696,35.092664092664094,31.08880308880309,2.8105051459467973,0.07272673173559994,10.054054054054054,4.332276775024171,0.06360015181564246
CSO-10-5A-ACAVA-CorrEtiq.txt,50.0,34.90588235294118,49.0,2.7176470588235295,3.223529411764706,1.423529411764706,0.6352941176470588,1.2509803921568627,34.90588235294118,31.933333333333334,2.832418862582683,0.076425546040786,9.125490196078431,4.028568407042851,0.06057947784533415
CSO-10-5A-ARACA-CorrEtiq.txt,50.0,32.5,45.641304347826086,4.192028985507246,4.336956521739131,1.315217391304348,0.3079710144927536,0.4963768115942029,31.340579710144926,26.76086956521739,2.8179092054845887,0.07857776999166337,8.746376811594203,3.7981167844870596,0.03725742042192055
CSO-10-5A-DABRZA-CorrEtiq.txt,50.0,30.31111111111111,48.82037037037037,5.816666666666666,7.227777777777778,0.725925925925926,1.4111111111111112,2.1351851851851853,30.164814814814815,27.56851851851852,3.3049944972559637,0.09714693618413267,8.301851851851852,3.598986231284702,0.09027759587909913
CSO-10-5A-GZAMA-CorrEtiq.txt,50.0,33.65619546247819,48.82897033158813,3.425828970331588,4.303664921465969,0.17102966841186737,0.8778359511343804,1.818499127399651,33.652705061082024,31.605584642233858,2.9357493640959222,0.08292914774305031,7.924956369982548,3.622932865315519,0.09021229656919423
CSO-10-5A-IPECA-CorrEtiq.txt,50.0,33.582644628099175,49.0,3.4173553719008263,4.095041322314049,0.17355371900826447,0.6776859504132231,2.177685950413223,33.582644628099175,31.119834710743802,2.9397503112072956,0.08306432588412181,7.760330578512397,3.5577650715387197,0.06798943283931051
CSO-10-5A-JANORO-CorrEtiq.txt,50.0,33.802919708029194,48.29197080291971,3.0291970802919708,4.427007299270073,0.2591240875912409,1.397810218978102,1.686131386861314,33.551094890510946,30.642335766423358,2.8718924260356586,0.07944731246972422,7.91970802919708,3.597963910068919,0.07713772295702563
CSO-10-5A-JBUVE-CorrEtiq.txt,50.0,35.096774193548384,49.0,3.4838709677419355,4.282258064516129,0.7903225806451613,0.7983870967741935,1.4556451612903225,35.096774193548384,32.00806451612903,2.807273745325145,0.07430020498197536,9.084677419354838,4.048184422611873,0.05370638499851456
CSO-10-5A-JJSEMO-CorrEtiq.txt,50.0,30.534562211981566,48.55299539170507,4.824884792626728,5.71889400921659,0.22580645161290322,0.8940092165898618,1.2580645161290323,30.534562211981566,28.695852534562214,3.1976446873089253,0.09585749599274687,6.870967741935484,3.1891781566340924,0.06685477011763884
CSO-10-5A-JLCARI-CorrEtiq.txt,50.0,34.012121212121215,48.224242424242426,2.987878787878788,3.6666666666666665,0.44242424242424244,0.6787878787878788,0.8363636363636363,33.84848484848485,29.587878787878786,2.8567155471922776,0.0797713879031229,8.824242424242424,3.883049021028653,0.04216568522070728
CSO-10-5A-MAARAN-CorrEtiq.txt,50.0,30.90745501285347,49.0,5.015424164524422,5.652956298200514,0.2519280205655527,0.6375321336760925,2.8123393316195373,30.90745501285347,29.354755784061698,3.1955397682349713,0.09471837569645937,6.987146529562982,3.2331019937553633,0.1265879772679295
CSO-10-5A-MAOSMO-CorrEtiq.txt,50.0,35.973365617433416,49.0,2.8159806295399514,3.4624697336561745,0.11864406779661017,0.6464891041162227,0.6610169491525424,35.973365617433416,33.32687651331719,2.7400534325509227,0.07328070422511646,9.34866828087167,4.080652032587628,0.03328026714427425
CSO-10-5A-RVMOIB-CorrEtiq.txt,50.0,35.0,49.0,2.486935866983373,3.0688836104513064,0.38954869358669836,0.5819477434679335,1.4655581947743468,35.0,32.60807600950119,2.8170008072353045,0.07757299097643053,8.399049881235154,3.720329983144418,0.04998926232204521
CSO-10-5A-SVHEES-CorrEtiq.txt,50.0,31.734939759036145,49.0,3.5469879518072287,4.47710843373494,1.3397590361445784,0.9301204819277108,1.5493975903614459,31.734939759036145,29.906024096385543,3.121035884280084,0.09060727991191787,7.390361445783133,3.350571841234906,0.0778666882244437
CSO-11-5A-MDVOSPE-CorrEtiq.txt,50.0,33.18639053254438,48.71301775147929,3.8757396449704142,4.5266272189349115,0.27514792899408286,0.650887573964497,1.547337278106509,33.18639053254438,31.153846153846153,2.9606511213984046,0.08385425190605873,7.834319526627219,3.5633823946257497,0.06972040578545866
CSO-11-5A-MTAGA-CorrEtiq.txt,50.0,36.43648208469055,49.0,2.9413680781758957,3.729641693811075,0.8371335504885994,0.7882736156351792,0.8338762214983714,36.43648208469055,33.153094462540714,2.7130871120644975,0.07012341999940869,10.270358306188925,4.402824834358669,0.029043077536307246
CSO-11-6A-CAPAMU-CorrEtiq.txt,50.0,35.56603773584906,47.17520215633423,2.522911051212938,2.784366576819407,0.706199460916442,0.261455525606469,1.4070080862533694,34.264150943396224,29.266846361185983,2.6775550501188756,0.07269463050878999,9.606469002695418,4.099587139171382,0.04552546033809346
CSO-11-6A-DSCACH-CorrEtiq.txt,50.0,35.74576271186441,49.0,2.7161016949152543,2.9237288135593222,0.2076271186440678,0.2076271186440678,0.6991525423728814,35.74576271186441,33.15677966101695,2.7672927382548735,0.07551339121649032,8.25,3.7498756152581487,0.023974088099957193
CSO-11-6A-EROMO-CorrEtiq.txt,50.0,32.413978494623656,49.0,4.150537634408602,7.150537634408602,0.0,3.0,0.8387096774193549,32.413978494623656,29.940860215053764,3.0404188589703645,0.08299526441098241,7.580645161290323,3.5500983753902053,0.048603943708787074
CSO-11-6A-FSOVRE-CorrEtiq.txt,50.0,30.721227621483376,48.50383631713555,4.618925831202046,5.9028132992327365,0.4833759590792839,1.2838874680306904,1.938618925831202,30.445012787723787,28.575447570332482,3.187126762326974,0.09426339760330331,6.907928388746803,3.2717829262165603,0.07802670046110867
CSO-11-6B-ANREVA-CorrEtiq.txt,50.0,32.950146627565985,49.0,3.7126099706744866,4.55425219941349,0.2873900293255132,0.841642228739003,1.9178885630498534,32.950146627565985,30.941348973607038,2.9989495163639526,0.08542150207792323,7.457478005865102,3.403798955517547,0.078681116980293
CSO-11-6B-DISEMO-CorrEtiq.txt,50.0,35.7,47.14736842105263,2.8263157894736843,4.157894736842105,0.0,1.331578947368421,1.2105263157894737,35.1578947368421,28.010526315789473,2.658206798487162,0.07015328566758525,10.384210526315789,4.270300421243148,0.04014065587151069
CSO-11-6B-LHFDLACH-CorrEtiq.txt,50.0,34.25668449197861,48.481283422459896,5.021390374331551,6.438502673796791,0.56951871657754,1.4171122994652405,1.3475935828877006,33.95454545454545,29.620320855614974,2.868200127795733,0.07460487972271389,10.01336898395722,4.282156246040119,0.05329694103835554
CSO-11-6B-RJGIHE-CorrEtiq.txt,50.0,32.77018633540373,49.0,2.9130434782608696,3.642857142857143,0.8850931677018633,0.8819875776397516,2.9627329192546585,32.77018633540373,30.75465838509317,3.0035600199920194,0.08635872412519074,7.521739130434782,3.405189010573373,0.12033110963750038
CSO-11-6B-SFLVA-CorrEtiq.txt,50.0,30.66315789473684,49.0,4.175438596491228,5.649122807017544,1.9157894736842105,1.656140350877193,2.736842105263158,30.66315789473684,28.92982456140351,3.2504173875173272,0.09426416763165295,7.543859649122807,3.4614803643795957,0.10629774190759815
CSO-11-6B-VCOMA-CorrEtiq.txt,50.0,34.37735849056604,49.0,3.362264150943396,4.475471698113208,0.3018867924528302,1.169811320754717,1.5169811320754718,34.37735849056604,31.494339622641508,2.879204370445385,0.07879653509976747,8.90566037735849,3.875745235935906,0.06049599194243976
CSO-12-6A-DGISE-CorrEtiq.txt,50.0,33.059322033898304,49.0,3.9322033898305087,4.77542372881356,2.364406779661017,1.402542372881356,1.347457627118644,33.059322033898304,29.372881355932204,2.983687214830012,0.08002866774836971,9.165254237288135,4.011988785385851,0.07337418358947391
CSO-12-6A-FJOVRE-CorrEtiq.txt,50.0,31.962962962962962,48.34680134680135,3.259259259259259,4.407407407407407,0.8518518518518519,1.1750841750841752,1.9932659932659933,31.754208754208754,29.25925925925926,3.0496530589777313,0.08896038146632718,7.2087542087542085,3.34193767251554,0.07320087732642235
CSO-12-6B-GQULO-CorrEtiq.txt,50.0,32.57857142857143,49.0,2.925,4.257142857142857,1.3357142857142856,1.332142857142857,0.9357142857142857,32.57857142857143,30.321428571428573,3.043927967792859,0.08679465632016682,8.085714285714285,3.5567916269425854,0.06267852046765496
CSO-12-6B-LJHEFE-CorrEtiq.txt,50.0,35.36877828054298,49.0,2.6561085972850678,3.823529411764706,0.4796380090497738,1.167420814479638,1.416289592760181,35.36877828054298,32.66289592760181,2.793924836580543,0.07501409401717403,9.273755656108598,4.067659083427641,0.06951586042854435
CSO-12-6B-VPAMA-CorrEtiq.txt,50.0,30.018987341772153,42.49367088607595,5.449367088607595,5.7405063291139244,0.620253164556962,0.2911392405063291,1.7215189873417722,28.40506329113924,21.430379746835442,2.842171892209899,0.08371373901736918,7.474683544303797,3.3081753197520767,0.06295177295370635
CSO-12-7A-DALRE-CorrEtiq.txt,50.0,29.832618025751074,48.77038626609442,5.854077253218884,6.703862660944206,0.9828326180257511,0.8905579399141631,2.3025751072961373,29.830472103004293,27.877682403433475,3.3031226346647973,0.09768674808756198,7.506437768240343,3.4083842077358124,0.10404161562646337
CSO-12-7A-ESALA-CorrEtiq.txt,50.0,31.46031746031746,49.0,3.677248677248677,4.407407407407407,0.0,0.7301587301587301,2.259259259259259,31.46031746031746,29.82010582010582,3.1401367962224738,0.09492147455829134,6.476190476190476,3.0746269489418143,0.09062093458226145
CSO-12-7A-IMERO-CorrEtiq.txt,50.0,33.82553956834533,49.0,3.4676258992805757,4.64568345323741,0.6169064748201439,1.1780575539568345,1.5359712230215827,33.82553956834533,31.257194244604317,2.918055335786181,0.08021076269286458,9.079136690647482,3.8991415054212255,0.07322288807032375
CSO-12-7A-JHEZA-CorrEtiq.txt,50.0,35.871369294605806,47.12033195020747,2.8132780082987554,3.87551867219917,1.0912863070539418,1.062240663900415,1.5145228215767634,34.518672199170126,29.92116182572614,2.6317896017255626,0.06760187734712346,10.514522821576763,4.517077766170484,0.05572881881199623
CSO-12-7A-LSARAR-CorrEtiq.txt,50.0,30.766169154228855,49.0,5.024875621890548,6.582089552238806,0.0,1.5572139303482586,1.4427860696517414,30.766169154228855,28.83582089552239,3.212690246316774,0.09422734122521612,6.890547263681592,3.237918017419255,0.06686688953727637
CSO-12-7A-SCAHO-CorrEtiq.txt,50.0,32.902857142857144,49.0,4.14,5.014285714285714,0.14,0.8742857142857143,1.6657142857142857,32.902857142857144,30.645714285714284,2.994402654595019,0.08482343059338987,8.06,3.6061558982349426,0.06780557202056622
CSO-12-7B-DVAGRO-CorrEtiq.txt,50.0,35.323232323232325,49.0,2.8922558922558923,4.033670033670034,1.1548821548821548,1.303030303030303,1.5454545454545454,35.323232323232325,30.838383838383837,2.7968916993656974,0.07346861658809042,10.673400673400673,4.503957735428596,0.060631117873729205
CSO-12-7B-SMUGU-CorrEtiq.txt,50.0,33.48430493273543,49.0,2.780269058295964,3.273542600896861,0.6591928251121076,0.49327354260089684,2.0,33.48430493273543,30.887892376681613,2.95700217666054,0.08531242438157997,8.551569506726457,3.6691566333964,0.08256151341661808
CSO-12-7B-SSARA-CorrEtiq.txt,50.0,35.34628975265018,49.0,2.628975265017668,3.3180212014134276,0.8657243816254417,0.6890459363957597,0.8127208480565371,35.34628975265018,32.63250883392226,2.80032354646121,0.0755676474170677,9.173144876325088,4.0278693932131455,0.02251361464226712
CSO-12-7B-VHOMA-CorrEtiq.txt,50.0,36.83076923076923,49.0,2.096703296703297,2.512087912087912,0.8131868131868132,0.6263736263736264,0.8747252747252747,36.83076923076923,33.64835164835165,2.67839061761303,0.07038341172206267,9.654945054945054,4.195800831221443,0.053932855301005424
CSO-12-8A-YTOME-CorrEtiq.txt,50.0,33.4875,49.0,3.1041666666666665,4.104166666666667,0.175,1.0,1.5,33.4875,31.925,2.939404047014631,0.08309241643335069,7.4625,3.4768449664461074,0.06063382854169164
CSO-13-6A-ANASA-CorrEtiq.txt,50.0,36.03343023255814,49.0,2.542151162790698,3.558139534883721,0.14244186046511628,1.0159883720930232,0.8677325581395349,36.03343023255814,33.48982558139535,2.746918539969145,0.07356460564589837,9.206395348837209,4.052460688043461,0.03484581636598874
CSO-13-6B-JETAVE-CorrEtiq.txt,50.0,31.590618336886994,49.0,5.249466950959488,5.79317697228145,0.208955223880597,0.5948827292110874,2.2260127931769724,31.590618336886994,29.73773987206823,3.130882433769918,0.09083538831223974,7.257995735607676,3.3266806122923254,0.09241319468115286
CSO-13-6B-LFMIES-CorrEtiq.txt,50.0,34.0746887966805,47.39004149377593,3.112033195020747,3.780082987551867,0.6887966804979253,0.6680497925311203,1.6514522821576763,31.987551867219917,28.842323651452283,2.8117732047911286,0.07801356299479148,8.385892116182573,3.6379230200759167,0.08056162477271464
CSO-13-6B-LJMAHU-CorrEtiq.txt,50.0,32.79331306990881,47.151975683890576,3.844984802431611,5.170212765957447,0.26443768996960487,1.4559270516717324,0.48024316109422494,32.452887537993924,28.382978723404257,2.8869673398749622,0.08073025421002437,8.474164133738602,3.674244735612256,0.0373707680927401
CSO-13-7A-CAPAMU-CorrEtiq.txt,50.0,34.07821229050279,48.27746741154562,2.925512104283054,4.76536312849162,0.9329608938547486,1.8398510242085662,1.314711359404097,34.055865921787706,30.631284916201118,2.850268026165969,0.07646866644209811,9.154562383612664,4.0201468306085175,0.05714210783287473
CSO-13-7A-CDDITR-CorrEtiq.txt,50.0,35.8125,49.0,2.8846153846153846,3.4759615384615383,0.23557692307692307,0.5913461538461539,1.2355769230769231,35.8125,32.98557692307692,2.751317467125038,0.07349956372203366,9.1875,4.002696313211758,0.04239995793116142
CSO-13-7A-JJATFL-CorrEtiq.txt,50.0,32.51882845188285,49.0,3.5523012552301254,4.849372384937238,0.29707112970711297,1.297071129707113,1.4853556485355648,32.51882845188285,30.585774058577407,3.03240596575999,0.08680626010765546,6.96234309623431,3.203185112672966,0.06731454570221487
CSO-13-7A-KRAMA-CorrEtiq.txt,50.0,31.839805825242717,49.0,3.6019417475728157,4.563106796116505,0.5339805825242718,0.9611650485436893,1.0145631067961165,31.839805825242717,30.101941747572816,3.100778861044662,0.09130075844774865,7.189320388349515,3.234746469903589,0.07073072830909437
CSO-13-7A-RXCHLU-CorrEtiq.txt,50.0,32.578947368421055,49.0,2.4157894736842107,3.268421052631579,0.0,0.8526315789473684,1.3842105263157896,32.578947368421055,30.905263157894737,3.0155097053732622,0.08944280199958594,7.157894736842105,3.297319953639062,0.058991082341711944
CSO-13-7A-YAMEZA-CorrEtiq.txt,50.0,34.606271777003485,49.0,2.505226480836237,3.552264808362369,0.5975609756097561,1.1306620209059233,1.3745644599303135,34.606271777003485,32.721254355400696,2.845183572321271,0.07800573114002997,8.45993031358885,3.754160434454616,0.054810536814633666
CSO-13-7A-YBOSO-CorrEtiq.txt,50.0,30.924050632911392,42.43037974683544,4.544303797468355,5.291139240506329,0.930379746835443,0.7468354430379747,1.4430379746835442,28.417721518987342,17.196202531645568,2.7966266226154612,0.08098319207466988,8.620253164556962,3.5718087802305445,0.06163625289813156
CSO-13-8A-KIGAGU-CorrEtiq.txt,50.0,32.68269230769231,49.0,3.7836538461538463,4.615384615384615,1.8990384615384615,1.0625,1.4423076923076923,32.68269230769231,31.08173076923077,3.007876685796543,0.08256386356611721,7.644230769230769,3.51796656121823,0.06482094419425821
CSO-13-8A-MBUAN-CorrEtiq.txt,50.0,34.8436873747495,48.611222444889776,3.5871743486973946,4.462925851703407,0.6753507014028056,0.9318637274549099,0.7635270541082164,34.64128256513026,31.749498997995993,2.811647961988582,0.07508939496183188,9.509018036072144,4.164426029356255,0.03974628685222936
CSO-13-8A-MGAAN-CorrEtiq.txt,50.0,35.76657060518732,49.0,2.553314121037464,4.236311239193084,0.5648414985590778,1.6829971181556196,0.7204610951008645,35.76657060518732,33.31412103746398,2.754185921601851,0.07187483436485768,8.680115273775217,3.9298453170651335,0.03328248346554421
CSO-13-8A-MGAHE-CorrEtiq.txt,50.0,33.9739336492891,49.0,3.4454976303317535,3.734597156398104,0.46445497630331756,0.2890995260663507,1.2037914691943128,33.9739336492891,31.528436018957347,2.906674443676501,0.08150168456115983,8.270142180094787,3.674515395538921,0.04978175392953345
CSO-13-8A-MJAGA-CorrEtiq.txt,50.0,29.765567765567766,49.0,5.992673992673993,6.241758241758242,2.8095238095238093,1.5494505494505495,1.9706959706959708,29.765567765567766,27.783882783882785,3.31378645427355,0.09459200423198974,7.4945054945054945,3.4088038598377866,0.09519756367769587
CSO-13-8A-VHODU-CorrEtiq.txt,50.0,33.125,49.0,2.234375,3.09375,0.6380208333333334,0.859375,1.75,33.125,31.3515625,2.9727074604969435,0.08603587947175424,7.34375,3.352025819228654,0.08489005422858238
CSO-13-8B-FCJISA-CorrEtiq.txt,50.0,35.10243902439024,49.0,3.0829268292682928,3.897560975609756,0.1951219512195122,0.8146341463414634,1.721951219512195,35.10243902439024,32.68780487804878,2.815234786062206,0.07620669875428954,8.819512195121952,3.877698436213824,0.08779518988740094
CSO-13-8B-JEMABE-CorrEtiq.txt,50.0,30.453731343283582,47.841791044776116,5.7701492537313435,6.495522388059701,0.42686567164179107,0.7253731343283583,1.0985074626865672,29.91044776119403,27.04776119402985,3.162164615496969,0.09282378324905727,7.3014925373134325,3.2713928911559487,0.0628238742021535
CSO-13-9B-DMLLLU-CorrEtiq.txt,50.0,31.203488372093023,49.0,4.6976744186046515,5.4186046511627906,0.4476744186046512,0.7209302325581395,2.1802325581395348,31.203488372093023,29.424418604651162,3.1659911558758083,0.09317052619610161,7.366279069767442,3.331691174923053,0.07774801947889803
CSO-14-7A-MVEBE-CorrEtiq.txt,50.0,32.42635658914729,49.0,1.5193798449612403,2.2635658914728682,0.5736434108527132,0.7441860465116279,1.697674418604651,32.42635658914729,30.751937984496124,3.036063951857473,0.09168842335735099,6.775193798449612,3.095048778180705,0.08847780834607187
CSO-14-7B-EALHU-CorrEtiq.txt,50.0,32.63250883392226,49.0,4.742049469964664,5.745583038869258,0.17314487632508835,1.0035335689045937,1.6501766784452296,32.63250883392226,30.795053003533567,3.0136745257836792,0.08389270799792203,7.657243816254417,3.525824665725594,0.06400747090525938
CSO-14-7B-EVEGO-CorrEtiq.txt,50.0,35.811695906432746,49.0,2.8678362573099414,3.7637426900584794,0.17076023391812867,0.895906432748538,1.383625730994152,35.811695906432746,33.095906432748535,2.752598170581086,0.07329215506504773,8.867836257309941,3.9687479800034597,0.05955378602935512
CSO-14-8A-AQUMA-CorrEtiq.txt,50.0,31.623853211009173,49.0,2.9220183486238533,4.344036697247707,0.22477064220183487,1.4220183486238531,1.981651376146789,31.623853211009173,30.155963302752294,3.1062282145131705,0.09223971839790925,6.885321100917431,3.185535909783736,0.07990359021441024
CSO-14-8A-MCIDOS-CorrEtiq.txt,50.0,32.36466165413534,46.91729323308271,4.2105263157894735,5.037593984962406,0.5526315789473685,0.9360902255639098,2.3947368421052633,30.13157894736842,26.278195488721803,2.955270180726643,0.08473973307119437,8.071428571428571,3.5690252786615084,0.08383441240913499
CSO-14-8A-SZARA-CorrEtiq.txt,50.0,33.88235294117647,49.0,2.8823529411764706,4.269896193771626,1.4048442906574394,1.3875432525951557,1.0484429065743945,33.88235294117647,31.294117647058822,2.9073599351167245,0.07867926583458089,8.667820069204152,3.810028870820913,0.037790953857020256
CSO-14-8B-JLLORA-CorrEtiq.txt,50.0,32.75590551181102,49.0,2.8661417322834644,3.543307086614173,0.7716535433070866,0.6771653543307087,3.0393700787401574,32.75590551181102,30.75984251968504,3.001373670929942,0.08656989470895908,7.503937007874016,3.387126549579398,0.10297466058678044
CSO-14-9A-AEDCAGO-CorrEtiq.txt,50.0,35.527227722772274,48.51980198019802,2.4554455445544554,3.6113861386138613,0.43564356435643564,1.1559405940594059,1.188118811881188,35.210396039603964,31.56930693069307,2.7472851564350376,0.07349939760145686,9.094059405940595,4.003769020861338,0.046197714750642174
CSO-14-9A-HASACA-CorrEtiq.txt,50.0,34.44444444444444,49.0,2.739130434782609,4.086956521739131,0.23671497584541062,1.3478260869565217,0.9130434782608695,34.44444444444444,31.96135265700483,2.863865466511863,0.07866721777701098,8.579710144927537,3.8122497578504455,0.058885239425627
CSO-14-9A-JSMAAL-CorrEtiq.txt,50.0,34.23972602739726,48.778538812785385,2.9406392694063928,3.954337899543379,0.9748858447488584,1.1232876712328768,1.2123287671232876,34.182648401826484,31.56392694063927,2.872644293885717,0.0785720725653371,8.299086757990867,3.7680404128073315,0.07461960644241152
CSO-14-9A-MARJA-CorrEtiq.txt,50.0,34.00630914826498,49.0,3.4037854889589907,3.911671924290221,0.0,0.5078864353312302,2.138801261829653,34.00630914826498,31.55205047318612,2.914846198307097,0.08241493131016105,8.381703470031546,3.713196037231889,0.0814789822141624
CSO-14-9A-SORZU-CorrEtiq.txt,50.0,33.211409395973156,47.630872483221474,3.6778523489932886,5.093959731543624,0.9228187919463087,1.4161073825503356,1.7416107382550337,32.191275167785236,28.778523489932887,2.9204948565530113,0.08093618133817977,8.312080536912752,3.7442034000212994,0.07119739577757404
CSO-14-9B-ERAGA-CorrEtiq.txt,50.0,30.65,48.42941176470588,3.611764705882353,5.1911764705882355,0.8470588235294118,1.5794117647058823,2.4205882352941175,30.479411764705883,27.897058823529413,3.1937742437376864,0.09584162713239272,7.1117647058823525,3.3164497744374604,0.10905936987647011
CSO-14-9B-MFEGA-CorrEtiq.txt,50.0,31.689655172413794,49.0,4.375,5.392241379310345,1.3017241379310345,1.3491379310344827,2.2672413793103448,31.689655172413794,30.04310344827586,3.1135052408505417,0.08832714389980739,7.754310344827586,3.492208093264897,0.06658686344482087
CSO-15-10A-LJRAGU-CorrEtiq.txt,50.0,33.25625,48.33125,4.077083333333333,4.322916666666667,0.10208333333333333,0.24583333333333332,1.4875,33.03541666666667,30.627083333333335,2.9410249887491844,0.08377993520851382,7.777083333333334,3.5441554178032155,0.07117843742663399
CSO-15-10A-MAARLO-CorrEtiq.txt,50.0,32.528301886792455,48.38993710691824,3.358490566037736,4.119496855345912,0.6415094339622641,0.7610062893081762,1.9811320754716981,32.405660377358494,30.19182389937107,2.985302906423727,0.0857088451863466,7.783018867924528,3.469609863198261,0.08383440396525929
CSO-15-10A-SFEGA-CorrEtiq.txt,50.0,30.23673469387755,47.416326530612245,5.522448979591837,7.048979591836734,0.5877551020408164,1.526530612244898,2.4857142857142858,29.722448979591835,26.65714285714286,3.21049807741756,0.09405826295551732,7.1755102040816325,3.288177921531695,0.09031014488193993
CSO-15-10B-MEBUAR-CorrEtiq.txt,50.0,34.035483870967745,49.0,2.270967741935484,3.9838709677419355,0.0967741935483871,1.7129032258064516,1.435483870967742,34.035483870967745,31.316129032258065,2.9033902861426832,0.08162493266534226,9.064516129032258,3.863325393479711,0.06386276191400704
CSO-15-10B-YVBUAN-CorrEtiq.txt,50.0,34.142201834862384,48.11009174311926,2.7752293577981653,3.330275229357798,0.22477064220183487,0.555045871559633,1.3623853211009174,33.81192660550459,31.674311926605505,2.8279268648203524,0.07937767528153399,8.009174311926605,3.6008646299286053,0.06165127494470411
CSO-15-10C-ALBAHO-CorrEtiq.txt,50.0,33.650145772594755,49.0,3.807580174927114,4.970845481049563,1.2857142857142858,1.5364431486880465,1.3935860058309038,33.650145772594755,31.21865889212828,2.926859486096419,0.07862223996863184,8.658892128279883,3.8927932608143947,0.05828420644367436
CSO-15-10C-SSCAMO-CorrEtiq.txt,50.0,34.11077844311377,49.0,4.317365269461078,5.57185628742515,0.6437125748502994,1.2544910179640718,0.9760479041916168,34.11077844311377,31.59880239520958,2.908560867128178,0.07755645373652664,8.892215568862275,3.934760861408586,0.04120499078033845
CSO-15-11C-JETALO-CorrEtiq.txt,50.0,32.25046040515654,49.0,4.248618784530387,6.489871086556169,1.0018416206261511,2.241252302025783,1.5248618784530388,32.25046040515654,29.902394106813997,3.061207871450503,0.08316919218802918,8.488029465930019,3.8065024519516872,0.06907670822608582
CSO-15-7B-JCRAGA-CorrEtiq.txt,50.0,33.580357142857146,49.0,2.625,3.125,1.4375,0.7053571428571429,2.017857142857143,33.580357142857146,30.5,2.9368180913929334,0.08237755224517185,8.875,3.858544868772516,0.08382132579348854
CSO-15-8A-VBMABR-CorrEtiq.txt,50.0,32.154639175257735,49.0,5.131958762886598,6.074226804123711,0.10103092783505155,0.9422680412371134,1.288659793814433,32.154639175257735,30.527835051546393,3.0765894484313634,0.08709328733767457,7.8164948453608245,3.5451726932210867,0.05603703866858639
CSO-15-8B-KEPOGO-CorrEtiq.txt,50.0,36.33457249070632,49.0,2.3940520446096656,2.45724907063197,0.1821561338289963,0.06319702602230483,1.20817843866171,36.33457249070632,33.63568773234201,2.7162796143385233,0.07341401604182148,9.37918215613383,4.056366479983432,0.043001639585577095
CSO-15-9B-ALRIHE-CorrEtiq.txt,50.0,34.46992481203007,49.0,2.691729323308271,3.5413533834586466,0.9285714285714286,0.849624060150376,0.8872180451127819,34.46992481203007,32.18796992481203,2.8608920686570705,0.07846795914390618,8.507518796992482,3.7277447381598776,0.039651557168986724
CSO-15-9B-AMSAGO-CorrEtiq.txt,50.0,35.989010989010985,48.4029304029304,2.2051282051282053,2.6263736263736264,0.0,0.42124542124542125,1.8424908424908424,35.80952380952381,32.3003663003663,2.701530993881792,0.07351577439025407,9.102564102564102,3.9850310467286802,0.06883009489883579
CSO-15-9B-JCAPA-CorrEtiq.txt,50.0,33.82440476190476,49.0,2.994047619047619,3.294642857142857,0.5833333333333334,0.3005952380952381,1.4642857142857142,33.82440476190476,31.654761904761905,2.918588580302179,0.08273419692980803,7.898809523809524,3.6111858245504984,0.06249351277595994
CSO-15-9B-KSBEJA-CorrEtiq.txt,50.0,30.403726708074533,49.0,4.6894409937888195,6.114906832298137,0.7204968944099379,1.4254658385093169,0.8913043478260869,30.403726708074533,28.900621118012424,3.2645476711328723,0.09686268604516904,6.947204968944099,3.263343557632496,0.04000199335450653
CSO-15-9B-RMCHLU-CorrEtiq.txt,50.0,32.43097643097643,49.0,3.7777777777777777,5.437710437710438,0.16498316498316498,1.65993265993266,1.8686868686868687,32.43097643097643,30.828282828282827,3.0362778582586056,0.08601541206892045,7.531986531986532,3.4405883310181493,0.08164502241793702
CSO-15-9B-SJAGRO-CorrEtiq.txt,50.0,37.61340206185567,49.0,1.2010309278350515,2.5463917525773194,0.0,1.3453608247422681,0.4536082474226804,37.61340206185567,33.644329896907216,2.6244297676994113,0.06862436858726077,9.79896907216495,4.206058297588596,0.03505493943013963
CSO-16-10A-JEGAHE-CorrEtiq.txt,50.0,32.89719626168224,49.0,3.8654205607476637,4.826168224299066,0.27476635514018694,0.9607476635514018,1.1177570093457945,32.89719626168224,30.921495327102804,2.998471373100675,0.08489009932345704,7.820560747663551,3.5768747829532224,0.06537969320048484
CSO-16-10A-MSACO-CorrEtiq.txt,50.0,35.195286195286194,49.0,2.3333333333333335,2.7946127946127945,0.16498316498316498,0.4612794612794613,1.3602693602693603,35.195286195286194,32.51178451178451,2.7929397350938236,0.07710872978207263,9.003367003367003,3.909444384948351,0.04939720949108433
CSO-16-10A-SARI-CorrEtiq.txt,50.0,32.27457627118644,44.772881355932206,5.067796610169491,5.772881355932204,0.49830508474576274,0.7050847457627119,0.5796610169491525,31.315254237288137,24.674576271186442,2.7977609547928166,0.07714513426575721,9.223728813559323,3.931866712306804,0.03849760542800798
CSO-16-10A-SMOUT-CorrEtiq.txt,50.0,35.478,49.0,2.884,3.876,0.894,0.992,1.268,35.478,32.574,2.784443180255735,0.07344361251949752,9.474,4.083561621514733,0.06188799812769822
CSO-16-10A-YKMUJO-CorrEtiq.txt,50.0,31.361607142857142,49.0,3.3482142857142856,4.084821428571429,0.7901785714285714,0.7366071428571429,1.5848214285714286,31.361607142857142,29.794642857142858,3.152598305077357,0.09473320134893728,6.915178571428571,3.174403030901124,0.08219289260139216
CSO-16-10B-JESUGU-CorrEtiq.txt,50.0,35.565891472868216,49.0,1.7674418604651163,2.13953488372093,0.3798449612403101,0.37209302325581395,1.6356589147286822,35.565891472868216,33.46511627906977,2.759575182939896,0.07586564013345826,8.317829457364342,3.671685031026898,0.05975347137977194
CSO-16-10B-LTVIFA-CorrEtiq.txt,50.0,40.573913043478264,49.0,1.3652173913043477,1.7869565217391303,0.0,0.4217391304347826,0.6608695652173913,40.573913043478264,36.426086956521736,2.421050760743303,0.05917254100700769,11.147826086956522,4.8044447779930195,0.01900686860092071
CSO-16-10B-VVILI-CorrEtiq.txt,50.0,34.88709677419355,49.0,2.7231182795698925,4.096774193548387,0.4596774193548387,1.3736559139784945,0.967741935483871,34.88709677419355,32.553763440860216,2.8240047682949836,0.07607498491158375,8.887096774193548,3.9437661790227465,0.036917053974579984
CSO-16-10C-ACALGU-CorrEtiq.txt,50.0,34.09462915601023,47.69820971867008,3.278772378516624,3.9514066496163682,0.0,0.6726342710997443,1.578005115089514,33.892583120204606,30.10997442455243,2.8224074485864863,0.0788414469683043,8.421994884910486,3.711749488270151,0.05199652327328892
CSO-16-10C-MAVAVE-CorrEtiq.txt,50.0,35.977178423236516,49.0,2.408713692946058,3.199170124481328,0.4315352697095436,0.7904564315352697,1.4398340248962656,35.977178423236516,33.066390041493776,2.7556600697145135,0.07410751414289941,9.821576763485478,4.205261113936016,0.04848546535075133
CSO-16-11A-JAVABO-CorrEtiq.txt,50.0,35.20519480519481,49.0,2.5636363636363635,3.18961038961039,0.7402597402597403,0.7506493506493507,1.3844155844155843,35.20519480519481,32.64935064935065,2.8047474962829626,0.07589195186431034,8.45974025974026,3.7851062027702467,0.06967204255573323
CSO-16-11A-JDMUVA-CorrEtiq.txt,50.0,35.67763157894737,49.0,2.4835526315789473,3.1578947368421053,0.3223684210526316,0.6743421052631579,1.256578947368421,35.67763157894737,32.93421052631579,2.757195350294638,0.07435537903181186,8.911184210526315,3.9264668982609274,0.0653749620033911
CSO-16-11A-VZAOR-CorrEtiq.txt,50.0,37.048034934497814,47.30567685589519,1.8820960698689957,2.8209606986899565,0.8122270742358079,1.0524017467248907,0.8951965065502183,36.3231441048035,29.46288209606987,2.5607879278072265,0.0656639165299238,10.336244541484715,4.447915486765667,0.030396442334545318
CSO-16-11B-KRORE-CorrEtiq.txt,50.0,34.8,49.0,3.8434782608695652,4.265217391304348,0.21304347826086956,0.4217391304347826,1.0739130434782609,34.8,32.55652173913043,2.8382836472952104,0.07714530772335751,8.88695652173913,3.9089611150488714,0.054647520437149176
CSO-16-11B-LLOZA-CorrEtiq.txt,50.0,36.40574506283662,48.651705565529625,1.895870736086176,2.7289048473967683,0.4272890484739677,0.8330341113105925,1.1346499102333931,36.28904847396768,33.87971274685817,2.69278292304881,0.07182494274742013,8.949730700179533,3.9716347536537517,0.047774355359909024
CSO-16-11B-YAROMO-CorrEtiq.txt,50.0,35.85614035087719,49.0,2.550877192982456,4.782456140350877,0.6877192982456141,2.280701754385965,1.143859649122807,35.85614035087719,32.67368421052632,2.7451311173714608,0.07032952324980926,9.978947368421053,4.423899764018916,0.05242324932496852
CSO-16-9A-JALEMO-CorrEtiq.txt,50.0,34.633699633699635,49.0,2.2161172161172162,3.432234432234432,0.1794871794871795,1.216117216117216,1.1282051282051282,34.633699633699635,32.28937728937729,2.8527399991073334,0.07959281514377317,8.16117216117216,3.6717350078863142,0.039276483239073616
CSO-16-9A-JPROSO-CorrEtiq.txt,50.0,36.38139534883721,49.0,2.841860465116279,3.6372093023255814,0.8465116279069768,0.7953488372093023,0.9953488372093023,36.38139534883721,31.851162790697675,2.7061153529230535,0.07002525050788237,10.483720930232558,4.406083420526191,0.0518949460584751
CSO-16-9A-JSMAGU-CorrEtiq.txt,50.0,32.47709923664122,49.0,3.4198473282442747,4.4541984732824424,0.37404580152671757,1.034351145038168,2.0267175572519083,32.47709923664122,30.370229007633586,3.0351235475172955,0.08765419227082913,7.354961832061068,3.4075885855327623,0.08326998831904533
CSO-16-9B-SJPAJI-CorrEtiq.txt,50.0,33.46493506493506,49.0,3.2883116883116883,3.735064935064935,0.2545454545454545,0.44675324675324674,1.3636363636363635,33.46493506493506,31.662337662337663,2.950076527432482,0.08424990560401292,8.051948051948052,3.5669041722006005,0.05552253970922187
CSO-17-10A-YVGOCA-CorrEtiq.txt,50.0,33.3156146179402,49.0,2.953488372093023,4.428571428571429,0.2159468438538206,1.4750830564784052,1.7807308970099667,33.3156146179402,31.588039867109636,2.955872614646936,0.08307464004884958,7.578073089700997,3.4943280544586552,0.08029565187877553
CSO-17-10B-EHECO-CorrEtiq.txt,50.0,34.5089605734767,48.30465949820788,3.326164874551971,4.261648745519714,0.2724014336917563,0.9354838709677419,0.5448028673835126,33.93189964157706,31.050179211469533,2.810894893551436,0.07627523967296954,8.767025089605735,3.7706883795913884,0.036813850997365644
CSO-17-10B-YCQUVE.txt,50.0,33.53846153846154,48.54515050167224,3.9013377926421406,5.217391304347826,0.24581939799331104,1.3160535117056855,1.4364548494983278,33.05351170568562,29.37458193979933,2.9389266354285897,0.08168223711787606,8.645484949832776,3.8014701406796076,0.05959383817495707
CSO-17-11A-DJAPA-CorrEtiq.txt,50.0,34.26215644820296,48.79492600422833,2.8498942917547567,4.054968287526427,0.23890063424947147,1.2198731501057083,1.1014799154334038,34.15644820295983,31.82875264270613,2.883235996462898,0.08031982193138133,8.232558139534884,3.742313445915693,0.05088288817940176
CSO-17-11A-JDAMO-CorrEtiq.txt,50.0,33.19548872180451,49.0,4.657894736842105,5.037593984962406,0.0,0.37969924812030076,0.9548872180451128,33.19548872180451,31.24812030075188,2.984759592734466,0.08428413121351554,8.026315789473685,3.675108197098989,0.052943437761418286
CSO-17-11A-NPAHE-CorrEtiq.txt,50.0,35.20048899755501,49.0,2.452322738386308,3.2762836185819073,0.13202933985330073,0.823960880195599,1.0513447432762837,35.20048899755501,33.09779951100244,2.80172153851801,0.0768164184157843,8.19315403422983,3.687321033343001,0.04715674710737417
CSO-17-11A-RLPAIG-CorrEtiq.txt,50.0,33.34507042253521,48.80046948356807,2.9225352112676055,4.176056338028169,1.448356807511737,1.6056338028169015,1.4107981220657277,33.34507042253521,31.13849765258216,2.9603428051394025,0.08194576681440573,8.415492957746478,3.8129399704109397,0.07132699805762216
CSO-17-11A-SPUVA-CorrEtiq.txt,50.0,31.34108527131783,49.0,5.124031007751938,6.073643410852713,0.5697674418604651,0.9496124031007752,2.1782945736434107,31.34108527131783,29.782945736434108,3.161169579751727,0.09050107728405163,7.406976744186046,3.380510386967507,0.11065543238257253
CSO-17-11B-CDBEBU-CorrEtiq.txt,50.0,35.49820788530466,49.0,2.2114695340501793,3.132616487455197,0.35125448028673834,0.921146953405018,1.4695340501792116,35.49820788530466,32.645161290322584,2.772083360025272,0.07509385055690913,9.691756272401435,3.9754771573306305,0.06061174012925676
CSO-17-11C-JDAAG-CorrEtiq.txt,50.0,36.99393939393939,49.0,1.4696969696969697,2.0545454545454547,0.0,0.5848484848484848,1.6757575757575758,36.99393939393939,34.49393939393939,2.66444151967968,0.07167674813546605,9.087878787878788,4.022964702245284,0.05587044095053973
CSO-17-11C-MAPAMA-CorrEtiq.txt,50.0,33.59235668789809,49.0,2.805732484076433,3.9363057324840764,0.6114649681528662,1.1305732484076434,1.9681528662420382,33.59235668789809,31.554140127388536,2.9398068579407024,0.08279345309495158,8.028662420382165,3.615819707775585,0.08425672758681405
CSO-17-11C-MCAAG-CorrEtiq.txt,50.0,34.65418502202643,49.0,3.394273127753304,4.156387665198238,0.10792951541850221,0.762114537444934,1.1872246696035242,34.65418502202643,32.279735682819386,2.8398624280325224,0.07738097416019198,8.599118942731277,3.8042233557962306,0.04124847171968127
CSO-17-11C-SARJA-CorrEtiq.txt,50.0,33.68803418803419,49.0,2.8547008547008548,3.9316239316239314,0.14102564102564102,1.0769230769230769,1.9188034188034189,33.68803418803419,31.82051282051282,2.9381648365904467,0.0835210855457963,7.717948717948718,3.568005618845026,0.06618890881742319
CSO-18-11A-ADBAHO-CorrEtiq.txt,50.0,35.740484429065745,49.0,2.394463667820069,3.141868512110727,0.0,0.7474048442906575,1.259515570934256,35.740484429065745,33.49134948096886,2.7553846855060797,0.07468745227467415,8.487889273356402,3.786303089654345,0.054845951691040465
CSO-18-11B-YLLRE-CorrEtiq.txt,50.0,35.020316027088036,49.0,3.0993227990970653,3.893905191873589,0.0,0.7945823927765236,1.3431151241534989,35.020316027088036,32.252821670428894,2.8102946338987964,0.07634450176300768,9.00451467268623,3.924419760818005,0.060692920342633634
CSO-18-9B-MAMOLO-CorrEtiq.txt,50.0,34.6036036036036,49.0,4.444015444015444,5.634491634491635,1.0592020592020592,1.2445302445302446,0.8841698841698842,34.6036036036036,30.796653796653796,2.8508970899075705,0.07375850072581232,9.888030888030888,4.286101834505138,0.044847393024174426
CSO-8-3A-AIPRBR-CorrEtiq.txt,50.0,31.666666666666668,49.0,4.044871794871795,4.788461538461538,0.7852564102564102,0.7435897435897436,2.019230769230769,31.666666666666668,29.733974358974358,3.1256714233326557,0.091278293240769,7.221153846153846,3.3234899025696527,0.07782583853141575
CSO-8-3A-DAPAVA-CorrEtiq.txt,50.0,31.92170818505338,49.0,4.069395017793594,5.7562277580071175,1.1654804270462633,1.8345195729537367,1.7686832740213523,31.92170818505338,29.4288256227758,3.098941559631689,0.086858651095296,8.058718861209965,3.6173571721486133,0.07114166073471075
CSO-8-3A-KVPECO-CorrEtiq.txt,50.0,32.14885496183206,48.35496183206107,3.946564885496183,4.125954198473282,0.7480916030534351,0.17938931297709923,2.385496183206107,32.02671755725191,29.5,3.022442941639235,0.08757806109582505,7.022900763358779,3.2598466910885993,0.10159011735809068
CSO-8-4A-ARAGR-CorrEtiq.txt,50.0,34.7032967032967,48.214285714285715,3.1373626373626373,4.368131868131868,0.5384615384615384,1.4945054945054945,1.1483516483516483,34.543956043956044,30.675824175824175,2.8047412520782813,0.07517748842024935,9.12087912087912,4.005117128414696,0.04895237115961536
CSO-8-4A-JRAAR-CorrEtiq.txt,50.0,28.96,47.75636363636364,5.218181818181818,6.218181818181818,0.3563636363636364,1.0,1.7054545454545456,28.869090909090907,26.483636363636364,3.340394170532137,0.10452634826994425,6.338181818181818,2.9515360935193575,0.0720321391764699
CSO-9-2A-EXMOCO-CorrEtiq.txt,50.0,31.003731343283583,46.791044776119406,4.794776119402985,5.2835820895522385,0.40671641791044777,0.48880597014925375,2.279850746268657,30.440298507462686,25.970149253731343,3.0396551155838942,0.08979909540589116,7.597014925373134,3.367905497315947,0.10817945480853652
CSO-9-4A-AGAPE-CorrEtiq.txt,50.0,33.6144578313253,49.0,2.8012048192771086,4.192771084337349,0.10843373493975904,1.391566265060241,1.2891566265060241,33.6144578313253,31.0,2.954001353029242,0.08404614808044321,8.259036144578314,3.6718022489493136,0.06824230808330022
CSO-9-4A-DKVIMO-CorrEtiq.txt,50.0,30.279883381924197,48.71720116618076,4.521865889212828,5.233236151603498,0.7084548104956269,0.7113702623906706,1.510204081632653,30.244897959183675,28.752186588921283,3.235033630347064,0.09755728410324627,6.475218658892128,3.111392645377812,0.06970937712787947
CSO-9-4A-DSMOMU-CorrEtiq.txt,50.0,35.47214854111406,47.97082228116711,2.493368700265252,2.8912466843501328,0.8859416445623343,0.7029177718832891,0.8196286472148541,34.721485411140584,31.132625994694962,2.724555191107551,0.07367933175306737,8.702917771883289,3.8879080170479603,0.0526076154084125
CSO-9-4A-DVGATO-CorrEtiq.txt,50.0,32.863829787234046,48.17446808510638,3.5404255319148934,4.663829787234042,1.251063829787234,1.123404255319149,1.3063829787234043,32.42553191489362,29.4468085106383,2.958920858387947,0.0824699823315977,8.272340425531915,3.6331912177581,0.0622585256586736
CSO-9-4A-EGCAMO-CorrEtiq.txt,50.0,31.468634686346864,49.0,4.173431734317343,5.712177121771218,0.6937269372693727,1.5387453874538746,2.5424354243542435,31.468634686346864,29.645756457564577,3.14093731103471,0.09062322046550217,7.269372693726937,3.3466278289268416,0.0910012235726425
CSO-9-4A-FAGIGA-CorrEtiq.txt,50.0,33.50431034482759,46.11206896551724,2.3017241379310347,3.956896551724138,1.4353448275862069,1.6551724137931034,0.6724137931034483,32.60344827586207,28.05603448275862,2.7642116821583893,0.07544813255867965,8.336206896551724,3.799860917492274,0.024037759704567924
CSO-9-4A-GSBRCO-CorrEtiq.txt,50.0,29.646778042959426,49.0,5.441527446300716,6.317422434367542,1.5727923627684963,0.9904534606205251,2.1670644391408116,29.646778042959426,28.09307875894988,3.364486381921283,0.10040651765330365,6.918854415274463,3.2082689778641367,0.09679794618481617
CSO-9-4A-KEMOCO-CorrEtiq.txt,50.0,29.83495145631068,49.0,4.786407766990291,5.475728155339806,0.47572815533980584,0.7087378640776699,1.9546925566343043,29.83495145631068,28.485436893203882,3.3008869685118225,0.10132709417085928,6.647249190938512,3.1153788590647786,0.089087366615523
CSO-9-4A-LCOMO-CorrEtiq.txt,50.0,35.773770491803276,49.0,2.045901639344262,3.4295081967213115,0.4819672131147541,1.383606557377049,1.5639344262295083,35.773770491803276,32.66885245901639,2.753781590513436,0.0734398946923516,9.695081967213115,4.142553909508669,0.0657475325220826
CSO-9-4A-MLORO-CorrEtiq.txt,50.0,31.20098039215686,49.0,4.602941176470588,5.078431372549019,0.5294117647058824,0.47549019607843135,2.0784313725490198,31.20098039215686,29.622549019607842,3.1483427481754513,0.09258895890244415,7.235294117647059,3.301504861003729,0.066799093843897
CSO-9-4A-MPAME-CorrEtiq.txt,50.0,31.264367816091955,48.62643678160919,4.758620689655173,5.850574712643678,0.6839080459770115,1.0919540229885059,0.8448275862068966,31.07471264367816,28.867816091954023,3.1320139410486108,0.08992703736770949,7.827586206896552,3.4036293095774455,0.044134250525715464
CSO-9-4A-NSARPA-CorrEtiq.txt,50.0,32.786206896551725,48.33103448275862,3.1344827586206896,4.36551724137931,0.506896551724138,1.2310344827586206,1.3793103448275863,32.610344827586204,30.19655172413793,2.9691182102706755,0.08465588201465109,7.437931034482759,3.4214310102038836,0.04894168328535425
CSO-9-4A-SLOCA-CorrEtiq.txt,50.0,31.116838487972508,49.0,5.006872852233677,5.505154639175258,0.6735395189003437,0.49828178694158076,2.8419243986254297,31.116838487972508,29.31615120274914,3.1648347133071275,0.09220331711563294,7.597938144329897,3.353541733045887,0.1316223584643198
CSO-9-4A-YVDITR-CorrEtiq.txt,50.0,27.770609318996417,48.30465949820788,7.03584229390681,8.13978494623656,0.0,1.103942652329749,2.781362007168459,27.548387096774192,25.6415770609319,3.539680415125163,0.1120492128761306,6.788530465949821,3.070638003274624,0.114704521821858
