file,wc,nodes,edges,re,pe,l1,l2,l3,lcc,lsc,atd,density,diameter,asp,cc
CDMS-10-4A-JURAN-CorrEtiq.txt,170.0,84.0,169.0,18.5,23.5,1.0,5.0,4.0,84.0,83.5,4.028948488718603,0.04156073341451583,6.5,3.2439554931836407,0.05699539333000381
CDMS-10-5A-HEPIHO-CorrEtiq.txt,170.0,84.6,167.0,19.6,22.8,0.0,3.2,8.4,83.6,81.0,3.9686164958636865,0.04135831297690846,7.4,3.28143335683301,0.0982688678484609
CDMS-10-5A-KSRAGU-CorrEtiq.txt,170.0,77.0,169.0,21.0,25.0,3.0,4.0,7.0,77.0,76.0,4.3896103896103895,0.04818865345181134,6.0,3.1230348598769653,0.06795158834883816
CDMS-10-5A-SROPU-CorrEtiq.txt,170.0,78.0,169.0,33.0,37.0,3.0,6.0,3.0,78.0,78.0,4.333333333333333,0.04295704295704296,8.0,3.463869463869464,0.06722305472305472
CDMS-10-5A-SZURO-CorrEtiq.txt,170.0,77.66666666666667,169.0,29.0,30.666666666666668,0.6666666666666666,1.6666666666666667,7.333333333333333,77.66666666666667,76.0,4.400002892514173,0.04697718249798236,7.333333333333333,3.3832469766533886,0.10071068170230789
CDMS-10-5B-SRAJA-CorrEtiq.txt,170.0,82.0,169.0,21.0,24.0,0.5,3.0,12.5,82.0,81.0,4.122564331399673,0.04352695334182258,6.5,3.033384441106794,0.14915501884352722
CDMS-10-5C-DAAUSA-CorrEtiq.txt,170.0,76.25,169.0,29.5,35.0,1.5,6.0,10.25,76.25,75.25,4.460378481930206,0.04682345588616336,6.75,3.1718553920598813,0.12821770397412724
CDMS-10-5C-ICAPA-CorrEtiq.txt,170.0,64.0,165.0,36.0,43.0,3.0,7.0,15.0,62.0,59.0,5.15625,0.059027777777777776,7.0,2.9830777366472767,0.17373060510396038
CDMS-10-5C-JFALGI-CorrEtiq.txt,170.0,76.0,169.0,28.0,32.0,0.0,4.0,8.0,76.0,76.0,4.447368421052632,0.04807017543859649,7.0,3.069122807017544,0.18184363881732304
CDMS-10-5C-MAORTO-CorrEtiq.txt,170.0,66.0,169.0,35.666666666666664,40.666666666666664,4.0,5.666666666666667,13.333333333333334,66.0,64.66666666666667,5.13811038484393,0.05838318351376723,5.666666666666667,2.836614913970474,0.1435500293971655
CDMS-10-5C-NBEMO-CorrEtiq.txt,170.0,73.66666666666667,169.0,26.0,29.666666666666668,5.333333333333333,4.333333333333333,10.0,73.66666666666667,73.33333333333333,4.600498961891367,0.05027456792554811,5.666666666666667,3.0200223663613244,0.12546462061897776
CDMS-10-6B-ASCACO-CorrEtiq.txt,170.0,68.5,169.0,31.5,33.0,0.0,1.5,17.0,68.5,67.0,4.936673773987207,0.05891266423388422,5.5,2.8074154917114034,0.1976682289401669
CDMS-10-6B-JJMOBE-CorrEtiq.txt,170.0,74.0,169.0,27.0,32.5,0.0,5.5,7.5,74.0,73.0,4.568401826484019,0.05053971779999177,6.5,3.1159675428853513,0.059963739696976895
CDMS-11-4A-GACHSA-CorrEtiq.txt,170.0,70.2,169.0,36.8,39.8,2.0,3.4,9.2,70.2,69.4,4.824488939414313,0.05270010930131128,6.4,3.137961192291739,0.14517770465262575
CDMS-11-5A-EAARCA-CorrEtiq.txt,170.0,82.0,169.0,28.0,29.0,1.0,1.0,8.0,82.0,82.0,4.121951219512195,0.04185486299307437,6.0,3.274616079494128,0.12135461183165631
CDMS-11-5A-MGTHAR-CorrEtiq.txt,170.0,70.0,169.0,34.0,37.0,4.5,4.0,10.0,70.0,68.5,4.829557052459686,0.05279803286899573,7.5,3.0429522574492136,0.1209174014492769
CDMS-11-6A-DFVEBE-CorrEtiq.txt,170.0,81.0,167.0,21.0,21.0,7.5,3.0,8.5,81.0,76.5,4.1234567901234565,0.04274691358024692,8.5,3.317283950617284,0.11896364741633284
CDMS-11-6A-NMREPR-CorrEtiq.txt,170.0,82.66666666666667,169.0,26.666666666666668,28.666666666666668,0.0,2.0,7.333333333333333,82.66666666666667,79.0,4.140578078078078,0.04277173515637827,9.333333333333334,3.551180557065561,0.10414273762789282
CDMS-11-6B-ARAHE-CorrEtiq.txt,170.0,72.66666666666667,166.33333333333334,30.666666666666668,31.0,4.333333333333333,1.6666666666666667,6.333333333333333,72.0,70.0,4.579295774647887,0.05024596024596025,6.666666666666667,3.143982453278228,0.05235761392649211
CDMS-11-6B-AVROTO-CorrEtiq.txt,170.0,88.0,169.0,12.0,14.0,0.0,2.0,8.0,88.0,87.0,3.840909090909091,0.04049111807732497,7.0,3.401776384535005,0.09367668150562887
CDMS-11-6B-EAFESA-CorrEtiq.txt,170.0,72.16666666666667,169.0,34.166666666666664,37.5,1.8333333333333333,3.3333333333333335,7.166666666666667,72.16666666666667,71.16666666666667,4.701153856465662,0.05083612533701134,6.833333333333333,3.229534215280221,0.10214773484994634
CDMS-11-6B-EFRGR-CorrEtiq.txt,170.0,71.33333333333333,169.0,37.333333333333336,37.666666666666664,3.0,1.3333333333333333,9.666666666666666,71.33333333333333,71.0,4.752115752115752,0.05141593360771443,6.0,3.185821418698131,0.12425675955087719
CDMS-11-6B-EROCO-CorrEtiq.txt,170.0,69.0,165.0,24.0,28.0,1.0,4.0,16.0,68.0,67.0,4.782608695652174,0.057971014492753624,6.0,2.942054433713784,0.13810938193089223
CDMS-11-6B-JACUPE-CorrEtiq.txt,170.0,67.8,164.2,26.6,32.6,7.8,7.8,13.2,67.4,65.6,4.850412196499153,0.05477809062208039,6.2,3.0092240799561294,0.1512486122127905
CDMS-11-6B-JDCHBA-CorrEtiq.txt,170.0,74.0,169.0,28.833333333333332,34.5,5.166666666666667,7.333333333333333,12.333333333333334,74.0,72.5,4.588259280575201,0.048224550987815494,7.0,3.200987707331322,0.1354884568111239
CDMS-11-6B-JFSAHE-CorrEtiq.txt,170.0,86.33333333333333,168.33333333333334,20.333333333333332,24.333333333333332,0.0,4.0,3.3333333333333335,86.33333333333333,85.0,3.9037970743853094,0.03918286897208532,7.0,3.3712691616664414,0.025874813621455373
CDMS-11-6B-JLPENA-CorrEtiq.txt,170.0,75.33333333333333,161.0,20.333333333333332,23.666666666666668,1.6666666666666667,3.6666666666666665,13.666666666666666,74.0,71.33333333333333,4.324748168498169,0.04991019411200134,6.666666666666667,3.16098087497906,0.1265629425744743
CDMS-11-6B-JMARME-CorrEtiq.txt,170.0,76.28571428571429,167.28571428571428,27.0,31.428571428571427,0.42857142857142855,4.428571428571429,9.0,76.0,75.14285714285714,4.3999952494592565,0.047347946122979157,7.142857142857143,3.249500293798324,0.1327673081189241
CDMS-11-6B-JPSAMA-CorrEtiq.txt,170.0,87.5,167.0,16.0,19.5,1.5,3.5,8.5,87.5,83.0,3.8202614379084965,0.03862975901971276,8.0,3.4045447392440122,0.12095328994982973
CDMS-11-6B-LESTA-CorrEtiq.txt,170.0,70.5,169.0,29.5,32.5,1.0,3.0,13.0,70.5,69.5,4.796497584541063,0.05532391564504961,5.5,2.990949533518245,0.12239599947666871
CDMS-11-6B-MAGIMU-CorrEtiq.txt,170.0,62.0,169.0,36.5,41.5,0.5,5.0,19.0,62.0,61.0,5.451612903225806,0.0671602326811211,6.0,2.825753569539926,0.20609104690985747
CDMS-11-6B-MEBRTA-CorrEtiq.txt,170.0,73.0,169.0,24.0,31.0,4.0,8.0,8.0,73.0,70.0,4.63013698630137,0.05098934550989345,8.0,3.2207001522070016,0.10332513757171291
CDMS-11-6B-MMAMO-CorrEtiq.txt,170.0,81.66666666666667,169.0,17.333333333333332,20.333333333333332,2.3333333333333335,3.6666666666666665,8.333333333333334,81.66666666666667,81.0,4.1421568627450975,0.04451506340932998,6.666666666666667,3.214126747745512,0.10198104870687179
CDMS-11-6B-RSECA-CorrEtiq.txt,170.0,74.66666666666667,169.0,26.333333333333332,30.666666666666668,1.0,4.333333333333333,10.666666666666666,74.66666666666667,73.0,4.555094775236211,0.050784781266186275,6.666666666666667,3.054663427818248,0.11471276200324364
CDMS-11-6B-SCAPA-CorrEtiq.txt,170.0,85.0,169.0,24.0,25.0,0.0,1.0,6.0,85.0,85.0,3.976470588235294,0.040336134453781515,7.0,3.3134453781512607,0.03753187412356963
CDMS-11-6B-VZAPE-CorrEtiq.txt,170.0,72.0,169.0,34.0,38.5,4.0,4.5,10.5,72.0,70.5,4.702608695652174,0.049539411534296446,7.0,3.1453853597843366,0.08705477278239426
CDMS-11-6B-YLNIME-CorrEtiq.txt,170.0,80.0,169.0,21.0,24.5,0.0,3.5,8.0,80.0,79.5,4.227642276422764,0.045758968523196164,6.5,3.192875477428323,0.08572480245722713
CDMS-11-7C-ICARE-CorrEtiq.txt,170.0,76.0,169.0,26.0,29.0,0.5,3.0,13.0,76.0,74.5,4.447368421052632,0.04894736842105263,7.5,3.1871929824561405,0.15047144118351546
CDMS-11-7C-IMOIB-CorrEtiq.txt,170.0,82.5,169.0,18.75,22.5,2.5,3.75,5.5,82.5,82.25,4.103710180676871,0.0430161918780366,6.75,3.2984724529537246,0.08237475348821219
CDMS-11-7C-SALMA-CorrEtiq.txt,170.0,76.33333333333333,169.0,32.666666666666664,35.666666666666664,0.0,3.0,9.0,76.33333333333333,75.0,4.432742796189996,0.04646691001678088,7.0,3.160171012646075,0.11247310068291132
CDMS-11-7C-SPGAVE-CorrEtiq.txt,170.0,80.5,165.0,23.5,26.0,6.0,4.0,8.5,78.5,77.0,4.118604651162791,0.04189793076249984,7.5,3.4391453616160663,0.13355751377365604
CDMS-12-5A-SRIGO-CorrEtiq.txt,170.0,80.5,169.0,23.5,26.0,2.5,3.0,5.5,80.5,80.25,4.226986325504166,0.04455348815103281,7.0,3.3230806095689696,0.0916864960183982
CDMS-12-6A-FAROPA-CorrEtiq.txt,170.0,82.33333333333333,169.0,20.0,22.0,2.0,2.3333333333333335,7.666666666666667,82.33333333333333,82.0,4.109357354770791,0.0433811459653658,6.666666666666667,3.245230036940764,0.09687010025962565
CDMS-12-6A-JGIGA-CorrEtiq.txt,170.0,74.0,169.0,27.0,33.5,1.5,6.5,9.0,74.0,73.0,4.588515868647955,0.04989868603128987,6.5,3.0570047755777305,0.10132803570758828
CDMS-12-6A-JSOTGU-CorrEtiq.txt,170.0,71.4,169.0,30.4,32.2,2.2,2.2,9.6,71.4,71.2,4.747624941568604,0.05407214273105271,7.2,3.205670164359693,0.11343200700627935
CDMS-12-6A-SROAL-CorrEtiq.txt,170.0,79.66666666666667,169.0,26.666666666666668,28.666666666666668,0.6666666666666666,2.0,10.0,79.66666666666667,78.33333333333333,4.255737122934185,0.04502265280579054,7.0,3.22159597892048,0.10144013202468849
CDMS-12-6B-IJDAGA-CorrEtiq.txt,170.0,68.5,169.0,28.0,32.0,8.0,6.5,11.0,68.5,68.5,4.936673773987207,0.0558994974309705,6.0,2.971814838849232,0.1165453804247232
CDMS-12-6B-SCLAG-CorrEtiq.txt,170.0,71.0,169.0,29.0,33.5,4.0,5.5,10.0,71.0,70.5,4.770747334021328,0.05316133018970324,6.25,3.1794523308181835,0.10424399433364862
CDMS-12-7C-ARAHE-CorrEtiq.txt,170.0,78.0,169.0,19.0,24.0,0.0,5.0,15.0,78.0,77.0,4.333333333333333,0.04828504828504829,7.0,3.1068931068931067,0.1780875819337358
CDMS-12-7C-CATRAR-CorrEtiq.txt,170.0,79.0,167.0,25.6,29.8,0.0,4.2,11.2,78.4,76.0,4.256971352388385,0.04523568812418681,7.0,3.248414923098468,0.0930778020036338
CDMS-12-7C-DLOLO-CorrEtiq.txt,170.0,76.5,169.0,31.0,32.0,1.0,1.0,9.0,76.5,75.5,4.450430292598967,0.04795938792284728,6.5,3.1833875115672505,0.1411756178718766
CDMS-12-7C-JSZAOR-CorrEtiq.txt,170.0,84.0,169.0,15.0,19.0,1.0,4.0,8.0,84.0,83.0,4.023809523809524,0.04274239816408491,7.0,3.242398164084911,0.06302814423115174
CDMS-12-7C-MAROBE-CorrEtiq.txt,170.0,85.0,169.0,20.0,24.333333333333332,0.0,4.333333333333333,7.0,85.0,84.0,3.9904007333682556,0.04088774265204916,7.333333333333333,3.4331050925939195,0.11128523961138172
CDMS-12-7C-VQURA-CorrEtiq.txt,170.0,84.4,167.4,20.6,23.4,0.4,2.8,9.0,84.4,83.2,3.9755796131385446,0.0409908974177927,6.8,3.3551495650878764,0.09643939304746785
CDMS-13-6B-ASUMO-CorrEtiq.txt,170.0,81.0,159.0,15.0,20.0,1.0,5.0,13.0,80.0,72.0,3.925925925925926,0.04259259259259259,8.0,3.333227848101266,0.10809540423690178
CDMS-13-6B-JDTAHE-CorrEtiq.txt,170.0,79.5,163.0,21.5,24.0,3.5,3.5,8.5,78.0,74.0,4.101107594936709,0.043451801363193765,7.5,3.3751248751248752,0.10153971947170476
CDMS-13-7C-MVEAR-CorrEtiq.txt,170.0,69.6,167.4,23.0,24.8,7.4,3.2,11.8,69.2,67.0,4.8209273590859265,0.056905405293235956,6.0,2.919366618271533,0.15408471233543816
CDMS-13-7C-SSOSLO-CorrEtiq.txt,170.0,75.16666666666667,167.66666666666666,25.333333333333332,28.5,3.6666666666666665,3.5,13.833333333333334,74.83333333333333,74.0,4.480865766308804,0.04900048309418634,6.0,3.1113271522829344,0.15243426871409477
CDMS-14-10A-IMORTO-CorrEtiq.txt,170.0,72.0,169.0,34.5,39.0,0.0,4.5,7.0,72.0,71.5,4.702608695652174,0.050965415543420656,6.0,3.274967166655146,0.059238402499272064
CDMS-14-10A-JCVANI-CorrEtiq.txt,170.0,90.25,169.0,17.75,22.0,1.5,4.25,3.75,90.25,89.0,3.757398945422456,0.03644625331604085,8.25,3.6500647223718308,0.05448170923015537
CDMS-14-5A-LSDUCO-CorrEtiq.txt,170.0,69.66666666666667,169.0,31.0,36.666666666666664,1.3333333333333333,5.666666666666667,12.333333333333334,69.66666666666667,69.33333333333333,4.878128836337791,0.05520478637623178,5.666666666666667,3.0119987512269524,0.13896721137090434
CDMS-14-6B-KDCAHE-CorrEtiq.txt,170.0,78.0,168.0,23.5,28.75,4.0,6.25,12.0,78.0,75.0,4.319688598448375,0.04530993441127332,7.5,3.3716046686715053,0.1041649263462471
CDMS-15-10A-AMALOS-CorrEtiq.txt,170.0,79.33333333333333,169.0,19.666666666666668,25.166666666666668,4.333333333333333,5.666666666666667,5.5,79.33333333333333,78.66666666666667,4.284104395113643,0.045470130900955724,6.166666666666667,3.201984717381443,0.06987260042995835
CDMS-15-10A-JJMACH-CorrEtiq.txt,170.0,85.33333333333333,168.11111111111111,18.444444444444443,20.555555555555557,1.5555555555555556,2.3333333333333335,7.333333333333333,85.11111111111111,83.88888888888889,3.9454163495667296,0.04073187333074982,6.555555555555555,3.265423955506423,0.09071095707435523
CDMS-15-10A-MAALCA-CorrEtiq.txt,170.0,76.33333333333333,169.0,23.333333333333332,27.666666666666668,1.6666666666666667,4.333333333333333,10.666666666666666,76.33333333333333,75.66666666666667,4.435991547102659,0.04881445372312953,6.333333333333333,3.086143944553381,0.1128186381182024
CDMS-15-10A-MAALRI-CorrEtiq.txt,170.0,84.75,169.0,19.25,24.75,1.5,5.5,8.25,84.75,84.25,3.9918307690300017,0.04033725348664469,7.5,3.4464500294208547,0.08056008248819707
CDMS-15-10A-SGOMO-CorrEtiq.txt,170.0,87.66666666666667,169.0,20.0,21.333333333333332,1.0,1.3333333333333333,8.666666666666666,87.66666666666667,87.66666666666667,3.8609266795173838,0.038780382115649194,7.0,3.4174949815577946,0.11645687137171962
CDMS-15-10A-SHEGA-CorrEtiq.txt,170.0,74.66666666666667,169.0,21.666666666666668,25.333333333333332,0.6666666666666666,3.6666666666666665,17.0,74.66666666666667,73.33333333333333,4.532514063648237,0.05208847984237161,6.0,3.0016496426726227,0.18310095913523972
CDMS-15-11B-JEMOLO-CorrEtiq.txt,170.0,80.6,169.0,23.6,26.733333333333334,1.9333333333333333,3.466666666666667,6.866666666666666,80.6,80.0,4.211107274147361,0.04411699064985332,6.866666666666666,3.3178544083919688,0.07383157844275784
CDMS-15-11B-VSAHO-CorrEtiq.txt,170.0,79.0,169.0,28.0,30.5,2.5,3.5,6.5,79.0,77.5,4.284659820282414,0.0443354094359657,7.0,3.3030539311241065,0.07839344721515838
CDMS-16-10A-SGALO-CorrEtiq.txt,170.0,81.33333333333333,169.0,16.333333333333332,20.666666666666668,0.6666666666666666,4.333333333333333,9.0,81.33333333333333,81.0,4.162677399119293,0.04536513337053664,6.666666666666667,3.227668492193986,0.09559246181532789
CDMS-16-11B-NGABE-CorrEtiq.txt,170.0,86.5,167.25,16.5,20.25,1.0,3.75,6.5,86.0,84.5,3.8765348977129506,0.03975210819280509,7.5,3.3858578964038033,0.07892424713228031
CDMS-17-10A-ASSAMO-CorrEtiq.txt,170.0,93.5,169.0,16.0,17.5,0.0,1.5,7.5,93.5,92.0,3.6175595238095237,0.03512868710237131,7.5,3.485086112717692,0.0869391924874815
CDMS-18-7C-VVECA-CorrEtiq.txt,170.0,79.33333333333333,168.33333333333334,30.333333333333332,34.0,0.6666666666666666,3.6666666666666665,9.0,79.0,77.33333333333333,4.249013369495297,0.04317009288628757,8.0,3.349142149313309,0.14168559786186904
CDMS-8-4A-DBEVA-CorrEtiq.txt,170.0,65.5,169.0,29.5,34.0,3.5,5.0,19.0,65.5,65.5,5.163013059701493,0.06227520406624884,5.0,2.8024965809480733,0.1961535424565939
CDMS-8-4A-DJAVDA-CorrEtiq.txt,170.0,66.0,168.0,37.0,41.0,9.0,6.5,14.0,66.0,65.5,5.090909090909091,0.05501165501165502,7.0,2.9074592074592074,0.16750637719537242
CDMS-8-4A-DOSTR-CorrEtiq.txt,170.0,73.16666666666667,169.0,32.166666666666664,36.333333333333336,4.5,5.333333333333333,11.666666666666666,73.16666666666667,72.33333333333333,4.640660821504139,0.048902500952117615,7.0,3.193425642720941,0.13926387852269156
CDMS-8-4A-LGOPA-CorrEtiq.txt,170.0,70.33333333333333,167.66666666666666,32.333333333333336,38.666666666666664,2.0,6.666666666666667,14.666666666666666,70.0,68.66666666666667,4.8059130097839775,0.052799952941503046,7.0,3.144516699932693,0.15143436672016186
CDMS-8-4C-JDBUTU-CorrEtiq.txt,170.0,69.33333333333333,168.33333333333334,31.0,35.666666666666664,8.666666666666666,7.333333333333333,9.333333333333334,69.33333333333333,67.33333333333333,4.870688079383732,0.052534485148655,6.0,2.9402364488942196,0.15806399454225542
CDMS-9-4A-ACDUTR-CorrEtiq.txt,170.0,76.5,169.0,28.5,31.5,4.0,3.5,12.5,76.5,76.0,4.461180124223603,0.04700827423688176,5.5,3.0112877523979735,0.15484257584928618
CDMS-9-4A-CARGA-CorrEtiq.txt,170.0,73.66666666666667,169.0,31.666666666666668,32.666666666666664,2.0,2.0,9.0,73.66666666666667,72.66666666666667,4.599817208512861,0.050399907562784625,6.333333333333333,3.0546404391830593,0.1470177913910635
CDMS-9-4A-CRAAG-CorrEtiq.txt,170.0,69.5,166.0,29.5,32.0,4.5,3.0,20.5,69.0,66.5,4.790577002905771,0.05454651893008057,6.0,2.8500787944449915,0.2391341213347843
CDMS-9-4A-EROHI-CorrEtiq.txt,170.0,74.0,169.0,27.0,29.0,5.0,3.0,10.5,74.0,72.0,4.570906432748538,0.05009266123054114,7.5,3.284741784037559,0.11907399780206798
CDMS-9-4A-ILOSE-CorrEtiq.txt,170.0,65.0,169.0,39.5,41.5,0.0,2.0,11.5,65.0,64.5,5.211100569259962,0.061450338440624204,5.5,2.872152017156263,0.1032476448754038
CDMS-9-4A-TGAFR-CorrEtiq.txt,170.0,71.5,169.0,37.5,43.0,2.0,6.0,11.0,71.5,71.0,4.738627450980392,0.04936264622831787,5.0,2.8819266149380285,0.13539708332761072
CDMS-9-4C-SCAMO-CorrEtiq.txt,170.0,88.0,165.0,20.0,21.0,1.0,1.0,5.0,87.0,85.0,3.75,0.03735632183908046,8.0,3.6011761561079925,0.05200872359963269
CDMS-9-5A-ABERO-CorrEtiq.txt,170.0,72.5,168.0,29.25,32.75,3.75,3.75,6.5,72.5,70.0,4.662789092985628,0.05119891949190533,6.25,3.1586364660049324,0.07586451446218953
CDMS-9-5A-PAGACO-CorrEtiq.txt,170.0,72.0,169.0,26.5,30.5,2.5,4.0,9.5,72.0,71.5,4.702608695652174,0.05335821755259095,6.5,3.1279919817515722,0.07877061585757239
CDMS-9-5A-VVAAR-CorrEtiq.txt,170.0,73.0,169.0,29.0,36.0,2.0,7.0,12.0,73.0,72.0,4.63013698630137,0.04984779299847793,7.0,3.1377473363774735,0.1403125913580131
CDMS-9-5C-JDMADE-CorrEtiq.txt,170.0,77.0,169.0,29.0,30.0,10.0,5.0,6.0,77.0,76.0,4.3896103896103895,0.04408749145591251,7.0,3.345522898154477,0.12159535990704823
CDMS-9-5C-LVIZAC-CorrEtiq.txt,170.0,83.66666666666667,169.0,23.0,26.666666666666668,2.3333333333333335,3.6666666666666665,13.0,83.66666666666667,83.0,4.040743777185671,0.040510768653372546,7.666666666666667,3.484514523113875,0.11703431036661889
CDMS-9-5C-MLOGO-CorrEtiq.txt,170.0,75.0,169.0,29.666666666666668,31.666666666666668,3.3333333333333335,2.3333333333333335,17.333333333333332,75.0,74.33333333333333,4.508248508248508,0.04829215679972709,8.333333333333334,3.372478012708727,0.18292189924211155
CDMS-9-5C-SCAAG-CorrEtiq.txt,170.0,75.5,167.0,22.0,25.0,2.0,3.0,10.5,74.0,73.5,4.424385964912281,0.0497724039829303,6.5,3.1670821506437945,0.07640154241470032
CDMS-XX-10A-VGILO-CorrEtiq.txt,170.0,79.66666666666667,166.33333333333334,19.666666666666668,19.0,6.333333333333333,0.6666666666666666,6.666666666666667,78.66666666666667,74.0,4.176202912314023,0.044992919254522624,7.0,3.2240313833881085,0.09531371388061437
CDMS-XX-5C-MJSARU-CorrEtiq.txt,170.0,82.5,169.0,24.0,30.5,1.0,6.5,5.0,82.5,81.5,4.098324514991182,0.04090276449714201,8.0,3.317893266186439,0.08196414565953611
CDMS-XX-5C-MPCAQU-CorrEtiq.txt,170.0,69.5,169.0,30.5,33.5,0.0,3.0,13.0,69.5,69.5,4.865575807787904,0.0569771570600071,5.5,2.9204155574359234,0.16427061334921123
CDMS-XX-6A-MAGICA-CorrEtiq.txt,170.0,81.875,168.25,23.125,25.375,0.5,2.25,6.75,81.875,81.25,4.128383107801384,0.04337392237827304,7.25,3.413543777540462,0.07588747180875346
CDMS-XX-6B-SPUCA-CorrEtiq.txt,170.0,81.8,169.0,25.2,30.6,0.4,5.4,7.4,81.8,81.0,4.152138053606364,0.04204531468934611,6.4,3.325846794340572,0.11035520781815293
CSO-10-4A-ICAPA-CorrEtiq.txt,170.0,71.25,168.0,33.0,38.25,0.75,5.25,11.0,71.25,71.0,4.732334344176449,0.0518751675035373,6.25,3.0090527837949743,0.1826030572531015
CSO-10-4A-KCOMO-CorrEtiq.txt,170.0,75.4,169.0,27.4,32.6,2.2,5.4,9.2,75.4,74.6,4.506477755421417,0.0484918995672615,7.6,3.274029117758895,0.12610816399070862
CSO-10-4A-LRAVI-CorrEtiq.txt,170.0,74.0,165.0,32.0,39.0,0.0,7.0,12.0,72.0,72.0,4.45945945945946,0.04664938911514254,7.0,3.1353677621283254,0.16380172380172384
CSO-10-4A-LSCAVA-CorrEtiq.txt,170.0,87.5,169.0,29.0,35.5,0.0,6.5,4.5,87.5,86.0,3.8731011000523834,0.03535493049540757,8.5,3.8992066175274083,0.08820943476522314
CSO-10-5A-ACAVA-CorrEtiq.txt,170.0,86.0,169.0,18.5,20.0,4.0,2.0,6.5,86.0,86.0,3.943562610229277,0.03998439831773165,8.0,3.391778591778592,0.07408485287209877
CSO-10-5A-ARACA-CorrEtiq.txt,170.0,78.5,159.0,24.5,25.0,1.0,0.5,4.0,77.5,74.5,4.0514443362544625,0.043745284251613364,8.0,3.3959636854373696,0.07274718951934142
CSO-10-5A-DABRZA-CorrEtiq.txt,170.0,70.6,168.2,36.2,41.0,2.2,5.0,9.6,70.6,69.8,4.796555317214251,0.05153551513771034,6.8,3.1845229037076956,0.12251695367784983
CSO-10-5A-GZAMA-CorrEtiq.txt,170.0,76.33333333333333,168.33333333333334,24.5,27.5,0.6666666666666666,3.0,9.166666666666666,76.33333333333333,76.0,4.414427381893536,0.04883468800956584,6.5,3.126229430594567,0.14095353229783686
CSO-10-5A-IPECA-CorrEtiq.txt,170.0,78.0,169.0,25.5,29.0,0.5,3.5,12.0,78.0,76.0,4.333333333333333,0.046453546453546456,7.0,3.142857142857143,0.11323512669666516
CSO-10-5A-JANORO-CorrEtiq.txt,170.0,82.5,167.0,18.0,24.5,1.0,6.5,10.0,82.0,78.5,4.050735294117647,0.04216173811296671,7.0,3.2811975812720418,0.11716115175673998
CSO-10-5A-JBUVE-CorrEtiq.txt,170.0,84.0,169.0,24.0,26.5,2.0,2.5,5.5,84.0,84.0,4.028948488718603,0.040367499282227964,6.5,3.3644045709703287,0.07599163240174434
CSO-10-5A-JJSEMO-CorrEtiq.txt,170.0,72.0,168.0,30.0,33.5,1.0,3.5,8.0,72.0,71.0,4.667181169207023,0.052255236135228415,6.0,2.9747834036180554,0.11427065119297075
CSO-10-5A-JLCARI-CorrEtiq.txt,170.0,86.0,165.0,19.0,22.0,1.0,3.0,4.0,85.0,82.0,3.8372093023255816,0.038850889192886456,7.0,3.500560224089636,0.07906279766744881
CSO-10-5A-MAARAN-CorrEtiq.txt,170.0,67.75,169.0,37.5,40.25,1.0,2.75,16.5,67.75,67.0,4.992436974789916,0.056532835361219815,6.5,2.982017607309983,0.23924609783423328
CSO-10-5A-MAOSMO-CorrEtiq.txt,170.0,86.25,169.0,19.75,22.25,0.5,2.5,5.75,86.25,83.5,3.9306565672432403,0.040172824964569524,7.75,3.507227950533772,0.06365895041419102
CSO-10-5A-RVMOIB-CorrEtiq.txt,170.0,83.5,169.0,19.75,22.25,1.0,2.5,7.5,83.5,82.5,4.070261059726416,0.04282199045259304,6.75,3.2681136664239885,0.08431498285226632
CSO-10-5A-SVHEES-CorrEtiq.txt,170.0,71.75,169.0,26.0,28.75,4.5,3.0,11.5,71.75,71.5,4.7575158529269554,0.05427380719374697,5.75,2.916299833303831,0.14671920068807623
CSO-11-5A-MDVOSPE-CorrEtiq.txt,170.0,73.33333333333333,167.66666666666666,29.0,31.333333333333332,1.0,2.3333333333333335,9.333333333333334,73.33333333333333,72.66666666666667,4.582641432641433,0.05123469893831192,6.333333333333333,3.041894516542404,0.13862484145864165
CSO-11-5A-MTAGA-CorrEtiq.txt,170.0,82.0,169.0,21.333333333333332,25.0,2.3333333333333335,3.6666666666666665,5.333333333333333,82.0,81.66666666666667,4.128505703661688,0.04283133306151854,8.0,3.4287292908419253,0.0576939310819134
CSO-11-6A-CAPAMU-CorrEtiq.txt,170.0,88.0,162.33333333333334,19.0,19.666666666666668,2.0,0.6666666666666666,7.0,85.33333333333333,78.66666666666667,3.697543777061849,0.0369168966157083,9.333333333333334,3.6104303827127495,0.07421707936604617
CSO-11-6A-DSCACH-CorrEtiq.txt,170.0,90.0,169.0,19.0,19.5,0.5,0.5,4.0,90.0,89.5,3.7629886194952995,0.03727033135004652,6.5,3.440673153269544,0.047022441689831156
CSO-11-6A-EROMO-CorrEtiq.txt,170.0,81.0,169.0,29.0,38.0,0.0,9.0,5.0,81.0,81.0,4.172839506172839,0.0404320987654321,7.0,3.378086419753086,0.0581154532421589
CSO-11-6A-FSOVRE-CorrEtiq.txt,170.0,72.0,168.0,32.0,36.25,1.75,4.25,10.0,71.75,69.75,4.687030087030087,0.05146974944473456,6.0,3.0807678396202265,0.134421741200771
CSO-11-6B-ANREVA-CorrEtiq.txt,170.0,79.33333333333333,169.0,26.333333333333332,29.0,1.3333333333333333,2.6666666666666665,9.0,79.33333333333333,79.0,4.267676767676767,0.04477422105830476,6.666666666666667,3.191393049985314,0.11334865056043002
CSO-11-6B-DISEMO-CorrEtiq.txt,170.0,87.0,161.0,20.0,23.0,0.0,3.0,7.0,85.0,77.0,3.7011494252873565,0.03688853247794707,8.0,3.649299719887955,0.07589179658145176
CSO-11-6B-LHFDLACH-CorrEtiq.txt,170.0,83.66666666666667,166.33333333333334,23.333333333333332,28.333333333333332,2.6666666666666665,5.0,5.333333333333333,83.66666666666667,79.66666666666667,3.9779629009515087,0.03916285321038162,8.666666666666666,3.607343928919578,0.06780532284875239
CSO-11-6B-RJGIHE-CorrEtiq.txt,170.0,78.33333333333333,169.0,20.0,22.666666666666668,3.0,2.6666666666666665,15.666666666666666,78.33333333333333,77.33333333333333,4.329093281148076,0.047718861920875454,6.333333333333333,3.0680384041087128,0.19166828416384085
CSO-11-6B-SFLVA-CorrEtiq.txt,170.0,76.5,169.0,24.0,28.0,7.0,5.5,14.5,76.5,76.0,4.441257299896943,0.04678186553830663,6.5,3.2187612274065955,0.18157456033323618
CSO-11-6B-VCOMA-CorrEtiq.txt,170.0,88.5,169.0,19.5,23.0,1.5,4.0,5.5,88.5,85.5,3.8222591362126246,0.03740356011217844,8.0,3.5083494101277957,0.07201084561900181
CSO-12-6A-DGISE-CorrEtiq.txt,170.0,84.0,169.0,19.5,21.5,8.0,4.5,6.5,84.0,83.0,4.028948488718603,0.04005885730691933,7.0,3.4393881117150293,0.0757393706956099
CSO-12-6A-FJOVRE-CorrEtiq.txt,170.0,76.33333333333333,166.33333333333334,23.333333333333332,26.0,3.0,3.0,11.333333333333334,75.66666666666667,72.33333333333333,4.358395989974937,0.047767904610009876,6.0,3.040493124703651,0.10897102031293933
CSO-12-6B-GQULO-CorrEtiq.txt,170.0,77.0,169.0,24.5,28.5,6.0,4.0,4.5,77.0,76.0,4.437510656436488,0.04651686761661186,7.5,3.3138838143953233,0.07559932959963048
CSO-12-6B-LJHEFE-CorrEtiq.txt,170.0,84.5,169.0,17.75,22.25,2.0,4.5,8.75,84.5,84.25,4.0162858385622,0.041315756512155404,6.75,3.3636455887072585,0.12148663847043942
CSO-12-6B-VPAMA-CorrEtiq.txt,170.0,62.0,145.0,38.0,39.0,2.0,1.0,10.0,60.0,51.0,4.67741935483871,0.05499735589635114,7.0,3.189265536723164,0.12163920309081598
CSO-12-7A-DALRE-CorrEtiq.txt,170.0,68.0,167.8,38.4,41.2,3.2,3.4,10.0,68.0,67.6,4.946369132809534,0.054385853262850045,6.6,3.1186322276320433,0.14467103380119656
CSO-12-7A-ESALA-CorrEtiq.txt,170.0,72.0,169.0,29.0,32.0,0.0,3.0,9.0,72.0,72.0,4.694444444444445,0.05359937402190924,6.0,2.930359937402191,0.09419160274423434
CSO-12-7A-IMERO-CorrEtiq.txt,170.0,80.0,169.0,23.0,27.833333333333332,2.0,4.833333333333333,8.333333333333334,80.0,79.0,4.229755145604819,0.044140474359598426,7.166666666666667,3.3658325845040147,0.09968249143069717
CSO-12-7A-JHEZA-CorrEtiq.txt,170.0,89.0,163.0,17.0,20.5,3.0,4.0,7.5,87.5,83.5,3.665571284125379,0.03568539650440561,7.5,3.616539417744237,0.0980814016744175
CSO-12-7A-LSARAR-CorrEtiq.txt,170.0,72.0,169.0,33.0,39.0,0.0,6.0,11.0,72.0,72.0,4.694444444444445,0.05086071987480438,6.0,3.0629890453834117,0.17111508680136128
CSO-12-7A-SCAHO-CorrEtiq.txt,170.0,83.0,169.0,26.333333333333332,30.333333333333332,0.6666666666666666,4.0,8.0,83.0,82.66666666666667,4.073866417011547,0.04058114954459779,9.0,3.5835468503890637,0.08710840417466485
CSO-12-7B-DVAGRO-CorrEtiq.txt,170.0,87.33333333333333,169.0,20.0,24.333333333333332,3.6666666666666665,4.666666666666667,7.0,87.33333333333333,87.0,3.8906595008326854,0.037803731350678604,7.0,3.528768017419926,0.06562685141021038
CSO-12-7B-SMUGU-CorrEtiq.txt,170.0,74.0,169.0,25.5,26.5,2.0,1.0,9.0,74.0,72.0,4.568401826484019,0.05201139495660043,6.5,3.0283473199226623,0.097006883378358
CSO-12-7B-SSARA-CorrEtiq.txt,170.0,87.5,169.0,18.0,21.0,3.5,3.0,4.5,87.5,86.0,3.8842920935119514,0.03856923155138667,9.5,3.6393497335129688,0.037052270395454
CSO-12-7B-VHOMA-CorrEtiq.txt,170.0,91.25,169.0,18.25,18.5,3.5,1.25,4.0,91.25,90.0,3.7222542073559515,0.03617131733699645,8.75,3.6352752847931615,0.08203683652632607
CSO-12-8A-YTOME-CorrEtiq.txt,170.0,71.5,169.0,29.0,32.5,0.5,3.5,11.5,71.5,71.0,4.746072270227808,0.05441214977742864,5.5,3.014500226142017,0.17542093824655808
CSO-13-6A-ANASA-CorrEtiq.txt,170.0,84.28571428571429,169.0,24.857142857142858,28.857142857142858,0.5714285714285714,4.0,4.142857142857143,84.28571428571429,82.85714285714286,4.030351180549784,0.04015996586186394,7.285714285714286,3.4511149678198487,0.057023544833159474
CSO-13-6B-JETAVE-CorrEtiq.txt,170.0,71.8,169.0,35.8,37.6,0.8,2.2,11.6,71.8,71.4,4.744307438840655,0.052086825908892055,6.2,3.055908364051106,0.13138704735535006
CSO-13-6B-LFMIES-CorrEtiq.txt,170.0,80.5,165.0,24.5,27.5,2.0,3.0,8.5,76.5,75.0,4.107142857142857,0.042548183163275105,8.0,3.2681799281799284,0.13538372657703407
CSO-13-6B-LJMAHU-CorrEtiq.txt,170.0,70.66666666666667,161.66666666666666,42.666666666666664,47.0,0.6666666666666666,4.666666666666667,2.6666666666666665,70.0,65.66666666666667,4.671297295720412,0.046963092233795765,7.333333333333333,3.2762934048488837,0.06329895425234194
CSO-13-7A-CAPAMU-CorrEtiq.txt,170.0,79.4,166.2,23.6,29.4,4.0,6.4,6.6,79.4,77.2,4.1888154286362305,0.04271648723948229,7.6,3.4947344870470474,0.0849526653648823
CSO-13-7A-CDDITR-CorrEtiq.txt,170.0,85.0,169.0,20.0,21.5,0.5,1.5,8.0,85.0,85.0,3.976470588235294,0.041176470588235294,7.5,3.4081232492997198,0.07230792659858404
CSO-13-7A-JJATFL-CorrEtiq.txt,170.0,81.5,169.0,24.5,28.5,1.0,4.0,9.5,81.5,81.5,4.148644578313252,0.04254115876906825,6.5,3.059867549853629,0.13055121278765858
CSO-13-7A-KRAMA-CorrEtiq.txt,170.0,75.0,169.0,27.5,31.5,2.0,4.0,7.5,75.0,74.5,4.50987368795588,0.04896360348775633,6.5,3.0684706525550074,0.11392457128728203
CSO-13-7A-RXCHLU-CorrEtiq.txt,170.0,75.0,169.0,16.0,19.0,0.0,3.0,16.0,75.0,75.0,4.506666666666667,0.05405405405405406,5.0,2.81981981981982,0.21178496323576412
CSO-13-7A-YAMEZA-CorrEtiq.txt,170.0,79.16666666666667,169.0,23.333333333333332,27.0,2.0,4.0,9.166666666666666,79.16666666666667,78.33333333333333,4.274808460958181,0.045333661784257934,6.666666666666667,3.1872219382801634,0.08769727898661668
CSO-13-7A-YBOSO-CorrEtiq.txt,170.0,79.0,147.0,25.0,27.0,3.0,2.0,5.0,75.0,52.0,3.721518987341772,0.0379746835443038,10.0,3.887207207207207,0.09657150163479278
CSO-13-8A-KIGAGU-CorrEtiq.txt,170.0,72.5,169.0,30.0,33.0,7.5,4.5,6.5,72.5,71.0,4.662290715372907,0.04958786202756876,6.0,3.107815079211954,0.11728234504362979
CSO-13-8A-MBUAN-CorrEtiq.txt,170.0,81.2,168.2,24.0,27.2,2.4,3.4,4.2,80.8,80.0,4.158598766267734,0.04293823995597491,7.6,3.4865761007575484,0.07088925638890091
CSO-13-8A-MGAAN-CorrEtiq.txt,170.0,86.0,169.0,21.0,26.333333333333332,1.0,5.333333333333333,4.0,86.0,85.66666666666667,3.9313081554460862,0.03878767830323854,6.333333333333333,3.319164541466742,0.06856739391853138
CSO-13-8A-MGAHE-CorrEtiq.txt,170.0,78.0,169.0,25.25,26.25,1.25,1.0,7.25,78.0,77.5,4.351647581316256,0.047629370459557716,6.25,3.1911356533998254,0.07797721724052045
CSO-13-8A-MJAGA-CorrEtiq.txt,170.0,69.5,169.0,37.0,37.5,11.0,7.5,10.5,69.5,69.5,4.865575807787904,0.05064840314936149,6.0,3.0697628262993235,0.12678235256097942
CSO-13-8A-VHODU-CorrEtiq.txt,170.0,76.75,169.0,18.5,22.25,2.25,3.75,12.25,76.75,75.5,4.412091315522655,0.04994039058530181,7.0,3.011875034927948,0.18939254662605173
CSO-13-8B-FCJISA-CorrEtiq.txt,170.0,85.0,169.0,21.0,23.0,0.0,2.0,8.0,85.0,85.0,3.976470588235294,0.04089635854341737,8.0,3.364985994397759,0.09921986338395007
CSO-13-8B-JEMABE-CorrEtiq.txt,170.0,71.0,163.66666666666666,38.333333333333336,40.666666666666664,2.0,2.6666666666666665,6.0,69.0,66.66666666666667,4.61951690821256,0.04885340583550302,6.333333333333333,3.043488619107293,0.12384440391113938
CSO-13-9B-DMLLLU-CorrEtiq.txt,170.0,75.0,169.0,29.0,31.0,3.0,2.0,10.0,75.0,75.0,4.506666666666667,0.04864864864864865,6.0,3.052972972972973,0.12668631173894332
CSO-14-7A-MVEBE-CorrEtiq.txt,170.0,77.0,169.0,18.0,20.0,2.0,2.0,13.0,77.0,76.0,4.3896103896103895,0.050239234449760764,6.0,2.8718386876281614,0.20432373415566693
CSO-14-7B-EALHU-CorrEtiq.txt,170.0,78.5,169.0,28.5,31.0,0.0,2.5,9.5,78.5,77.0,4.314308943089431,0.0456713624193299,6.5,3.216296621825077,0.12038566507919637
CSO-14-7B-EVEGO-CorrEtiq.txt,170.0,85.66666666666667,169.0,21.77777777777778,25.0,0.4444444444444444,3.2222222222222223,7.666666666666667,85.66666666666667,85.11111111111111,3.9475491119178496,0.03964333587684737,8.11111111111111,3.5032887677067865,0.10048108549910949
CSO-14-8A-AQUMA-CorrEtiq.txt,170.0,77.5,169.0,19.5,24.0,1.0,4.5,11.0,77.5,76.0,4.365833333333333,0.04870880374044931,5.5,2.9211255559356823,0.1477638083307588
CSO-14-8A-MCIDOS-CorrEtiq.txt,170.0,78.0,157.0,25.0,27.5,2.0,3.5,13.0,73.5,67.0,4.0256410256410255,0.04245754245754246,7.5,3.3495876012999304,0.10877725634512965
CSO-14-8A-SZARA-CorrEtiq.txt,170.0,80.5,169.0,24.0,28.5,5.5,5.0,6.0,80.5,79.0,4.2184496124031,0.04244512638493486,7.0,3.395324928211385,0.05592098698974644
CSO-14-8B-JLLORA-CorrEtiq.txt,170.0,79.5,169.0,21.0,23.5,3.0,3.0,12.0,79.5,78.5,4.255780804561292,0.0457745435280737,6.5,3.137235025232458,0.12691301318299528
CSO-14-9A-AEDCAGO-CorrEtiq.txt,170.0,88.75,167.0,15.5,20.0,1.75,4.5,8.0,88.25,85.25,3.774127404314923,0.037520680254982404,7.5,3.4805081532258573,0.080318665914776
CSO-14-9A-HASACA-CorrEtiq.txt,170.0,82.0,169.0,21.0,25.5,1.0,4.5,3.5,82.0,80.5,4.124404761904762,0.04297896831448761,7.0,3.243326288880658,0.053064686288370494
CSO-14-9A-JSMAAL-CorrEtiq.txt,170.0,81.5,168.0,21.75,25.25,3.5,4.0,9.5,81.5,79.5,4.125717138707334,0.042533940439748334,7.25,3.3360138581921284,0.16247086409640074
CSO-14-9A-MARJA-CorrEtiq.txt,170.0,80.66666666666667,169.0,25.0,27.0,0.0,2.0,9.666666666666666,80.66666666666667,80.0,4.19944132013605,0.044404720193136675,8.0,3.3584743446232053,0.11821338976612145
CSO-14-9A-SORZU-CorrEtiq.txt,170.0,78.0,164.33333333333334,25.666666666666668,30.666666666666668,2.6666666666666665,5.0,12.0,76.33333333333333,74.0,4.241629676825599,0.04413605442483129,7.0,3.334606313248628,0.11030168973860394
CSO-14-9B-ERAGA-CorrEtiq.txt,170.0,69.0,167.66666666666666,26.0,32.0,2.6666666666666665,6.0,13.666666666666666,68.66666666666667,67.33333333333333,4.9026384747447365,0.057688221591614026,6.333333333333333,2.976660053916424,0.1517512970957994
CSO-14-9B-MFEGA-CorrEtiq.txt,170.0,77.5,169.0,25.5,30.0,3.5,5.5,11.5,77.5,75.0,4.361471861471861,0.04571305887095361,6.5,3.219315771947351,0.10164633719729937
CSO-15-10A-LJRAGU-CorrEtiq.txt,170.0,75.4,166.6,30.2,31.6,0.4,1.4,12.0,75.4,73.4,4.439196347792936,0.048356441626645694,6.8,3.1492714963605897,0.14723190275706988
CSO-15-10A-MAARLO-CorrEtiq.txt,170.0,75.0,167.0,21.0,24.0,2.3333333333333335,3.3333333333333335,11.666666666666666,75.0,73.0,4.458091168091168,0.05088329891146792,7.333333333333333,3.12985893690119,0.16434160852473742
CSO-15-10A-SFEGA-CorrEtiq.txt,170.0,74.0,161.0,32.0,37.5,1.5,5.5,8.5,72.0,69.5,4.351351351351352,0.045168456127360236,6.0,3.177816901408451,0.09348651260415966
CSO-15-10B-MEBUAR-CorrEtiq.txt,170.0,80.0,169.0,23.333333333333332,29.666666666666668,0.3333333333333333,6.333333333333333,8.0,80.0,79.66666666666667,4.225440172943689,0.04399325215077676,7.333333333333333,3.361308858355272,0.12371559282875942
CSO-15-10B-YVBUAN-CorrEtiq.txt,170.0,80.0,166.0,20.0,21.5,1.0,1.5,9.5,79.5,78.0,4.154905335628227,0.045593892165029085,6.5,3.2053721432585283,0.11701638778900823
CSO-15-10C-ALBAHO-CorrEtiq.txt,170.0,76.0,169.0,26.333333333333332,29.0,4.333333333333333,5.0,9.0,76.0,75.66666666666667,4.455604288499026,0.047771803669749646,7.333333333333333,3.2920957181388726,0.09748564819062755
CSO-15-10C-SSCAMO-CorrEtiq.txt,170.0,81.33333333333333,169.0,25.666666666666668,31.0,2.0,5.333333333333333,5.333333333333333,81.33333333333333,81.0,4.159698025551684,0.04169777683344145,7.0,3.3276094788322563,0.08486537616386158
CSO-15-11C-JETALO-CorrEtiq.txt,170.0,74.2,169.0,30.4,39.2,3.6,9.2,8.4,74.2,73.4,4.559649330882207,0.04655886203151047,6.4,3.1603156601740023,0.12053368797463074
CSO-15-8A-VBMABR-CorrEtiq.txt,170.0,73.4,169.0,32.4,36.2,0.4,3.8,8.6,73.4,73.0,4.622846846846847,0.05006129480787015,6.6,3.164036693252447,0.11811785495117033
CSO-15-8B-KEPOGO-CorrEtiq.txt,170.0,85.0,169.0,21.5,22.0,0.5,0.5,9.5,85.0,83.0,3.9770210409745292,0.04106360952898952,7.5,3.481640927595471,0.09471452473944167
CSO-15-9B-ALRIHE-CorrEtiq.txt,170.0,83.5,169.0,22.0,23.5,3.0,1.5,7.0,83.5,83.0,4.049210903873744,0.04140711388439748,7.0,3.3246757962444238,0.11210199585347277
CSO-15-9B-AMSAGO-CorrEtiq.txt,170.0,85.5,165.0,19.5,22.0,0.0,2.5,7.5,85.5,81.5,3.864209372430803,0.039696583692655676,8.0,3.578473216067991,0.13622851296871577
CSO-15-9B-JCAPA-CorrEtiq.txt,170.0,80.66666666666667,169.0,21.0,22.666666666666668,2.3333333333333335,1.6666666666666667,9.333333333333334,80.66666666666667,79.33333333333333,4.194616921916364,0.044888322420359,7.0,3.258912096507235,0.129765887529227
CSO-15-9B-KSBEJA-CorrEtiq.txt,170.0,70.33333333333333,169.0,31.333333333333332,35.666666666666664,3.0,4.333333333333333,8.333333333333334,70.33333333333333,70.0,4.853555866791161,0.0546380323441592,6.333333333333333,3.0205980241084784,0.10636939870937856
CSO-15-9B-RMCHLU-CorrEtiq.txt,170.0,75.66666666666667,169.0,28.0,33.333333333333336,0.6666666666666666,5.333333333333333,9.0,75.66666666666667,75.66666666666667,4.477643933778107,0.04798959870705468,6.0,3.077124730022,0.14537006543734318
CSO-15-9B-SJAGRO-CorrEtiq.txt,170.0,97.0,169.0,13.0,18.0,0.0,5.0,1.0,97.0,95.0,3.484536082474227,0.03243127147766323,7.0,3.728307560137457,0.02594009655865326
CSO-16-10A-JEGAHE-CorrEtiq.txt,170.0,75.6,169.0,27.2,31.2,1.0,4.0,7.2,75.6,74.4,4.482565411551291,0.04881475559732963,6.6,3.181891198566698,0.11871641608584575
CSO-16-10A-MSACO-CorrEtiq.txt,170.0,88.0,169.0,15.333333333333334,17.0,0.6666666666666666,1.6666666666666667,9.333333333333334,88.0,86.66666666666667,3.8412397903874074,0.039553491539381265,8.0,3.4598575111649184,0.09817655480790018
CSO-16-10A-SARI-CorrEtiq.txt,170.0,76.0,156.0,27.333333333333332,30.0,1.6666666666666667,2.6666666666666665,5.666666666666667,75.66666666666667,70.33333333333333,4.116455696202532,0.0439352123446785,6.666666666666667,3.357664142254126,0.08068029954105903
CSO-16-10A-SMOUT-CorrEtiq.txt,170.0,83.4,169.0,21.0,24.8,2.8,3.8,8.4,83.4,82.6,4.0707609118276356,0.0415163629730978,7.8,3.464123954882188,0.09401465599947822
CSO-16-10A-YKMUJO-CorrEtiq.txt,170.0,73.5,169.0,25.5,28.5,2.0,3.0,10.0,73.5,72.5,4.624534623976173,0.052790133187661556,5.5,2.901081396385961,0.13188369957171148
CSO-16-10B-JESUGU-CorrEtiq.txt,170.0,88.0,169.0,17.0,18.0,1.0,1.0,11.0,88.0,87.0,3.840909090909091,0.03918495297805643,6.0,3.243991640543365,0.12473741907231214
CSO-16-10B-LTVIFA-CorrEtiq.txt,170.0,108.5,169.0,7.0,8.0,0.0,1.0,4.0,108.5,108.0,3.116862145164032,0.027667216346461628,8.0,4.004594572519101,0.036692739411940296
CSO-16-10B-VVILI-CorrEtiq.txt,170.0,84.0,169.0,18.0,21.0,2.0,3.3333333333333335,7.0,84.0,83.33333333333333,4.0348249941273195,0.04202739123961823,7.0,3.4091171812290733,0.07265433712080145
CSO-16-10C-ACALGU-CorrEtiq.txt,170.0,82.0,163.5,23.5,26.25,0.0,2.75,7.5,82.0,78.0,3.9998331720663307,0.04149230731738267,6.75,3.343035536581242,0.07574599445800932
CSO-16-10C-MAVAVE-CorrEtiq.txt,170.0,86.8,169.0,16.2,19.0,1.8,2.8,9.2,86.8,85.8,3.9227370405849697,0.04044291634563827,7.8,3.4934510854045846,0.08312607939836983
CSO-16-11A-JAVABO-CorrEtiq.txt,170.0,85.25,169.0,22.75,24.5,2.5,2.25,7.25,85.25,83.25,3.970822192513369,0.039652658313434494,7.25,3.359959166397403,0.10670228140680195
CSO-16-11A-JDMUVA-CorrEtiq.txt,170.0,86.33333333333333,169.0,22.0,25.333333333333332,1.3333333333333333,3.3333333333333335,7.0,86.33333333333333,85.0,3.917264963645941,0.03871120275959109,7.666666666666667,3.4182771864698025,0.1122872376752681
CSO-16-11A-VZAOR-CorrEtiq.txt,170.0,93.0,163.0,15.5,18.5,3.0,3.5,5.5,91.5,88.0,3.522093023255814,0.033345769597479584,7.5,3.6180311847265374,0.052464577514149124
CSO-16-11B-KRORE-CorrEtiq.txt,170.0,83.5,169.0,22.0,24.5,0.5,2.5,6.5,83.5,82.0,4.05969505178366,0.04217781345673096,6.5,3.2457461242380488,0.07260774371315873
CSO-16-11B-LLOZA-CorrEtiq.txt,170.0,85.0,167.66666666666666,18.666666666666668,22.166666666666668,1.3333333333333333,3.5,6.166666666666667,84.66666666666667,84.33333333333333,3.951384748282166,0.04052864724437084,6.5,3.329068743161029,0.06753405263849685
CSO-16-11B-YAROMO-CorrEtiq.txt,170.0,90.5,169.0,15.5,23.5,2.0,8.5,4.0,90.5,90.0,3.734920634920635,0.03542961408129947,7.0,3.646557188130222,0.05828469183780538
CSO-16-9A-JALEMO-CorrEtiq.txt,170.0,86.0,169.0,12.0,18.0,0.5,6.0,9.0,86.0,85.5,3.9387533875338754,0.041460707990350815,7.5,3.3260392666348637,0.0501182482076791
CSO-16-9A-JPROSO-CorrEtiq.txt,170.0,91.0,169.0,19.5,23.0,3.0,3.5,5.0,91.0,89.5,3.7214761040532363,0.03516931864545084,9.0,3.8630346575716024,0.05896504287104266
CSO-16-9A-JSMAGU-CorrEtiq.txt,170.0,77.0,169.0,28.5,33.0,1.0,4.5,10.0,77.0,76.0,4.396283783783783,0.04621705978563964,6.0,3.06341626870498,0.14296242731025338
CSO-16-9B-SJPAJI-CorrEtiq.txt,170.0,76.25,169.0,24.0,26.25,1.0,2.25,9.75,76.25,75.5,4.44049702897091,0.04959861158006057,6.5,3.056516339081249,0.11788702970129936
CSO-17-10A-YVGOCA-CorrEtiq.txt,170.0,75.66666666666667,169.0,21.0,26.666666666666668,1.0,5.666666666666667,10.666666666666666,75.66666666666667,75.66666666666667,4.475370370370371,0.05021018790228988,6.333333333333333,3.073142356119714,0.13114075958154903
CSO-17-10B-EHECO-CorrEtiq.txt,170.0,88.0,166.0,20.0,23.0,0.5,3.0,3.5,87.0,81.0,3.775193798449612,0.03732594858342257,9.0,3.4952789389504524,0.06765948528914686
CSO-17-10B-YCQUVE.txt,170.0,74.83333333333333,167.66666666666666,28.5,33.333333333333336,0.6666666666666666,4.833333333333333,8.0,74.33333333333333,72.66666666666667,4.517825292397661,0.049189609511952455,6.666666666666667,3.2312132578394337,0.09930517616198731
CSO-17-11A-DJAPA-CorrEtiq.txt,170.0,78.8,168.2,23.0,27.2,0.8,4.2,7.0,78.6,77.4,4.28945045540681,0.04604106378213624,7.0,3.1968445387316367,0.09132350024271903
CSO-17-11A-JDAMO-CorrEtiq.txt,170.0,76.0,169.0,25.5,26.5,0.0,1.0,6.0,76.0,75.5,4.459722222222222,0.050254798835205325,7.0,3.1811862383867195,0.08880087414401139
CSO-17-11A-NPAHE-CorrEtiq.txt,170.0,81.75,169.0,23.0,26.25,0.5,3.25,6.5,81.75,80.75,4.141819156324546,0.04322722763417507,6.75,3.16849376232235,0.10612850648988327
CSO-17-11A-RLPAIG-CorrEtiq.txt,170.0,77.75,169.0,23.75,29.75,4.0,7.0,8.0,77.75,77.0,4.360896596299922,0.045469636872686195,6.75,3.1920006343845353,0.13770796000306768
CSO-17-11A-SPUVA-CorrEtiq.txt,170.0,73.5,169.0,31.5,34.5,2.0,3.0,9.5,73.5,73.0,4.603965900667161,0.04971230894136751,6.0,3.0344946874227823,0.15421115122972595
CSO-17-11B-CDBEBU-CorrEtiq.txt,170.0,87.0,169.0,18.0,21.0,1.0,3.0,11.0,87.0,85.0,3.887111698612029,0.039295513915474256,7.5,3.4718892970875785,0.13314419447695247
CSO-17-11C-JDAAG-CorrEtiq.txt,170.0,90.33333333333333,169.0,15.0,17.333333333333332,0.0,2.3333333333333335,8.0,90.33333333333333,89.0,3.745452569223662,0.03767710489114104,7.666666666666667,3.506555741817673,0.07024890535714912
CSO-17-11C-MAPAMA-CorrEtiq.txt,170.0,82.0,169.0,19.333333333333332,23.666666666666668,2.3333333333333335,4.333333333333333,13.666666666666666,82.0,82.0,4.134452995564106,0.04339004075846181,6.0,3.1671889581145476,0.1407135192895095
CSO-17-11C-MCAAG-CorrEtiq.txt,170.0,83.75,169.0,18.5,22.25,0.5,3.75,7.5,83.75,83.75,4.040242260437395,0.04226123815530548,7.25,3.435533988908165,0.06828011862894055
CSO-17-11C-SARJA-CorrEtiq.txt,170.0,77.5,169.0,21.5,25.5,0.5,4.0,12.0,77.5,76.0,4.361471861471861,0.048228087701771914,6.5,3.1515984015984015,0.10967358244411432
CSO-18-11A-ADBAHO-CorrEtiq.txt,170.0,82.5,169.0,19.5,23.0,0.0,3.5,8.5,82.5,82.5,4.100735294117647,0.043494929617416585,6.5,3.1439545438428533,0.13515520720209173
CSO-18-11B-YLLRE-CorrEtiq.txt,170.0,85.5,169.0,23.0,26.25,0.0,3.25,8.0,85.5,84.5,3.958833653943505,0.0396636166013532,7.75,3.4746718792703306,0.0973508100048146
CSO-18-9B-MAMOLO-CorrEtiq.txt,170.0,85.125,169.0,28.5,32.625,3.375,4.375,4.25,85.125,83.0,3.9768385778506268,0.03729576222713279,8.375,3.721867750875844,0.06318730010192773
CSO-8-3A-AIPRBR-CorrEtiq.txt,170.0,70.33333333333333,169.0,30.666666666666668,33.333333333333336,3.0,2.6666666666666665,12.0,70.33333333333333,69.33333333333333,4.834640522875817,0.05492013291069481,6.333333333333333,2.970460140532573,0.1417235815136926
CSO-8-3A-DAPAVA-CorrEtiq.txt,170.0,74.66666666666667,169.0,26.666666666666668,32.166666666666664,3.8333333333333335,6.666666666666667,11.5,74.66666666666667,73.83333333333333,4.547960802577513,0.048689730226045703,6.666666666666667,3.2536674525133855,0.0997519845635861
CSO-8-3A-KVPECO-CorrEtiq.txt,170.0,76.5,166.0,33.5,34.5,3.0,1.0,11.5,76.0,73.5,4.3420512820512815,0.044555264555264554,7.0,3.0931259968102074,0.15998542731926582
CSO-8-4A-ARAGR-CorrEtiq.txt,170.0,82.0,165.0,18.0,22.0,2.0,5.0,8.0,82.0,82.0,4.024390243902439,0.04245709123757904,7.0,3.349894610057212,0.07539071800190883
CSO-8-4A-JRAAR-CorrEtiq.txt,170.0,69.5,163.0,28.5,32.5,1.5,4.0,11.5,69.5,66.5,4.769020596889449,0.05597735597735598,6.0,2.810945338814191,0.14036212837859685
CSO-9-2A-EXMOCO-CorrEtiq.txt,170.0,73.5,162.0,33.0,37.0,1.5,4.0,10.5,73.0,67.5,4.430938198064036,0.04689187945375363,7.0,3.1985397540709215,0.14531324432117215
CSO-9-4A-AGAPE-CorrEtiq.txt,170.0,80.0,169.0,23.0,28.0,1.0,5.0,7.0,80.0,79.0,4.225,0.04430379746835443,7.0,3.276898734177215,0.08942821067821069
CSO-9-4A-DKVIMO-CorrEtiq.txt,170.0,68.66666666666667,168.33333333333334,31.0,34.0,1.3333333333333333,3.0,9.666666666666666,68.66666666666667,68.33333333333333,4.90491847182308,0.05727201505344041,6.0,2.9173576708523457,0.13726876774293575
CSO-9-4A-DSMOMU-CorrEtiq.txt,170.0,86.75,166.0,18.0,18.5,3.75,2.0,5.25,86.0,84.0,3.8488552603931874,0.039222051464073635,7.5,3.5053633681394443,0.07933307108606708
CSO-9-4A-DVGATO-CorrEtiq.txt,170.0,77.0,165.0,24.5,28.5,5.5,5.0,6.5,75.0,70.0,4.303861788617886,0.045123647637102346,6.5,3.1618313808737586,0.09563128299701393
CSO-9-4A-EGCAMO-CorrEtiq.txt,170.0,80.0,169.0,25.5,30.0,2.5,4.5,11.0,80.0,79.0,4.227642276422764,0.0433181693344295,7.0,3.268978838084529,0.10330550203494691
CSO-9-4A-FAGIGA-CorrEtiq.txt,170.0,74.5,156.0,18.0,23.5,4.5,5.5,7.0,72.5,71.0,4.187207207207207,0.0467530544242873,6.0,3.15737078483075,0.10155329183270359
CSO-9-4A-GSBRCO-CorrEtiq.txt,170.0,66.5,169.0,36.25,37.25,6.25,3.0,12.0,66.5,66.5,5.0920167469463244,0.05782602979331739,6.0,2.95558752167112,0.14133269348150318
CSO-9-4A-KEMOCO-CorrEtiq.txt,170.0,69.66666666666667,169.0,29.0,32.333333333333336,1.6666666666666667,4.0,11.0,69.66666666666667,69.0,4.859973512028307,0.05670728803545957,6.0,2.9159051887163856,0.16516944728922645
CSO-9-4A-LCOMO-CorrEtiq.txt,170.0,85.33333333333333,169.0,15.666666666666666,20.666666666666668,1.6666666666666667,5.0,8.666666666666666,85.33333333333333,84.0,3.9692700934177103,0.04094174723271813,8.0,3.4342235384797983,0.08355943910768572
CSO-9-4A-MLORO-CorrEtiq.txt,170.0,70.0,169.0,28.0,30.0,2.0,2.0,13.0,70.0,70.0,4.828571428571428,0.0567287784679089,6.0,2.975983436853002,0.15295918367346936
CSO-9-4A-MPAME-CorrEtiq.txt,170.0,75.0,169.0,30.0,35.0,2.0,5.0,7.0,75.0,74.0,4.506666666666667,0.04756756756756757,6.0,3.086846846846847,0.10325750066926537
CSO-9-4A-NSARPA-CorrEtiq.txt,170.0,80.0,167.0,21.5,27.0,2.5,5.5,9.5,79.5,77.5,4.176277543366151,0.04354526548619375,7.0,3.232246024018176,0.07940981774366634
CSO-9-4A-SLOCA-CorrEtiq.txt,170.0,75.0,169.0,31.666666666666668,34.0,2.6666666666666665,2.3333333333333335,12.333333333333334,75.0,73.66666666666667,4.508804680859476,0.047690709932959395,6.666666666666667,3.0762025151210444,0.1808447444453223
CSO-9-4A-YVDITR-CorrEtiq.txt,170.0,67.5,167.0,41.5,45.0,0.0,3.5,15.5,67.0,66.0,4.964568661971831,0.05443075117370892,7.0,3.1569185645272606,0.15518978196846883
