file,wc,nodes,edges,re,pe,l1,l2,l3,lcc,lsc,atd,density,diameter,asp,cc
CDMS-10-4A-JURAN-CorrEtiq.txt,30.0,23.808,29.0,0.616,1.252,0.116,0.636,0.756,23.808,19.26,2.4482314869332717,0.10314317632532737,9.124,4.00129486249193,0.0506366216797432
CDMS-10-5A-HEPIHO-CorrEtiq.txt,30.0,24.403508771929825,28.680311890838208,0.6881091617933723,1.1481481481481481,0.0,0.4600389863547758,0.6335282651072125,24.142300194931774,18.826510721247562,2.3791954870898064,0.09933797025094314,9.777777777777779,4.199584576909961,0.05029714869808156
CDMS-10-5A-KSRAGU-CorrEtiq.txt,30.0,22.931707317073172,29.0,1.0829268292682928,1.4780487804878049,0.48292682926829267,0.3951219512195122,0.23414634146341465,22.931707317073172,19.48780487804878,2.5415937347201507,0.10886983938979251,8.434146341463414,3.7700640848405538,0.03705344951362062
CDMS-10-5A-SROPU-CorrEtiq.txt,30.0,22.564766839378237,29.0,1.9170984455958548,2.4507772020725387,0.45077720207253885,0.8238341968911918,0.30569948186528495,22.564766839378237,18.207253886010363,2.587518767156784,0.10840148404678113,9.196891191709845,3.93999885066543,0.025778340772998516
CDMS-10-5A-SZURO-CorrEtiq.txt,30.0,23.13586956521739,29.0,1.358695652173913,1.5896739130434783,0.15760869565217392,0.23097826086956522,0.4592391304347826,23.13586956521739,18.809782608695652,2.547720432501966,0.11094383723341847,9.201086956521738,3.973952316946676,0.044659683255500966
CDMS-10-5B-SRAJA-CorrEtiq.txt,30.0,22.397489539748953,29.0,1.2259414225941423,1.4602510460251046,0.12133891213389121,0.23430962343096234,0.895397489539749,22.397489539748953,19.476987447698743,2.604357290126274,0.11607841242440131,7.669456066945607,3.4274349997729483,0.06521613601224695
CDMS-10-5C-DAAUSA-CorrEtiq.txt,30.0,22.085995085995087,29.0,1.7125307125307125,2.5454545454545454,0.21375921375921375,0.9017199017199017,0.995085995085995,22.085995085995087,18.14987714987715,2.6666666408328688,0.11610022690114224,8.356265356265355,3.675238890870262,0.07231401483202952
CDMS-10-5C-ICAPA-CorrEtiq.txt,30.0,20.17721518987342,28.27848101265823,1.8417721518987342,2.6582278481012658,0.5506329113924051,0.8164556962025317,0.7658227848101266,19.531645569620252,16.5126582278481,2.8613322209019665,0.13604424597732553,6.69620253164557,3.076932633521485,0.07477087609753018
CDMS-10-5C-JFALGI-CorrEtiq.txt,30.0,21.216216216216218,29.0,1.2864864864864864,1.7837837837837838,0.0,0.4972972972972973,1.0162162162162163,21.216216216216218,18.92972972972973,2.753696342763781,0.1288500298940466,6.859459459459459,3.1069155697949618,0.11351075438789032
CDMS-10-5C-MAORTO-CorrEtiq.txt,30.0,20.433673469387756,29.0,2.2908163265306123,3.125,0.6530612244897959,0.8341836734693877,0.8928571428571429,20.433673469387756,17.40561224489796,2.8709121981159944,0.1300090616575912,7.451530612244898,3.30762973521801,0.057298873862965935
CDMS-10-5C-NBEMO-CorrEtiq.txt,30.0,21.42162162162162,29.0,1.9162162162162162,2.556756756756757,0.9972972972972973,0.6837837837837838,0.9648648648648649,21.42162162162162,17.55945945945946,2.734451344018446,0.11834950483092899,8.010810810810812,3.606155445190174,0.06746648084531476
CDMS-10-6B-ASCACO-CorrEtiq.txt,30.0,22.073469387755104,29.0,1.2408163265306122,1.4857142857142858,0.0,0.24489795918367346,0.8979591836734694,22.073469387755104,19.946938775510205,2.6340707006687487,0.11902676631887858,6.877551020408164,3.193971219085869,0.058578822812695636
CDMS-10-6B-JJMOBE-CorrEtiq.txt,30.0,23.181518151815183,29.0,1.0264026402640265,1.6732673267326732,0.0,0.6468646864686468,0.7194719471947195,23.181518151815183,19.706270627062707,2.532723037396434,0.10960463316891851,8.465346534653465,3.7830859107175425,0.049166159545315835
CDMS-11-4A-GACHSA-CorrEtiq.txt,30.0,21.696691176470587,29.0,2.3125,2.744485294117647,0.4227941176470588,0.53125,0.8805147058823529,21.696691176470587,17.558823529411764,2.7272752702229,0.11986348119395282,8.722426470588236,3.828784135635327,0.07818410271876336
CDMS-11-5A-EAARCA-CorrEtiq.txt,30.0,22.107142857142858,29.0,1.6275510204081634,1.9438775510204083,0.14795918367346939,0.3163265306122449,1.0,22.107142857142858,19.03061224489796,2.66255392639012,0.11905908830769622,8.198979591836734,3.6383088055527764,0.08409713324889706
CDMS-11-5A-MGTHAR-CorrEtiq.txt,30.0,20.083650190114067,29.0,2.817490494296578,3.494296577946768,0.5513307984790875,0.7604562737642585,0.8745247148288974,20.083650190114067,16.85171102661597,2.938734358258323,0.13529068630341412,7.307984790874524,3.298634905067737,0.06931868342701326
CDMS-11-6A-DFVEBE-CorrEtiq.txt,30.0,22.682926829268293,28.801393728222997,0.7770034843205574,0.8710801393728222,1.2822299651567943,0.32752613240418116,0.5365853658536586,22.56794425087108,18.477351916376307,2.5606174722465713,0.11039266909818468,8.595818815331011,3.725262618845883,0.048764360695038776
CDMS-11-6A-NMREPR-CorrEtiq.txt,30.0,23.365930599369086,29.0,1.4321766561514195,1.6056782334384858,0.0,0.17350157728706625,0.2996845425867508,23.365930599369086,19.555205047318612,2.5053264560935156,0.10705476203616113,8.927444794952681,3.872324127249322,0.03405655947113659
CDMS-11-6B-ARAHE-CorrEtiq.txt,30.0,22.16358024691358,28.64814814814815,1.6296296296296295,1.6790123456790123,0.808641975308642,0.2222222222222222,0.6697530864197531,22.00925925925926,17.885802469135804,2.613403413775691,0.11420010836937786,8.580246913580247,3.765506769307887,0.04629420901236562
CDMS-11-6B-AVROTO-CorrEtiq.txt,30.0,23.808823529411764,29.0,1.2303921568627452,1.3676470588235294,0.0,0.13725490196078433,0.8235294117647058,23.808823529411764,17.230392156862745,2.484021828957178,0.10675761924730923,10.848039215686274,4.509974933931566,0.0723139398125302
CDMS-11-6B-EAFESA-CorrEtiq.txt,30.0,23.2512908777969,29.0,1.3803786574870913,1.963855421686747,0.29948364888123924,0.5834767641996558,0.6196213425129088,23.2512908777969,19.160068846815836,2.5220223540005438,0.1063063022647621,9.457831325301205,4.104108461587168,0.048583323338289616
CDMS-11-6B-EFRGR-CorrEtiq.txt,30.0,21.279452054794522,29.0,2.515068493150685,2.8794520547945206,0.5561643835616439,0.3643835616438356,1.167123287671233,21.279452054794522,17.96712328767123,2.7656290072776097,0.12189717229138637,8.134246575342466,3.6261710935276357,0.08021290018300485
CDMS-11-6B-EROCO-CorrEtiq.txt,30.0,22.11,28.43,1.345,1.805,0.145,0.46,0.975,21.93,17.885,2.5928638878538193,0.11564965683349719,8.13,3.595773075413242,0.05001113797260577
CDMS-11-6B-JACUPE-CorrEtiq.txt,30.0,19.960644007155636,28.19320214669052,1.7996422182468694,2.84257602862254,1.148479427549195,1.1824686940966012,1.0644007155635062,19.62969588550984,15.708407871198569,2.8622880698620348,0.13133542789855226,7.447227191413238,3.3589118827859514,0.09467281959083167
CDMS-11-6B-JDCHBA-CorrEtiq.txt,30.0,21.195767195767196,29.0,2.1146384479717812,3.1534391534391535,0.8518518518518519,1.2134038800705467,0.8571428571428571,21.195767195767196,16.890652557319225,2.7821055485382993,0.12065470053318451,8.469135802469136,3.6969444268776215,0.06938558397043637
CDMS-11-6B-JFSAHE-CorrEtiq.txt,30.0,24.005509641873278,28.84297520661157,0.8099173553719008,1.3498622589531681,0.0,0.5399449035812672,0.509641873278237,23.914600550964188,19.399449035812673,2.414297773222195,0.10077018243181574,9.303030303030303,4.04769572818887,0.02599555935834874
CDMS-11-6B-JLPENA-CorrEtiq.txt,30.0,22.054313099041533,27.72523961661342,1.29073482428115,1.9073482428115016,0.2779552715654952,0.6166134185303515,1.1182108626198084,21.46006389776358,15.722044728434504,2.532003590357597,0.11174111985120092,8.92332268370607,3.8392210186175872,0.07667823226615945
CDMS-11-6B-JMARME-CorrEtiq.txt,30.0,22.569424964936886,28.758765778401123,1.4137447405329593,2.115007012622721,0.12201963534361851,0.7012622720897616,0.814866760168303,22.472650771388498,18.401122019635345,2.5798101920364602,0.11203453216818639,8.750350631136046,3.8376229879178276,0.06307685821527927
CDMS-11-6B-JPSAMA-CorrEtiq.txt,30.0,23.80701754385965,28.8,1.1578947368421053,1.6526315789473685,0.20350877192982456,0.49473684210526314,0.41403508771929826,23.729824561403507,18.775438596491227,2.4378539233607683,0.10094770560281019,9.789473684210526,4.152144925203791,0.036808504759055616
CDMS-11-6B-LESTA-CorrEtiq.txt,30.0,22.178438661710036,29.0,1.3345724907063197,1.758364312267658,0.21561338289962825,0.42379182156133827,0.9479553903345725,22.178438661710036,19.319702602230482,2.64287859774074,0.11770654937231115,8.293680297397769,3.6126573788641863,0.049553459994672824
CDMS-11-6B-MAGIMU-CorrEtiq.txt,30.0,21.27181208053691,29.0,1.8120805369127517,2.5671140939597317,0.09731543624161074,0.7550335570469798,1.2986577181208054,21.27181208053691,18.7248322147651,2.7510372273434296,0.12470458531056577,7.318791946308725,3.314499817340092,0.08812053001310897
CDMS-11-6B-MEBRTA-CorrEtiq.txt,30.0,21.71518987341772,29.0,1.3544303797468353,2.651898734177215,0.7278481012658228,1.4430379746835442,0.5569620253164557,21.71518987341772,18.468354430379748,2.717412582564178,0.11746706304797586,8.189873417721518,3.6411855733393037,0.04075073773437192
CDMS-11-6B-MMAMO-CorrEtiq.txt,30.0,23.554317548746518,29.0,0.7994428969359332,1.1197771587743732,0.403899721448468,0.3983286908077994,0.5013927576601671,23.554317548746518,18.52924791086351,2.477336503368447,0.1048573202386535,9.197771587743732,3.966432415059802,0.04040934989928439
CDMS-11-6B-RSECA-CorrEtiq.txt,30.0,22.234726688102892,29.0,1.3344051446945338,2.0643086816720255,0.14790996784565916,0.729903536977492,0.7202572347266881,22.234726688102892,19.331189710610932,2.639624975503329,0.11672374138460592,7.765273311897106,3.5171720387623155,0.06405375762145482
CDMS-11-6B-SCAPA-CorrEtiq.txt,30.0,23.640243902439025,29.0,1.0121951219512195,1.0121951219512195,0.0,0.0,0.5914634146341463,23.640243902439025,19.884146341463413,2.4658102534322044,0.10591864794409864,8.817073170731707,3.8473043554142943,0.018576726426294675
CDMS-11-6B-VZAPE-CorrEtiq.txt,30.0,22.01271186440678,29.0,1.6779661016949152,2.4957627118644066,0.4915254237288136,0.8177966101694916,0.5211864406779662,22.01271186440678,18.885593220338983,2.6570045034487517,0.11456029746714899,8.292372881355933,3.668183245416095,0.04135040041875409
CDMS-11-6B-YLNIME-CorrEtiq.txt,30.0,23.498360655737706,29.0,0.9114754098360656,1.2819672131147541,0.0,0.3704918032786885,0.3081967213114754,23.498360655737706,19.449180327868852,2.4871773357391396,0.10681230558298496,8.950819672131148,3.896096777131327,0.020455548355083723
CDMS-11-7C-ICARE-CorrEtiq.txt,30.0,21.984848484848484,29.0,1.9318181818181819,2.4393939393939394,0.1856060606060606,0.5075757575757576,1.106060606060606,21.984848484848484,17.367424242424242,2.6705874390343447,0.11793949254995902,8.837121212121213,3.800805514525248,0.08329459804075859
CDMS-11-7C-IMOIB-CorrEtiq.txt,30.0,24.0,29.0,0.6758104738154613,1.2942643391521198,0.36159600997506236,0.6184538653366584,0.4912718204488778,24.0,18.463840399002493,2.4303445368586862,0.10041756230791653,9.932668329177057,4.222087778101328,0.03630670388983328
CDMS-11-7C-SALMA-CorrEtiq.txt,30.0,22.753541076487252,29.0,1.9093484419263456,2.314447592067989,0.0,0.40509915014164305,0.6770538243626062,22.753541076487252,18.8328611898017,2.564208906771508,0.1091772452818476,8.832861189801699,3.853743459167626,0.052461489589261334
CDMS-11-7C-SPGAVE-CorrEtiq.txt,30.0,22.474358974358974,28.512820512820515,1.4914529914529915,1.9102564102564104,1.1495726495726495,0.7222222222222222,0.7564102564102564,22.15811965811966,16.068376068376068,2.5667688645021616,0.10814475639678442,9.991452991452991,4.16499964377887,0.052064273512204405
CDMS-12-5A-SRIGO-CorrEtiq.txt,30.0,23.63225806451613,29.0,1.0881720430107527,1.4,0.3118279569892473,0.3720430107526882,0.36774193548387096,23.63225806451613,19.623655913978496,2.4695483590888725,0.1035402022834245,9.154838709677419,3.9503784365442387,0.026424732864833118
CDMS-12-6A-FAROPA-CorrEtiq.txt,30.0,24.19219219219219,29.0,0.5675675675675675,0.8438438438438438,0.3483483483483483,0.27627627627627627,0.22522522522522523,24.19219219219219,20.17117117117117,2.4094822501102695,0.1003575798694029,9.114114114114114,4.000672375552041,0.01571461259867057
CDMS-12-6A-JGIGA-CorrEtiq.txt,30.0,21.556451612903224,29.0,1.346774193548387,2.3024193548387095,0.3225806451612903,0.9556451612903226,0.46774193548387094,21.556451612903224,18.846774193548388,2.7100658572502785,0.12109475236608605,7.330645161290323,3.2960242521423693,0.025055836531799765
CDMS-12-6A-JSOTGU-CorrEtiq.txt,30.0,21.618348623853212,29.0,1.7229357798165137,2.0311926605504587,0.3192660550458716,0.30825688073394497,0.981651376146789,21.618348623853212,18.462385321100918,2.709869075005614,0.12222673249018305,7.8330275229357795,3.479370418312491,0.07839574605845166
CDMS-12-6A-SROAL-CorrEtiq.txt,30.0,23.774111675126903,29.0,1.0964467005076142,1.4796954314720812,0.22081218274111675,0.383248730964467,0.5203045685279187,23.774111675126903,19.15482233502538,2.467730343363153,0.10332178667412963,9.398477157360405,4.07968504997459,0.0425976882503919
CDMS-12-6B-IJDAGA-CorrEtiq.txt,30.0,21.65,29.0,1.4933333333333334,2.0533333333333332,1.5166666666666666,0.7333333333333333,0.9033333333333333,21.65,17.243333333333332,2.7061804325738454,0.11659360279869095,8.85,3.8453065389845644,0.060423897338009964
CDMS-12-6B-SCLAG-CorrEtiq.txt,30.0,22.103982300884955,29.0,1.5685840707964602,2.1261061946902653,0.6415929203539823,0.6814159292035398,0.8053097345132744,22.103982300884955,18.188053097345133,2.645744972787706,0.1143750153399822,8.422566371681416,3.7108883965702186,0.05938874969374112
CDMS-12-7C-ARAHE-CorrEtiq.txt,30.0,22.068292682926828,29.0,1.1219512195121952,2.1219512195121952,0.0,1.0,1.1414634146341462,22.068292682926828,19.44878048780488,2.6465426811348562,0.11779581205515827,7.68780487804878,3.4300122512972875,0.07890884864716022
CDMS-12-7C-CATRAR-CorrEtiq.txt,30.0,23.27104722792608,28.648870636550306,1.242299794661191,1.7412731006160165,0.0,0.4989733059548255,0.7412731006160165,23.143737166324435,19.036960985626283,2.4807117943015586,0.10571180724780732,8.987679671457906,3.9154659802182814,0.04410322850065509
CDMS-12-7C-DLOLO-CorrEtiq.txt,30.0,22.133828996282528,29.0,1.6356877323420074,1.7397769516728625,0.19330855018587362,0.10408921933085502,0.9405204460966543,22.133828996282528,18.821561338289964,2.6426510255918267,0.11822485028310085,8.037174721189592,3.5517568426254273,0.08724713274405917
CDMS-12-7C-JSZAOR-CorrEtiq.txt,30.0,24.378205128205128,29.0,0.4230769230769231,0.967948717948718,0.1858974358974359,0.5448717948717948,0.5064102564102564,24.378205128205128,20.03846153846154,2.3894043410654335,0.09863165592819996,9.256410256410257,4.072540575263541,0.03590207189482551
CDMS-12-7C-MAROBE-CorrEtiq.txt,30.0,24.109756097560975,29.0,0.9329268292682927,1.600609756097561,0.0,0.6676829268292683,0.5945121951219512,24.109756097560975,18.838414634146343,2.4365040889731047,0.10132996124364411,9.948170731707316,4.240114220887305,0.052283640355468265
CDMS-12-7C-VMAPA-CorrEtiq.txt,30.0,22.53968253968254,29.0,1.4523809523809523,2.134920634920635,0.0,0.6825396825396826,0.6587301587301587,22.53968253968254,19.626984126984127,2.5853319456081794,0.11178975893969902,7.690476190476191,3.452387234565506,0.04894319110570142
CDMS-12-7C-VQURA-CorrEtiq.txt,30.0,23.066420664206642,28.579335793357934,1.5424354243542435,2.0867158671586714,0.05350553505535055,0.544280442804428,0.8763837638376384,22.671586715867157,16.269372693726936,2.509917579741575,0.10692621771110071,9.734317343173432,4.105028280595158,0.0644429072397892
CDMS-13-6B-ASUMO-CorrEtiq.txt,30.0,23.054054054054053,27.45945945945946,0.7135135135135136,1.3837837837837839,0.31351351351351353,0.6702702702702703,1.4648648648648648,21.90810810810811,15.497297297297298,2.3941301252605602,0.1027744405181476,9.12972972972973,3.9163845887758932,0.08167119033858164
CDMS-13-6B-JDTAHE-CorrEtiq.txt,30.0,22.734545454545454,28.170909090909092,1.3127272727272727,1.730909090909091,0.4218181818181818,0.41818181818181815,0.9672727272727273,22.134545454545453,17.185454545454544,2.488921792914803,0.1062925861878223,8.712727272727273,3.855707095176837,0.07574852211402837
CDMS-13-7C-MVEAR-CorrEtiq.txt,30.0,21.612595419847327,28.782442748091604,1.4484732824427482,1.6145038167938932,1.1545801526717556,0.32633587786259544,0.7862595419847328,21.543893129770993,18.14503816793893,2.6887505947642296,0.11961392342042265,7.784351145038168,3.500669405550238,0.06179739287705398
CDMS-13-7C-RAIZAC-CorrEtiq.txt,30.0,23.585365853658537,29.0,1.024390243902439,2.1707317073170733,0.23577235772357724,1.146341463414634,0.2845528455284553,23.585365853658537,20.130081300813007,2.4819049672150078,0.101447962448885,9.512195121951219,4.086156758313764,0.022328228461726753
CDMS-13-7C-SSOSLO-CorrEtiq.txt,30.0,21.862354892205637,28.81094527363184,1.5771144278606966,2.08955223880597,0.648424543946932,0.5124378109452736,1.2885572139303483,21.66334991708126,17.739635157545607,2.674192951435818,0.11783342996414914,8.266998341625207,3.653590262483668,0.0928013110999664
CDMS-14-10A-IMORTO-CorrEtiq.txt,30.0,22.719723183391004,29.0,1.4602076124567474,2.2664359861591694,0.10034602076124567,0.8062283737024222,0.7024221453287197,22.719723183391004,18.4878892733564,2.570198385723949,0.10962259934858667,9.235294117647058,3.9801332305353676,0.05550050253108392
CDMS-14-10A-JCVANI-CorrEtiq.txt,30.0,23.898850574712643,29.0,0.8022988505747126,1.4758620689655173,0.2,0.6735632183908046,0.2942528735632184,23.898850574712643,18.404597701149424,2.4600041938258435,0.10274752748464809,10.050574712643678,4.260114013676155,0.028968776822630275
CDMS-14-5A-LSDUCO-CorrEtiq.txt,30.0,21.482456140350877,29.0,1.8304093567251463,2.7134502923976607,0.2543859649122807,0.8830409356725146,1.0292397660818713,21.482456140350877,18.874269005847953,2.728076550362406,0.12099547012411604,7.742690058479532,3.47952479035075,0.08337706540669815
CDMS-14-6B-KDCAHE-CorrEtiq.txt,30.0,22.553376906318082,28.875816993464053,1.636165577342048,2.403050108932462,0.644880174291939,0.8888888888888888,0.8344226579520697,22.344226579520697,17.333333333333332,2.5908888999223056,0.10859174015663436,9.27450980392157,4.0342518387613335,0.06599761042302033
CDMS-15-10A-AMALOS-CorrEtiq.txt,30.0,22.933333333333334,29.0,1.175609756097561,1.9967479674796749,0.7073170731707317,0.8390243902439024,0.44552845528455287,22.933333333333334,18.565853658536586,2.5598786407949277,0.1074233702711422,9.026016260162601,3.9688711200392723,0.03038872661429305
CDMS-15-10A-JJMACH-CorrEtiq.txt,30.0,24.273164861612514,28.862815884476536,0.7280385078219013,1.0409145607701564,0.24428399518652227,0.3345367027677497,0.48495788206979545,24.214199759326114,18.398315282791817,2.4003105026444205,0.09973402583918435,10.220216606498195,4.3148455427300645,0.03610885300411685
CDMS-15-10A-MAALCA-CorrEtiq.txt,30.0,23.788300835654596,29.0,0.6768802228412256,1.256267409470752,0.24233983286908078,0.5793871866295265,0.7270194986072424,23.788300835654596,19.398328690807798,2.4548449239248114,0.10323562300562396,9.33983286908078,4.074778624768407,0.05487333345884835
CDMS-15-10A-MAALRI-CorrEtiq.txt,30.0,23.813084112149532,29.0,1.0514018691588785,1.841121495327103,0.20327102803738317,0.7897196261682243,0.514018691588785,23.813084112149532,18.264018691588785,2.4559824459530213,0.10146752060948194,10.121495327102803,4.323522731539699,0.03682552455134397
CDMS-15-10A-SGOMO-CorrEtiq.txt,30.0,24.124629080118694,29.0,1.0445103857566767,1.2106824925816024,0.1632047477744807,0.1661721068249258,0.6913946587537092,24.124629080118694,19.160237388724035,2.4170174309795005,0.10031080294181526,9.90207715133531,4.229770759151592,0.0570514096251574
CDMS-15-10A-SHEGA-CorrEtiq.txt,30.0,23.419847328244273,29.0,0.6590330788804071,1.188295165394402,0.0737913486005089,0.5292620865139949,1.361323155216285,23.419847328244273,18.139949109414758,2.4954588665937734,0.10803039313092241,9.493638676844784,4.049269557377755,0.09231554024618387
CDMS-15-11B-JEMOLO-CorrEtiq.txt,30.0,23.644922164566346,29.0,1.4329132690882136,1.894736842105263,0.35804299481097107,0.5018532246108228,0.5189028910303929,23.644922164566346,18.200889547813194,2.4797514033760315,0.10203566489789485,10.018532246108228,4.274238013670607,0.03753153149885702
CDMS-15-11B-VSAHO-CorrEtiq.txt,30.0,22.942748091603054,29.0,1.633587786259542,1.9694656488549618,0.3320610687022901,0.44274809160305345,0.5305343511450382,22.942748091603054,18.389312977099237,2.5616443596631333,0.10903864402197991,9.061068702290076,3.935650562352573,0.04292872077833316
CDMS-16-10A-SGALO-CorrEtiq.txt,30.0,23.884318766066837,29.0,0.9408740359897172,1.4087403598971722,0.14910025706940874,0.46786632390745503,0.7634961439588689,23.884318766066837,18.611825192802055,2.4436493644524564,0.10209172342713135,10.45758354755784,4.436997894243941,0.057928743887172174
CDMS-16-11B-NGABE-CorrEtiq.txt,30.0,24.207792207792206,28.753246753246753,0.8441558441558441,1.329004329004329,0.12554112554112554,0.48484848484848486,0.42857142857142855,24.01298701298701,18.465367965367964,2.3898699448681127,0.0987313106187804,10.0995670995671,4.2554148755199686,0.029846303768137336
CDMS-17-10A-ASSAMO-CorrEtiq.txt,30.0,24.721649484536083,29.0,0.6529209621993127,0.8762886597938144,0.0,0.22336769759450173,0.6666666666666666,24.721649484536083,18.893470790378007,2.357405269329747,0.09717981621321324,10.43298969072165,4.376500242657972,0.04629241513083121
CDMS-18-7C-VVECA-CorrEtiq.txt,30.0,22.283625730994153,28.833333333333332,1.4649122807017543,2.087719298245614,0.0847953216374269,0.6228070175438597,0.8625730994152047,22.198830409356724,18.619883040935672,2.608983025111667,0.11430031777603605,8.076023391812866,3.581737987850876,0.07464773297329134
CDMS-8-4A-DBEVA-CorrEtiq.txt,30.0,20.567474048442907,29.0,1.8615916955017302,2.4705882352941178,0.6539792387543253,0.7058823529411765,1.3529411764705883,20.567474048442907,18.069204152249135,2.858256843205464,0.13230216937479367,7.179930795847751,3.253907107233972,0.07415668716130125
CDMS-8-4A-DJAVDA-CorrEtiq.txt,30.0,19.497942386831276,28.765432098765434,1.9382716049382716,2.94238683127572,1.646090534979424,1.1604938271604939,1.1358024691358024,19.46502057613169,16.296296296296298,3.0014764482632397,0.13930936087434062,7.074074074074074,3.1843086559835734,0.08532990155319234
CDMS-8-4A-DOSTR-CorrEtiq.txt,30.0,21.053356282271945,29.0,2.0051635111876074,2.6092943201376935,0.7022375215146299,0.7969018932874354,1.1686746987951808,21.053356282271945,17.931153184165233,2.7921359244221375,0.12530634558554982,7.676419965576592,3.4403554221789707,0.07631819223624652
CDMS-8-4A-LGOPA-CorrEtiq.txt,30.0,20.829971181556196,28.81556195965418,2.1815561959654177,3.2593659942363113,0.4899135446685879,1.1239193083573487,1.6109510086455332,20.564841498559076,16.29106628242075,2.797339212569103,0.12433233909056518,8.285302593659942,3.6192715003187765,0.1230226466007245
CDMS-8-4C-JDBUTU-CorrEtiq.txt,30.0,20.42811501597444,28.916932907348244,2.073482428115016,2.900958466453674,1.329073482428115,1.0894568690095847,0.9041533546325878,20.42811501597444,17.41214057507987,2.862717530841479,0.12723760862474875,7.514376996805112,3.368134160532148,0.06906286336843578
CDMS-9-4A-ACDUTR-CorrEtiq.txt,30.0,22.041095890410958,29.0,1.226027397260274,1.6232876712328768,0.5958904109589042,0.3972602739726027,0.934931506849315,22.041095890410958,18.61986301369863,2.659789126674007,0.11846147368825985,7.931506849315069,3.5097743397118344,0.07301390965960594
CDMS-9-4A-CARGA-CorrEtiq.txt,30.0,22.142091152815013,29.0,1.6005361930294906,1.7131367292225201,0.46648793565683644,0.30563002680965146,0.9731903485254692,22.142091152815013,18.962466487935657,2.649033060226115,0.11767226505038292,7.983914209115282,3.52989741647299,0.08322120739965992
CDMS-9-4A-CRAAG-CorrEtiq.txt,30.0,20.83450704225352,28.598591549295776,2.3274647887323945,2.7640845070422535,0.6126760563380281,0.43661971830985913,1.482394366197183,20.612676056338028,17.133802816901408,2.812559358237271,0.1272690406475971,7.665492957746479,3.418130072263702,0.0983384705434143
CDMS-9-4A-EROHI-CorrEtiq.txt,30.0,22.940199335548172,29.0,1.318936877076412,1.5880398671096345,0.7142857142857143,0.2691029900332226,0.7408637873754153,22.940199335548172,19.27906976744186,2.5438480386013778,0.10743115809095903,9.3421926910299,4.027672619942355,0.05697215672936446
CDMS-9-4A-ILOSE-CorrEtiq.txt,30.0,21.610921501706486,29.0,1.8976109215017065,2.1877133105802047,0.0,0.2901023890784983,1.1228668941979523,21.610921501706486,18.66211604095563,2.7274897567646765,0.12529297656754074,7.69283276450512,3.4873546544793395,0.06521219000060298
CDMS-9-4A-TGAFR-CorrEtiq.txt,30.0,21.154150197628457,29.0,2.1897233201581026,3.047430830039526,0.17391304347826086,0.857707509881423,1.225296442687747,21.154150197628457,18.462450592885375,2.770862284380345,0.1235968377790087,7.359683794466403,3.3323570522411115,0.08036013817916085
CDMS-9-4C-SCAMO-CorrEtiq.txt,30.0,24.897560975609757,28.44390243902439,0.6292682926829268,0.7658536585365854,0.14146341463414633,0.13658536585365855,0.4146341463414634,24.482926829268294,18.4390243902439,2.295702284989666,0.09385228683202673,10.697560975609756,4.507561141823909,0.0290673832340499
CDMS-9-5A-ABERO-CorrEtiq.txt,30.0,22.21598272138229,28.876889848812095,1.9114470842332614,2.600431965442765,0.6220302375809935,0.7494600431965442,0.367170626349892,22.107991360691145,17.801295896328295,2.639451339006327,0.11248424966153808,8.892008639308855,3.869744112024894,0.029622867185982126
CDMS-9-5A-PAGACO-CorrEtiq.txt,30.0,22.412811387900355,29.0,1.3416370106761566,2.0854092526690393,0.4128113879003559,0.7437722419928826,0.6548042704626335,22.412811387900355,18.327402135231317,2.6205092566350436,0.11343600897987406,8.921708185053381,3.894649765000212,0.058789853696168126
CDMS-9-5A-VVAAR-CorrEtiq.txt,30.0,21.253012048192772,29.0,1.5843373493975903,2.5963855421686746,0.3493975903614458,1.0120481927710843,0.8674698795180723,21.253012048192772,18.879518072289155,2.7660442955019406,0.12438048720209806,7.355421686746988,3.310613521632076,0.07607313041745857
CDMS-9-5C-JDMADE-CorrEtiq.txt,30.0,21.601063829787233,29.0,2.148936170212766,2.7606382978723403,1.5425531914893618,0.9680851063829787,0.5372340425531915,21.601063829787233,15.872340425531915,2.73111035876181,0.11461317627730593,10.196808510638299,4.301120454862794,0.048967689982280294
CDMS-9-5C-LVIZAC-CorrEtiq.txt,30.0,22.51641791044776,29.0,1.6238805970149253,2.074626865671642,0.34626865671641793,0.4507462686567164,1.1701492537313434,22.51641791044776,17.394029850746268,2.597464837185106,0.11165206936578508,9.376119402985074,3.949817164698395,0.06872049496481393
CDMS-9-5C-MLOGO-CorrEtiq.txt,30.0,21.503048780487806,29.0,1.673780487804878,2.067073170731707,0.6189024390243902,0.3932926829268293,1.8628048780487805,21.503048780487806,18.024390243902438,2.730177038931241,0.12283014436686886,8.060975609756097,3.5682415048079377,0.13224526658935445
CDMS-9-5C-SCAAG-CorrEtiq.txt,30.0,22.74609375,28.5546875,1.46875,1.9296875,0.33984375,0.4609375,0.90625,22.39453125,18.6953125,2.5435965375932903,0.10920686440104378,8.74609375,3.8404344933788854,0.06425051982187956
CDMS-XX-10A-VGILO-CorrEtiq.txt,30.0,23.207602339181285,28.666666666666668,0.9883040935672515,1.1140350877192982,0.9327485380116959,0.16374269005847952,0.48830409356725146,22.871345029239766,18.65497076023392,2.4921119964264973,0.10529746749595431,8.961988304093568,3.9337749477682045,0.04215087567028524
CDMS-XX-5C-MJSARU-CorrEtiq.txt,30.0,23.5121107266436,29.0,0.6089965397923875,1.5259515570934257,0.20069204152249134,0.916955017301038,0.657439446366782,23.5121107266436,19.463667820069205,2.481406086534241,0.10429384197447353,8.837370242214533,3.870242489449888,0.05335236388068238
CDMS-XX-5C-MPCAQU-CorrEtiq.txt,30.0,21.90082644628099,29.0,1.5495867768595042,1.9710743801652892,0.0,0.4214876033057851,1.1900826446280992,21.90082644628099,18.801652892561982,2.688651518560041,0.12210023601373561,7.797520661157025,3.4953189262600755,0.08908479720457042
CDMS-XX-6A-MAGICA-CorrEtiq.txt,30.0,23.831099195710454,28.847184986595174,0.7493297587131368,1.1447721179624666,0.0777479892761394,0.39544235924932974,0.44906166219839144,23.781501340482574,18.851206434316353,2.4350821055383913,0.10314639480506381,9.422252010723861,4.0700739435426705,0.04050304787304053
CDMS-XX-6B-SPUCA-CorrEtiq.txt,30.0,23.30346232179226,29.0,1.1466395112016294,2.071283095723014,0.059063136456211814,0.924643584521385,0.7413441955193483,23.30346232179226,18.59470468431772,2.512506603526798,0.10535844948379193,9.325865580448065,4.011574958739015,0.06002397662762857
CSO-10-4A-ICAPA-CorrEtiq.txt,30.0,21.522421524663677,28.87219730941704,1.6793721973094171,2.399103139013453,0.13004484304932734,0.7197309417040358,0.9327354260089686,21.522421524663677,18.515695067264573,2.7032546880373935,0.12134183540741406,7.625560538116592,3.3961274090471494,0.08944268119950598
CSO-10-4A-KCOMO-CorrEtiq.txt,30.0,21.024948024948024,29.0,2.004158004158004,3.0395010395010393,0.42203742203742206,1.0353430353430353,0.7318087318087318,21.024948024948024,17.444906444906444,2.8138616489066908,0.1260947151910839,7.9002079002079,3.4700692036340275,0.07511442415347618
CSO-10-4A-LRAVI-CorrEtiq.txt,30.0,20.166666666666668,28.54320987654321,2.1049382716049383,3.3333333333333335,0.0,1.228395061728395,1.4876543209876543,19.839506172839506,16.567901234567902,2.862381395575572,0.13337386240729246,6.808641975308642,3.0684232130307447,0.11847663287147749
CSO-10-4A-LSCAVA-CorrEtiq.txt,30.0,23.003584229390682,29.0,1.7096774193548387,2.7562724014336917,0.1039426523297491,1.0465949820788532,0.6487455197132617,23.003584229390682,17.462365591397848,2.542050010367145,0.10513328356376356,9.96774193548387,4.238322038995864,0.059456929811351984
CSO-10-5A-ACAVA-CorrEtiq.txt,30.0,23.778181818181817,29.0,0.9563636363636364,1.28,0.9127272727272727,0.3709090909090909,0.52,23.778181818181817,17.94909090909091,2.4558262604279664,0.10052966325547733,10.574545454545454,4.443180458716723,0.03962086303146909
CSO-10-5A-ARACA-CorrEtiq.txt,30.0,22.364864864864863,27.074324324324323,1.7567567567567568,1.8175675675675675,0.777027027027027,0.1554054054054054,0.28040540540540543,21.19256756756757,14.787162162162161,2.440348890280072,0.1038986579560681,9.347972972972974,3.984794991455545,0.035918086162664606
CSO-10-5A-DABRZA-CorrEtiq.txt,30.0,20.90535714285714,28.898214285714285,2.3125,3.132142857142857,0.4142857142857143,0.8196428571428571,1.1214285714285714,20.5625,16.59285714285714,2.833343415294228,0.12841358005857564,8.35892857142857,3.5911833865377045,0.08457975879942124
CSO-10-5A-GZAMA-CorrEtiq.txt,30.0,22.989881956155145,28.902192242833053,1.2900505902192243,1.7892074198988195,0.09780775716694773,0.4991568296795953,0.924114671163575,22.986509274873523,19.350758853288365,2.5521988513693623,0.11043248978583636,8.75379426644182,3.868725634091762,0.07967999308286809
CSO-10-5A-IPECA-CorrEtiq.txt,30.0,23.16030534351145,29.0,1.1030534351145038,1.5,0.11068702290076336,0.3969465648854962,1.1641221374045803,23.16030534351145,18.786259541984734,2.5253257471539654,0.10863053038140046,8.82442748091603,3.838020757088697,0.0678183657026522
CSO-10-5A-JANORO-CorrEtiq.txt,30.0,23.051020408163264,28.612244897959183,1.2006802721088434,2.003401360544218,0.17346938775510204,0.8027210884353742,0.8061224489795918,22.86394557823129,18.255102040816325,2.4979595463388016,0.10540421652557583,8.673469387755102,3.838333301251544,0.058468387161512494
CSO-10-5A-JBUVE-CorrEtiq.txt,30.0,23.529850746268657,29.0,1.4067164179104477,1.8955223880597014,0.43283582089552236,0.48880597014925375,0.7052238805970149,23.529850746268657,18.473880597014926,2.484543028486555,0.10221132412284774,9.626865671641792,4.1849968498519,0.0469989558014034
CSO-10-5A-JJSEMO-CorrEtiq.txt,30.0,21.248945147679326,28.759493670886076,1.9409282700421941,2.4219409282700424,0.12236286919831224,0.4810126582278481,0.569620253164557,21.248945147679326,18.20253164556962,2.7303281007758837,0.12445646967397174,7.312236286919831,3.3596501184394425,0.05309683681517352
CSO-10-5A-JLCARI-CorrEtiq.txt,30.0,23.027027027027028,28.4,1.1567567567567567,1.5513513513513513,0.31351351351351353,0.3945945945945946,0.5783783783783784,22.67027027027027,16.027027027027028,2.4883012281593517,0.10665105352923362,9.497297297297298,4.064267568679737,0.04455604293551336
CSO-10-5A-MAARAN-CorrEtiq.txt,30.0,21.557457212713935,29.0,1.7041564792176038,2.063569682151589,0.14180929095354522,0.3594132029339853,1.3814180929095354,21.557457212713935,18.975550122249388,2.717186057427971,0.12363556012077748,7.381418092909535,3.305242711004891,0.10166761462812456
CSO-10-5A-MAOSMO-CorrEtiq.txt,30.0,24.33949191685912,29.0,0.9630484988452656,1.346420323325635,0.06697459584295612,0.3833718244803695,0.302540415704388,24.33949191685912,19.048498845265588,2.4003113525943447,0.09896679728891616,10.15704387990762,4.331114734496527,0.02999950091452683
CSO-10-5A-RVMOIB-CorrEtiq.txt,30.0,23.514739229024944,29.0,0.9727891156462585,1.3015873015873016,0.23582766439909297,0.3287981859410431,0.6938775510204082,23.514739229024944,19.038548752834465,2.485998571618522,0.10562519206802244,9.022675736961451,3.919247678548506,0.04177733857784725
CSO-10-5A-SVHEES-CorrEtiq.txt,30.0,22.094252873563217,29.0,1.1402298850574712,1.632183908045977,0.8,0.49195402298850577,0.774712643678161,22.094252873563217,18.57471264367816,2.6545512388314467,0.1170654252978648,8.119540229885057,3.6019511030837887,0.06245792172684661
CSO-11-5A-MDVOSPE-CorrEtiq.txt,30.0,22.96927374301676,28.84078212290503,1.276536312849162,1.611731843575419,0.19553072625698323,0.33519553072625696,0.8184357541899442,22.966480446927374,18.824022346368714,2.531024058336677,0.10923443222931263,8.840782122905027,3.8453496214611573,0.061826776596431564
CSO-11-5A-MTAGA-CorrEtiq.txt,30.0,24.54434250764526,29.0,1.0275229357798166,1.4831804281345566,0.4801223241590214,0.45565749235474007,0.3669724770642202,24.54434250764526,18.63914373088685,2.381121568546953,0.09518924940702705,11.223241590214068,4.672021145129986,0.02181124095873441
CSO-11-6A-CAPAMU-CorrEtiq.txt,30.0,23.726342710997443,27.979539641943735,1.0485933503836318,1.1943734015345269,0.4143222506393862,0.14578005115089515,0.8184143222506394,22.21994884910486,15.593350383631714,2.3810281964232556,0.10009086982032263,9.631713554987213,4.08462453785594,0.04786478013168175
CSO-11-6A-DSCACH-CorrEtiq.txt,30.0,24.21875,29.0,0.93359375,1.046875,0.11328125,0.11328125,0.34765625,24.21875,19.5703125,2.4105529184826953,0.10052316766515872,9.203125,3.981712149135065,0.020565855074184
CSO-11-6A-EROMO-CorrEtiq.txt,30.0,22.12621359223301,29.0,1.5339805825242718,3.1019417475728157,0.0,1.5679611650485437,0.4029126213592233,22.12621359223301,18.66990291262136,2.6419559255306075,0.11246810222290073,7.985436893203883,3.6204338825024682,0.03621080433520329
CSO-11-6A-FSOVRE-CorrEtiq.txt,30.0,21.58880778588808,28.722627737226276,1.7445255474452555,2.5012165450121655,0.3333333333333333,0.7566909975669099,1.0,21.423357664233578,17.644768856447687,2.6839319444958747,0.1187222218317872,7.880778588807786,3.534876337002936,0.0736242238132251
CSO-11-6B-ANREVA-CorrEtiq.txt,30.0,22.614958448753463,29.0,1.3462603878116344,1.7922437673130194,0.16066481994459833,0.44598337950138506,1.0221606648199446,22.614958448753463,19.398891966759003,2.584970192212149,0.11260258080105358,7.89196675900277,3.570933909839468,0.06864840653835808
CSO-11-6B-DISEMO-CorrEtiq.txt,30.0,24.17142857142857,27.895238095238096,1.0666666666666667,1.7904761904761906,0.0,0.7238095238095238,0.46190476190476193,23.18095238095238,14.152380952380952,2.3349250070585157,0.0952988655089847,11.209523809523809,4.5738098980778155,0.025071215117057986
CSO-11-6B-LHFDLACH-CorrEtiq.txt,30.0,22.710659898477157,28.710659898477157,2.3274111675126905,3.149746192893401,0.35279187817258884,0.8223350253807107,0.7208121827411168,22.421319796954315,16.705583756345177,2.575712556143705,0.10560717190209719,9.97715736040609,4.255882244524573,0.052760103870010004
CSO-11-6B-RJGIHE-CorrEtiq.txt,30.0,22.149122807017545,29.0,1.2309941520467835,1.6345029239766082,0.5994152046783626,0.5467836257309941,1.3333333333333333,22.149122807017545,18.853801169590643,2.641047853753616,0.11644950062129379,8.178362573099415,3.573592830240223,0.0914830549271163
CSO-11-6B-SFLVA-CorrEtiq.txt,30.0,21.15081967213115,29.0,1.7573770491803278,2.6721311475409837,1.0688524590163935,0.9540983606557377,1.298360655737705,21.15081967213115,16.770491803278688,2.7833766632984096,0.12242034666642485,8.416393442622951,3.7424662916717337,0.08879097428496675
CSO-11-6B-VCOMA-CorrEtiq.txt,30.0,23.442105263157895,29.0,1.1122807017543859,1.7263157894736842,0.21052631578947367,0.6666666666666666,0.6666666666666666,23.442105263157895,18.533333333333335,2.505943567131463,0.1057614522182656,9.456140350877194,4.0559680961914975,0.05042687546686897
CSO-12-6A-DGISE-CorrEtiq.txt,30.0,22.359375,29.0,1.58984375,2.109375,1.359375,0.78515625,0.6875,22.359375,17.17578125,2.612207676784425,0.1086395109289762,9.6796875,4.1144193241131815,0.06289087065080738
CSO-12-6A-FJOVRE-CorrEtiq.txt,30.0,22.20820189274448,28.6403785488959,1.1545741324921135,1.8170347003154574,0.5867507886435331,0.6876971608832808,0.832807570977918,22.07570977917981,18.09148264984227,2.597676620844473,0.11355928563003702,8.10410094637224,3.5930760839067553,0.06067958189990534
CSO-12-6B-GQULO-CorrEtiq.txt,30.0,21.99,29.0,1.1833333333333333,1.9333333333333333,0.78,0.75,0.47333333333333333,21.99,18.296666666666667,2.6626184170933938,0.1165523986151796,8.41,3.6632823865599606,0.0499547110753311
CSO-12-6B-LJHEFE-CorrEtiq.txt,30.0,23.727272727272727,29.0,1.0216450216450217,1.7056277056277056,0.2857142857142857,0.683982683982684,0.7575757575757576,23.727272727272727,17.883116883116884,2.473706534367624,0.10306707705410229,10.4004329004329,4.421693380750745,0.056928205871867844
CSO-12-6B-VPAMA-CorrEtiq.txt,30.0,21.44943820224719,25.471910112359552,1.7808988764044944,1.9550561797752808,0.3258426966292135,0.17415730337078653,1.0056179775280898,19.60674157303371,13.140449438202246,2.398015152082843,0.10786402891802925,7.544943820224719,3.3107936978584123,0.06188831419888439
CSO-12-7A-DALRE-CorrEtiq.txt,30.0,20.773662551440328,28.862139917695472,2.3621399176954734,2.8353909465020575,0.6111111111111112,0.5102880658436214,1.1934156378600822,20.771604938271604,16.882716049382715,2.8140074270170414,0.12709821818788347,7.95679012345679,3.5399793388237324,0.09913094464015948
CSO-12-7A-ESALA-CorrEtiq.txt,30.0,22.019138755980862,29.0,1.3157894736842106,1.6889952153110048,0.0,0.37320574162679426,1.0478468899521531,22.019138755980862,19.555023923444978,2.6571814276763073,0.12067798198878968,7.019138755980861,3.2267217470694405,0.07456867958641743
CSO-12-7A-IMERO-CorrEtiq.txt,30.0,22.711805555555557,29.0,1.5260416666666667,2.1961805555555554,0.3524305555555556,0.6701388888888888,0.7829861111111112,22.711805555555557,17.55902777777778,2.5816389695012942,0.11019932041488657,9.65625,4.070102369297711,0.06570924679893748
CSO-12-7A-JHEZA-CorrEtiq.txt,30.0,23.78927203065134,27.908045977011493,1.2720306513409962,1.8697318007662835,0.6245210727969349,0.5977011494252874,0.8352490421455939,22.49425287356322,14.727969348659004,2.3608003317273245,0.09500881508842442,11.0,4.61690798188866,0.05725267925307588
CSO-12-7A-LSARAR-CorrEtiq.txt,30.0,21.809954751131222,29.0,1.8054298642533937,2.5972850678733033,0.0,0.7918552036199095,0.669683257918552,21.809954751131222,18.733031674208146,2.6890124753645055,0.11905610988080387,7.479638009049774,3.3805625749736423,0.048357397046607284
CSO-12-7A-SCAHO-CorrEtiq.txt,30.0,22.545945945945945,29.0,1.4594594594594594,1.962162162162162,0.07837837837837838,0.5027027027027027,0.8108108108108109,22.545945945945945,18.954054054054055,2.5832523412042865,0.11227547480932863,8.402702702702703,3.71331163221108,0.0625778611579636
CSO-12-7B-DVAGRO-CorrEtiq.txt,30.0,23.65930599369085,29.0,1.1261829652996846,1.7539432176656151,0.6403785488958991,0.7160883280757098,0.7697160883280757,23.65930599369085,16.738170347003155,2.4787794635321103,0.10131894429710812,11.123028391167193,4.618438009202454,0.051218294599671726
CSO-12-7B-SMUGU-CorrEtiq.txt,30.0,23.17695473251029,29.0,0.8189300411522634,1.1069958847736625,0.35802469135802467,0.2880658436213992,1.0,23.17695473251029,18.855967078189302,2.526107373765545,0.10988161688125184,8.938271604938272,3.8590280581820324,0.06617392121997519
CSO-12-7B-SSARA-CorrEtiq.txt,30.0,24.198019801980198,29.0,1.0132013201320131,1.3927392739273927,0.47854785478547857,0.3795379537953795,0.29372937293729373,24.198019801980198,20.033003300330034,2.4221827009272405,0.09907793918206745,10.132013201320133,4.356065149623093,0.014793623497210338
CSO-12-7B-VHOMA-CorrEtiq.txt,30.0,24.55157894736842,29.0,0.7957894736842105,1.088421052631579,0.4842105263157895,0.4105263157894737,0.45052631578947366,24.55157894736842,18.79157894736842,2.3794189596148407,0.09648096610746255,10.688421052631579,4.481491547736622,0.042142732461804056
CSO-12-8A-YTOME-CorrEtiq.txt,30.0,23.646153846153847,29.0,0.8730769230769231,1.4115384615384616,0.11153846153846154,0.5384615384615384,0.5346153846153846,23.646153846153847,19.861538461538462,2.4633699785907144,0.10373536068070481,8.95,3.9186029819795882,0.03813675430274809
CSO-13-6A-ANASA-CorrEtiq.txt,30.0,24.454802259887007,29.0,0.768361581920904,1.3206214689265536,0.08192090395480225,0.5522598870056498,0.4689265536723164,24.454802259887007,19.2725988700565,2.392994942820506,0.09842616130190668,10.248587570621469,4.379888614575392,0.030373698752221436
CSO-13-6B-JETAVE-CorrEtiq.txt,30.0,21.9120654396728,29.0,1.8159509202453987,2.1513292433537834,0.11860940695296524,0.34355828220858897,1.112474437627812,21.9120654396728,19.15950920245399,2.6809159529789923,0.11990595065876648,7.515337423312883,3.3869465498764963,0.08286548162905863
CSO-13-6B-LFMIES-CorrEtiq.txt,30.0,23.260536398467433,28.126436781609197,0.8582375478927203,1.2873563218390804,0.44061302681992337,0.42911877394636017,0.8275862068965517,22.061302681992338,17.471264367816094,2.4561381671726807,0.1057809333053443,8.800766283524904,3.8404766338181417,0.06539346445958136
CSO-13-6B-LJMAHU-CorrEtiq.txt,30.0,22.581661891117477,27.92836676217765,1.5558739255014327,2.2951289398280803,0.166189111747851,0.8194842406876791,0.23782234957020057,22.183381088825215,16.022922636103154,2.4866781805091325,0.1057629964681167,9.240687679083095,3.9631310581310983,0.022475698042858126
CSO-13-7A-CAPAMU-CorrEtiq.txt,30.0,23.149012567324956,28.590664272890486,1.0538599640933572,2.080789946140036,0.5403949730700179,1.0269299820466786,0.696588868940754,23.08617594254937,17.175942549371634,2.494151204670208,0.10342303661241552,10.228007181328545,4.307730998842718,0.05249208760709
CSO-13-7A-CDDITR-CorrEtiq.txt,30.0,24.57017543859649,29.0,0.8859649122807017,1.2149122807017543,0.12719298245614036,0.32894736842105265,0.39473684210526316,24.57017543859649,18.80701754385965,2.37759328951649,0.09703659125855922,10.635964912280702,4.453771194372885,0.0314723690727172
CSO-13-7A-JJATFL-CorrEtiq.txt,30.0,22.22007722007722,29.0,1.308880308880309,2.0424710424710426,0.1969111969111969,0.7335907335907336,0.6525096525096525,22.22007722007722,19.733590733590734,2.6282621419038548,0.1151587514474271,7.196911196911197,3.3202624842647532,0.046729828131535034
CSO-13-7A-KRAMA-CorrEtiq.txt,30.0,21.75221238938053,29.0,1.4336283185840708,1.9557522123893805,0.30973451327433627,0.5221238938053098,0.5619469026548672,21.75221238938053,19.579646017699115,2.69454583087523,0.12147699247687395,7.0265486725663715,3.247486441768891,0.053394094721979736
CSO-13-7A-RXCHLU-CorrEtiq.txt,30.0,22.985714285714284,29.0,0.6333333333333333,1.0238095238095237,0.0,0.3904761904761905,0.6333333333333333,22.985714285714284,20.052380952380954,2.5333870635920324,0.11192904901208268,7.838095238095238,3.580099385123249,0.049748172018972074
CSO-13-7A-YAMEZA-CorrEtiq.txt,30.0,23.88888888888889,29.0,0.7053872053872053,1.3114478114478114,0.3552188552188552,0.6531986531986532,0.569023569023569,23.88888888888889,19.24915824915825,2.4402565245714127,0.1012758033176944,9.732323232323232,4.148918784886856,0.041943210471247924
CSO-13-7A-YBOSO-CorrEtiq.txt,30.0,21.292134831460675,25.10674157303371,1.9438202247191012,2.3820224719101124,0.4887640449438202,0.43820224719101125,0.6573033707865169,19.028089887640448,10.44943820224719,2.403402860869122,0.1067967267797269,8.089887640449438,3.48448760211059,0.04663541767343376
CSO-13-8A-KIGAGU-CorrEtiq.txt,30.0,22.68421052631579,29.0,1.2894736842105263,1.7456140350877194,1.0921052631578947,0.5789473684210527,0.7850877192982456,22.68421052631579,18.93859649122807,2.5736093707472527,0.10804421566214492,8.846491228070175,3.850159095632318,0.05367543285269559
CSO-13-8A-MBUAN-CorrEtiq.txt,30.0,23.782273603082853,28.78034682080925,1.2793834296724471,1.813102119460501,0.3911368015414258,0.5491329479768786,0.3911368015414258,23.65703275529865,17.809248554913296,2.439309835224748,0.09999817829173638,10.500963391136802,4.445287227166276,0.030902982590315296
CSO-13-8A-MGAAN-CorrEtiq.txt,30.0,24.12534059945504,29.0,0.9782016348773842,1.904632152588556,0.31607629427792916,0.9264305177111717,0.38419618528610355,24.12534059945504,18.959128065395095,2.421595999598606,0.0973387348067325,10.209809264305177,4.347564582648228,0.030860387050448596
CSO-13-8A-MGAHE-CorrEtiq.txt,30.0,23.056561085972852,29.0,1.3846153846153846,1.5701357466063348,0.26244343891402716,0.18552036199095023,0.6357466063348416,23.056561085972852,19.24660633484163,2.5394711115616655,0.10925287750197804,8.762443438914028,3.8289639867211287,0.04551636021916489
CSO-13-8A-MJAGA-CorrEtiq.txt,30.0,20.781569965870307,29.0,2.36518771331058,2.5563139931740615,1.583617747440273,0.7952218430034129,1.0443686006825939,20.781569965870307,17.436860068259385,2.82047257443823,0.12365685459794791,7.901023890784983,3.5040262185689843,0.0811540052330435
CSO-13-8A-VHODU-CorrEtiq.txt,30.0,22.752475247524753,29.0,0.7945544554455446,1.297029702970297,0.3589108910891089,0.5024752475247525,0.8366336633663366,22.752475247524753,19.764851485148515,2.567423927064005,0.11254305910785269,8.138613861386139,3.6161917291841386,0.06283067910720569
CSO-13-8B-FCJISA-CorrEtiq.txt,30.0,23.57777777777778,29.0,1.0844444444444445,1.471111111111111,0.1288888888888889,0.38666666666666666,0.9733333333333334,23.57777777777778,18.137777777777778,2.4729528813569495,0.1039637362308097,9.902222222222223,4.177973592543946,0.08287704659013632
CSO-13-8B-JEMABE-CorrEtiq.txt,30.0,21.416901408450705,28.35774647887324,1.912676056338028,2.315492957746479,0.29014084507042254,0.4028169014084507,0.5521126760563381,20.890140845070423,17.72112676056338,2.678169753822123,0.12125707909889998,7.366197183098592,3.332672084484904,0.04659173662318985
CSO-13-9B-DMLLLU-CorrEtiq.txt,30.0,21.744791666666668,29.0,1.75,2.0416666666666665,0.296875,0.2916666666666667,1.015625,21.744791666666668,18.875,2.6989981867275805,0.12162652815433163,7.8125,3.4833792846056233,0.06533752965321804
CSO-14-7A-MVEBE-CorrEtiq.txt,30.0,22.29530201342282,29.0,0.4228187919463087,0.7986577181208053,0.3624161073825503,0.37583892617449666,0.8657718120805369,22.29530201342282,20.08053691275168,2.6100966101406873,0.11845019308859095,7.087248322147651,3.1854944573017767,0.06946256052762105
CSO-14-7B-EALHU-CorrEtiq.txt,30.0,22.386138613861387,29.0,1.9042904290429044,2.547854785478548,0.09570957095709572,0.6435643564356436,0.8811881188118812,22.386138613861387,18.831683168316832,2.613419199061777,0.11183421763527292,8.415841584158416,3.736932398896417,0.05979060933322648
CSO-14-7B-EVEGO-CorrEtiq.txt,30.0,24.081142857142858,29.0,1.096,1.608,0.09942857142857142,0.512,0.6788571428571428,24.081142857142858,19.221714285714285,2.429094003446117,0.1002068513547459,9.86742857142857,4.239308858799521,0.04975249483913346
CSO-14-8A-AQUMA-CorrEtiq.txt,30.0,21.785714285714285,29.0,1.226890756302521,2.1050420168067228,0.12184873949579832,0.8781512605042017,0.9033613445378151,21.785714285714285,19.126050420168067,2.674867067137513,0.1197086430847379,7.474789915966387,3.396870279391712,0.06327561281479119
CSO-14-8A-MCIDOS-CorrEtiq.txt,30.0,22.076923076923077,27.727272727272727,1.7097902097902098,2.227272727272727,0.3041958041958042,0.548951048951049,1.1888111888111887,20.346153846153847,16.283216783216783,2.5640304805974945,0.11332978035987504,7.8776223776223775,3.5393545357810257,0.08640375554396162
CSO-14-8A-SZARA-CorrEtiq.txt,30.0,22.831715210355988,29.0,1.0161812297734627,1.8446601941747574,0.7961165048543689,0.8284789644012945,0.46601941747572817,22.831715210355988,18.362459546925567,2.5540234191018074,0.10712003920696263,8.864077669902912,3.843635949265819,0.03301705818815472
CSO-14-8B-JLLORA-CorrEtiq.txt,30.0,22.142335766423358,29.0,1.032846715328467,1.4416058394160585,0.4233576642335766,0.40875912408759124,1.5474452554744527,22.142335766423358,18.813868613138688,2.6382790231236006,0.11789580127394157,7.711678832116788,3.4384640481721362,0.09092274263514308
CSO-14-9A-AEDCAGO-CorrEtiq.txt,30.0,24.089622641509433,28.7311320754717,0.8278301886792453,1.4575471698113207,0.27358490566037735,0.6297169811320755,0.5566037735849056,23.80188679245283,18.443396226415093,2.4077043052217784,0.09927415704244241,10.037735849056604,4.316451944551596,0.042111359250486036
CSO-14-9A-HASACA-CorrEtiq.txt,30.0,23.572687224669604,29.0,0.762114537444934,1.5198237885462555,0.1277533039647577,0.7577092511013216,0.47577092511013214,23.572687224669604,18.154185022026432,2.4786776704110545,0.10469780761638542,9.581497797356828,4.091539737581741,0.04580101869831077
CSO-14-9A-JSMAAL-CorrEtiq.txt,30.0,23.32751091703057,28.875545851528383,1.1026200873362446,1.6353711790393013,0.5698689956331878,0.5938864628820961,0.5764192139737991,23.240174672489083,17.96943231441048,2.500568375457092,0.1046280374997191,9.172489082969433,4.009304437376253,0.05293856958289872
CSO-14-9A-MARJA-CorrEtiq.txt,30.0,23.255192878338278,29.0,1.2878338278931751,1.5875370919881306,0.0,0.2997032640949555,1.0623145400593472,23.255192878338278,18.973293768545993,2.521712181835354,0.10874013052767575,8.98219584569733,3.8995646428104163,0.067745959692703
CSO-14-9A-SORZU-CorrEtiq.txt,30.0,22.71383647798742,28.22012578616352,1.3522012578616351,2.160377358490566,0.5471698113207547,0.8081761006289309,0.7264150943396226,22.0188679245283,16.562893081761008,2.5192803720316204,0.1064553182453075,9.273584905660377,4.006137419633412,0.05323264241329862
CSO-14-9B-ERAGA-CorrEtiq.txt,30.0,21.325,28.683333333333334,1.386111111111111,2.272222222222222,0.48333333333333334,0.8861111111111111,1.0805555555555555,21.194444444444443,17.32777777777778,2.714969923091687,0.1222111517000316,7.844444444444444,3.4642544840799507,0.0785609197917402
CSO-14-9B-MFEGA-CorrEtiq.txt,30.0,21.865079365079364,29.0,1.873015873015873,2.5634920634920637,0.7222222222222222,0.8373015873015873,1.126984126984127,21.865079365079364,17.96031746031746,2.6922023071718044,0.11661017161611945,9.03968253968254,3.8375173133288953,0.060562108637304164
CSO-15-10A-LJRAGU-CorrEtiq.txt,30.0,23.36,28.598,1.306,1.422,0.058,0.116,0.728,23.064,18.972,2.4780379826121903,0.1066273665157313,8.948,3.8899823475658866,0.05753771441336902
CSO-15-10A-MAARLO-CorrEtiq.txt,30.0,22.233727810650887,28.662721893491124,1.331360946745562,1.7514792899408285,0.3668639053254438,0.42011834319526625,0.9585798816568047,22.032544378698226,18.15680473372781,2.5894449895252842,0.1135112544521816,8.192307692307692,3.596227782139663,0.07003341989142692
CSO-15-10A-SFEGA-CorrEtiq.txt,30.0,20.977358490566036,28.139622641509433,1.9849056603773585,2.8867924528301887,0.3283018867924528,0.9018867924528302,1.3924528301886792,20.60754716981132,16.637735849056604,2.7505628232890107,0.12515098974756336,7.528301886792453,3.3811764711967007,0.09074932000386852
CSO-15-10B-MEBUAR-CorrEtiq.txt,30.0,23.29090909090909,29.0,0.6424242424242425,1.584848484848485,0.08787878787878788,0.9424242424242424,0.7242424242424242,23.29090909090909,18.087878787878786,2.5161742353063343,0.10793238446826962,9.548484848484849,4.054468694168932,0.049051918234746764
CSO-15-10B-YVBUAN-CorrEtiq.txt,30.0,23.04621848739496,28.521008403361346,1.1974789915966386,1.550420168067227,0.12184873949579832,0.35294117647058826,0.8025210084033614,22.798319327731093,18.680672268907564,2.4958644137807444,0.10766391381546503,8.491596638655462,3.753161065282351,0.059486574436223114
CSO-15-10C-ALBAHO-CorrEtiq.txt,30.0,23.165289256198346,29.0,1.421487603305785,2.0964187327823693,0.71900826446281,0.8622589531680441,0.7658402203856749,23.165289256198346,18.553719008264462,2.523023779381553,0.10344011505344855,9.575757575757576,4.193123713784522,0.06136836868417497
CSO-15-10C-SSCAMO-CorrEtiq.txt,30.0,23.519774011299436,29.0,1.7514124293785311,2.483050847457627,0.403954802259887,0.731638418079096,0.4632768361581921,23.519774011299436,18.1864406779661,2.50708336701377,0.1017217049464776,10.528248587570621,4.456224135267988,0.03205601782740172
CSO-15-11C-JETALO-CorrEtiq.txt,30.0,22.097690941385434,29.0,1.8099467140319716,3.0817051509769096,0.61101243339254,1.2717584369449377,0.8134991119005328,22.097690941385434,17.115452930728242,2.658296461145918,0.11040336540750047,9.623445825932505,4.165567462389164,0.05846695517334427
CSO-15-7B-JCRAGA-CorrEtiq.txt,30.0,22.96212121212121,29.0,0.9393939393939394,1.1515151515151516,0.9090909090909091,0.3787878787878788,1.0984848484848484,22.96212121212121,18.742424242424242,2.5567299313781775,0.10987991763424446,9.106060606060606,4.0009790622317905,0.07616666032476047
CSO-15-8A-VBMABR-CorrEtiq.txt,30.0,22.693069306930692,29.0,1.8554455445544555,2.4178217821782177,0.05742574257425743,0.5623762376237624,0.5742574257425742,22.693069306930692,19.50891089108911,2.578895521028788,0.10995230078168096,8.655445544554455,3.810655101833433,0.04125500949775497
CSO-15-8B-KEPOGO-CorrEtiq.txt,30.0,24.878892733564015,29.0,0.6920415224913494,0.7508650519031141,0.10034602076124567,0.058823529411764705,0.5882352941176471,24.878892733564015,20.027681660899653,2.348531103092639,0.09659362488728468,10.619377162629759,4.46487978116865,0.0345868148591142
CSO-15-9B-ALRIHE-CorrEtiq.txt,30.0,23.496503496503497,29.0,0.7692307692307693,1.2342657342657342,0.583916083916084,0.46503496503496505,0.40559440559440557,23.496503496503497,19.20979020979021,2.480333090723787,0.10429577978665047,9.335664335664335,4.001296510847486,0.027714555343437332
CSO-15-9B-AMSAGO-CorrEtiq.txt,30.0,24.129692832764505,28.580204778156997,0.757679180887372,1.0136518771331058,0.0,0.25597269624573377,0.89419795221843,23.686006825938566,18.839590443686006,2.3827261651650713,0.10019762573877823,9.331058020477816,4.07411715055921,0.05756942517912442
CSO-15-9B-JCAPA-CorrEtiq.txt,30.0,23.14887640449438,29.0,1.0870786516853932,1.247191011235955,0.3258426966292135,0.1601123595505618,0.7106741573033708,23.14887640449438,19.230337078651687,2.529054499914669,0.109359421974986,8.808988764044944,3.8366923312942616,0.05461356152757505
CSO-15-9B-KSBEJA-CorrEtiq.txt,30.0,21.216374269005847,29.0,1.8362573099415205,2.652046783625731,0.4239766081871345,0.8157894736842105,0.40350877192982454,21.216374269005847,17.236842105263158,2.7748527617172227,0.1250214474114352,7.681286549707602,3.4577081998236827,0.03594812864206693
CSO-15-9B-RMCHLU-CorrEtiq.txt,30.0,22.77287066246057,29.0,1.274447949526814,2.195583596214511,0.0914826498422713,0.9211356466876972,0.9274447949526814,22.77287066246057,18.832807570977916,2.571000902514797,0.11003842564300069,8.839116719242902,3.8501278294618633,0.06534846512126469
CSO-15-9B-SJAGRO-CorrEtiq.txt,30.0,24.897196261682243,29.0,0.3598130841121495,0.9392523364485982,0.0,0.5794392523364486,0.2850467289719626,24.897196261682243,18.901869158878505,2.347689260037899,0.09613710135620357,10.841121495327103,4.5381461701921495,0.034757537381982
CSO-16-10A-JEGAHE-CorrEtiq.txt,30.0,22.888288288288287,29.0,1.3873873873873874,1.9153153153153153,0.15675675675675677,0.527927927927928,0.5495495495495496,22.888288288288287,18.625225225225226,2.5569537537325933,0.10956210038814247,8.857657657657658,3.8810747465561484,0.05134871450094525
CSO-16-10A-MSACO-CorrEtiq.txt,30.0,23.899053627760253,29.0,0.8801261829652997,1.1230283911671923,0.0914826498422713,0.24290220820189273,0.7034700315457413,23.899053627760253,19.37223974763407,2.439656515984866,0.10295539875252425,9.485804416403786,4.1085883096229665,0.04502440635363482
CSO-16-10A-SARI-CorrEtiq.txt,30.0,22.17142857142857,26.64761904761905,2.1809523809523808,2.615873015873016,0.2761904761904762,0.43492063492063493,0.24761904761904763,20.93015873015873,13.549206349206349,2.453726258404715,0.10426460796538804,9.225396825396825,3.9731994501425647,0.02611626687267238
CSO-16-10A-SMOUT-CorrEtiq.txt,30.0,23.861538461538462,29.0,0.9076923076923077,1.4846153846153847,0.5461538461538461,0.5769230769230769,0.6211538461538462,23.861538461538462,18.684615384615384,2.449753006202531,0.10051806316811959,10.046153846153846,4.247078454704598,0.05014177572869212
CSO-16-10A-YKMUJO-CorrEtiq.txt,30.0,21.807377049180328,29.0,1.2049180327868851,1.6352459016393444,0.47540983606557374,0.430327868852459,0.6598360655737705,21.807377049180328,19.225409836065573,2.684721864062858,0.12157431964718539,7.540983606557377,3.351635678307265,0.06402270488502469
CSO-16-10B-JESUGU-CorrEtiq.txt,30.0,24.22818791946309,29.0,0.5704697986577181,0.7583892617449665,0.19463087248322147,0.18791946308724833,0.6778523489932886,24.22818791946309,20.22818791946309,2.4039717019787052,0.10067603569792073,9.046979865771812,3.9821292346620623,0.051057801825966406
CSO-16-10B-LTVIFA-CorrEtiq.txt,30.0,26.308,29.0,0.608,0.836,0.0,0.228,0.332,26.308,17.508,2.2142042243103113,0.08552433007605421,13.18,5.357149446475563,0.018858592392041667
CSO-16-10B-VVILI-CorrEtiq.txt,30.0,23.676020408163264,29.0,1.038265306122449,1.778061224489796,0.28316326530612246,0.7397959183673469,0.4387755102040816,23.676020408163264,18.693877551020407,2.463612691178831,0.10162156772019938,9.701530612244898,4.17474787351994,0.029597503380257736
CSO-16-10C-ACALGU-CorrEtiq.txt,30.0,23.27007299270073,28.248175182481752,1.0535279805352797,1.4014598540145986,0.0,0.34793187347931875,0.7226277372262774,23.07542579075426,17.9683698296837,2.457926183616729,0.10662867472335301,8.902676399026763,3.878755106671707,0.046813373513983604
CSO-16-10C-MAVAVE-CorrEtiq.txt,30.0,24.193227091633467,29.0,0.7768924302788844,1.2111553784860558,0.2549800796812749,0.4342629482071713,0.6633466135458167,24.193227091633467,18.60159362549801,2.42045684418477,0.1004251501459734,10.420318725099602,4.391909247917519,0.039224890938259656
CSO-16-11A-JAVABO-CorrEtiq.txt,30.0,23.498765432098764,29.0,1.0345679012345679,1.382716049382716,0.42962962962962964,0.41728395061728396,0.7209876543209877,23.498765432098764,19.007407407407406,2.4949695510195418,0.10524196713985647,9.320987654320987,3.9616948538352523,0.06145176961593671
CSO-16-11A-JDMUVA-CorrEtiq.txt,30.0,24.35185185185185,29.0,0.7530864197530864,1.1111111111111112,0.17901234567901234,0.35802469135802467,0.558641975308642,24.35185185185185,20.237654320987655,2.391527304080981,0.09846374541595888,9.339506172839506,4.097161054785854,0.04905212535951488
CSO-16-11A-VZAOR-CorrEtiq.txt,30.0,24.204819277108435,28.08433734939759,0.7068273092369478,1.248995983935743,0.46586345381526106,0.5662650602409639,0.3493975903614458,23.730923694779115,16.606425702811244,2.3253318926254147,0.0941913684519807,10.06425702811245,4.228070097982825,0.019262919874642122
CSO-16-11B-KRORE-CorrEtiq.txt,30.0,23.676,29.0,1.56,1.788,0.116,0.228,0.412,23.676,18.98,2.475813103442028,0.10332850775633383,9.952,4.244941748581108,0.0432311708370974
CSO-16-11B-LLOZA-CorrEtiq.txt,30.0,24.61005199306759,28.802426343154245,0.512998266897747,0.9688041594454073,0.2512998266897747,0.4558058925476603,0.5927209705372617,24.53206239168111,19.2738301559792,2.361797191152367,0.09707197050387223,10.268630849220104,4.348933502586728,0.042605678878138736
CSO-16-11B-YAROMO-CorrEtiq.txt,30.0,24.131147540983605,29.0,0.9278688524590164,2.2032786885245903,0.380327868852459,1.2754098360655737,0.5573770491803278,24.131147540983605,16.550819672131148,2.4177671489831147,0.09585626573127042,11.836065573770492,4.917204031000894,0.04262731696114267
CSO-16-9A-JALEMO-CorrEtiq.txt,30.0,23.77133105802048,29.0,0.7098976109215017,1.372013651877133,0.09897610921501707,0.6621160409556314,0.4709897610921502,23.77133105802048,19.177474402730375,2.4633763832999875,0.10445338692707298,9.474402730375427,4.088871734674095,0.03253427113888142
CSO-16-9A-JPROSO-CorrEtiq.txt,30.0,23.885106382978723,29.0,1.097872340425532,1.5702127659574467,0.49361702127659574,0.4723404255319149,0.548936170212766,23.885106382978723,17.829787234042552,2.440470791482817,0.0997697394148049,10.429787234042553,4.391174161371931,0.042404348813553254
CSO-16-9A-JSMAGU-CorrEtiq.txt,30.0,22.53900709219858,29.0,1.2907801418439717,1.8900709219858156,0.20567375886524822,0.599290780141844,0.9326241134751773,22.53900709219858,19.31560283687943,2.6008615014229752,0.11382960640475039,8.085106382978724,3.6296714690572838,0.07239899839080519
CSO-16-9B-SJPAJI-CorrEtiq.txt,30.0,23.264197530864198,29.0,0.9777777777777777,1.2049382716049384,0.14320987654320988,0.2271604938271605,0.6296296296296297,23.264197530864198,19.14074074074074,2.527746297790359,0.1106604814592281,8.953086419753086,3.8657481708346473,0.04173377901398587
CSO-17-10A-YVGOCA-CorrEtiq.txt,30.0,22.996884735202492,29.0,1.0965732087227413,1.9190031152647975,0.14018691588785046,0.822429906542056,0.9190031152647975,22.996884735202492,19.80373831775701,2.538168966128218,0.10781624007905286,8.404984423676012,3.7260025541819046,0.07125743173880245
CSO-17-10B-EHECO-CorrEtiq.txt,30.0,23.5752508361204,28.618729096989966,1.117056856187291,1.588628762541806,0.1939799331103679,0.47157190635451507,0.18729096989966554,22.983277591973245,19.51839464882943,2.4459100253113095,0.10250685118452267,8.919732441471572,3.8976070940072995,0.029541499697997985
CSO-17-10B-YCQUVE.txt,30.0,22.85275080906149,28.723300970873787,1.6407766990291262,2.396440129449838,0.1407766990291262,0.7556634304207119,0.7766990291262136,22.218446601941746,17.262135922330096,2.550247589905462,0.10831662128145536,9.12621359223301,3.9362453500588304,0.05466125345297243
CSO-17-11A-DJAPA-CorrEtiq.txt,30.0,23.399594320486816,28.884381338742394,1.0912778904665315,1.7626774847870184,0.14807302231237324,0.6855983772819473,0.5334685598377282,23.33874239350913,18.72819472616633,2.5001550729325634,0.10615418333002948,9.085192697768763,3.9885829418443874,0.04179382840083677
CSO-17-11A-JDAMO-CorrEtiq.txt,30.0,23.08041958041958,29.0,1.7447552447552448,1.9580419580419581,0.0,0.21328671328671328,0.3776223776223776,23.08041958041958,19.083916083916083,2.546425494495708,0.10936151591727405,8.674825174825175,3.859536329807814,0.03703539570418828
CSO-17-11A-NPAHE-CorrEtiq.txt,30.0,24.03962703962704,29.0,0.717948717948718,1.1748251748251748,0.07925407925407925,0.4568764568764569,0.40093240093240096,24.03962703962704,19.874125874125873,2.4316848434803022,0.10206637806709785,9.263403263403264,4.009198970337375,0.030871816521371772
CSO-17-11A-RLPAIG-CorrEtiq.txt,30.0,22.699551569506728,28.87219730941704,0.9910313901345291,1.7062780269058295,0.8452914798206278,0.899103139013453,0.7309417040358744,22.690582959641254,17.97982062780269,2.575437640417146,0.10956930953252182,9.538116591928251,4.109648174782117,0.06198222968598789
CSO-17-11A-SPUVA-CorrEtiq.txt,30.0,21.690647482014388,29.0,1.8381294964028776,2.406474820143885,0.3129496402877698,0.5683453237410072,1.1223021582733812,21.690647482014388,18.51798561151079,2.710622153062221,0.12003842256769247,7.856115107913669,3.5146296057502555,0.10235764649341653
CSO-17-11B-CDBEBU-CorrEtiq.txt,30.0,23.692307692307693,29.0,0.822742474916388,1.374581939799331,0.1939799331103679,0.5518394648829431,0.7157190635451505,23.692307692307693,18.923076923076923,2.4633351604889073,0.10365268381485673,9.605351170568563,4.012604031019114,0.04920504222591225
CSO-17-11C-JDAAG-CorrEtiq.txt,30.0,24.81714285714286,29.0,0.37714285714285717,0.7,0.0,0.32285714285714284,0.8114285714285714,24.81714285714286,19.622857142857143,2.3532905920154694,0.09768242345476735,10.24,4.33725796737359,0.0502160242902124
CSO-17-11C-MAPAMA-CorrEtiq.txt,30.0,23.059880239520957,29.0,0.9640718562874252,1.6047904191616766,0.36826347305389223,0.6407185628742516,0.8203592814371258,23.059880239520957,18.04191616766467,2.5368081968949987,0.10859469312162592,9.29940119760479,3.9860306061456274,0.06328445592239718
CSO-17-11C-MCAAG-CorrEtiq.txt,30.0,23.60126582278481,29.0,1.2658227848101267,1.6940928270042195,0.06118143459915612,0.4282700421940928,0.6624472573839663,23.60126582278481,19.156118143459917,2.4763314549286704,0.10369177418642027,9.318565400843882,4.045803132765399,0.04380656716379198
CSO-17-11C-SARJA-CorrEtiq.txt,30.0,23.559055118110237,29.0,0.7637795275590551,1.4173228346456692,0.1141732283464567,0.6535433070866141,0.9133858267716536,23.559055118110237,19.728346456692915,2.4811422320863032,0.10534578896288116,9.015748031496063,3.9470496187863167,0.057080993923644026
CSO-18-11A-ADBAHO-CorrEtiq.txt,30.0,24.466019417475728,29.0,0.5436893203883495,0.9838187702265372,0.0,0.4401294498381877,0.6181229773462783,24.466019417475728,20.16504854368932,2.3815332719019224,0.09870373335267102,9.336569579288026,4.037371392476219,0.04159887528493765
CSO-18-11B-YLLRE-CorrEtiq.txt,30.0,23.57667386609071,29.0,1.2332613390928726,1.6673866090712743,0.0,0.43412526997840173,0.6846652267818575,23.57667386609071,18.639308855291578,2.480586859632977,0.10440853663897325,9.622030237580994,4.127932783674394,0.05429617080973528
CSO-18-9B-MAMOLO-CorrEtiq.txt,30.0,23.100376411543287,29.0,2.0326223337515685,2.740276035131744,0.6223337515683814,0.7352572145545797,0.48180677540777916,23.100376411543287,16.371392722710162,2.5399727031524377,0.10262471836119176,10.90840652446675,4.544424132311916,0.042257188961615975
CSO-8-3A-AIPRBR-CorrEtiq.txt,30.0,21.789156626506024,29.0,1.3704819277108433,1.7921686746987953,0.4367469879518072,0.42168674698795183,0.9759036144578314,21.789156626506024,18.39457831325301,2.6830170275195835,0.12027199144017474,7.647590361445783,3.409772259877286,0.06811020075292236
CSO-8-3A-DAPAVA-CorrEtiq.txt,30.0,21.781786941580755,29.0,1.668384879725086,2.683848797250859,0.697594501718213,1.0549828178694158,0.8247422680412371,21.781786941580755,17.359106529209622,2.6954201017048924,0.11600531537861285,8.427835051546392,3.723983880818069,0.061657844260607116
CSO-8-3A-KVPECO-CorrEtiq.txt,30.0,22.20567375886525,28.56028368794326,1.3085106382978724,1.4078014184397163,0.41134751773049644,0.09929078014184398,1.1063829787234043,22.0531914893617,17.80141843971631,2.5907654357288337,0.11538315013014509,7.943262411347518,3.5142792037953896,0.0772202317190528
CSO-8-4A-ARAGR-CorrEtiq.txt,30.0,23.495049504950494,28.49009900990099,1.2178217821782178,1.9257425742574257,0.2871287128712871,0.8465346534653465,0.5148514851485149,23.292079207920793,17.46039603960396,2.467692710165452,0.10275133546660437,9.727722772277227,4.151259819260963,0.04722647994892001
CSO-8-4A-JRAAR-CorrEtiq.txt,30.0,20.115254237288134,28.24406779661017,2.08135593220339,2.5796610169491525,0.19661016949152543,0.49830508474576274,0.8338983050847457,19.996610169491525,16.871186440677967,2.84622382371103,0.1363935737609499,6.5152542372881355,2.99614091475019,0.06118331079865739
CSO-9-2A-EXMOCO-CorrEtiq.txt,30.0,21.6875,27.65277777777778,1.59375,1.9027777777777777,0.23958333333333334,0.3090277777777778,1.0763888888888888,21.10763888888889,15.78125,2.569131802082934,0.11567187065382482,7.826388888888889,3.472239327764319,0.07695557560546251
CSO-9-4A-AGAPE-CorrEtiq.txt,30.0,22.79032258064516,29.0,0.9247311827956989,1.6236559139784945,0.0967741935483871,0.6989247311827957,0.6451612903225806,22.79032258064516,19.376344086021504,2.577845058684967,0.11308655425394606,8.096774193548388,3.671227159938578,0.05849885256841767
CSO-9-4A-DKVIMO-CorrEtiq.txt,30.0,21.41046831955923,28.84297520661157,1.5399449035812671,1.9834710743801653,0.418732782369146,0.44352617079889806,0.6859504132231405,21.34435261707989,18.776859504132233,2.7138242331160747,0.12318376242312369,7.046831955922865,3.2608181797532554,0.05589337397655628
CSO-9-4A-DSMOMU-CorrEtiq.txt,30.0,23.639798488664987,28.425692695214106,1.1435768261964736,1.3400503778337531,0.6221662468513854,0.4282115869017632,0.4080604534005038,23.141057934508815,18.133501259445843,2.425714863232977,0.10074143508245959,9.531486146095718,4.097168154726448,0.04270203169074748
CSO-9-4A-DVGATO-CorrEtiq.txt,30.0,22.83137254901961,28.55294117647059,1.384313725490196,2.0470588235294116,0.6823529411764706,0.6627450980392157,0.7254901960784313,22.564705882352943,16.988235294117647,2.532033934364515,0.10654182632101968,9.380392156862746,4.008247588533778,0.060295352901397294
CSO-9-4A-EGCAMO-CorrEtiq.txt,30.0,21.47422680412371,29.0,1.5841924398625429,2.463917525773196,0.39862542955326463,0.8797250859106529,1.2852233676975946,21.47422680412371,18.419243986254294,2.7279409837891575,0.12195202283221789,7.587628865979381,3.427304453838266,0.08505438784305144
CSO-9-4A-FAGIGA-CorrEtiq.txt,30.0,22.853174603174605,27.293650793650794,0.9246031746031746,1.8214285714285714,0.8928571428571429,0.8968253968253969,0.30952380952380953,22.003968253968253,14.785714285714286,2.400199194065654,0.09938440263315751,9.876984126984127,4.156040353319245,0.021345281443595942
CSO-9-4A-GSBRCO-CorrEtiq.txt,30.0,20.774487471526196,29.0,2.0979498861047836,2.612756264236902,0.908883826879271,0.5785876993166287,1.0091116173120729,20.774487471526196,18.255125284738043,2.848123823291643,0.12992142386475558,7.3917995444191344,3.3783338050153913,0.08205423063578911
CSO-9-4A-KEMOCO-CorrEtiq.txt,30.0,21.29179331306991,29.0,1.9696048632218845,2.358662613981763,0.26443768996960487,0.3890577507598784,0.8996960486322189,21.29179331306991,18.97872340425532,2.7474103017208487,0.1245257367317592,7.319148936170213,3.3253299767177182,0.06624184438851688
CSO-9-4A-LCOMO-CorrEtiq.txt,30.0,23.68307692307692,29.0,1.0184615384615385,1.763076923076923,0.2676923076923077,0.7446153846153846,0.9046153846153846,23.68307692307692,18.467692307692307,2.469831500354366,0.10245055269713729,9.910769230769231,4.217099666727541,0.06482457152092126
CSO-9-4A-MLORO-CorrEtiq.txt,30.0,21.870535714285715,29.0,1.7053571428571428,1.9598214285714286,0.38839285714285715,0.2544642857142857,1.0625,21.870535714285715,18.8125,2.668965048675426,0.11855255782316179,8.053571428571429,3.5658049098340316,0.06273488627459918
CSO-9-4A-MPAME-CorrEtiq.txt,30.0,21.484536082474225,28.70618556701031,1.7422680412371134,2.3350515463917527,0.41237113402061853,0.5927835051546392,0.5,21.283505154639176,17.757731958762886,2.6952464336375117,0.11950239935612458,7.907216494845361,3.427983977617349,0.03736473737232144
CSO-9-4A-NSARPA-CorrEtiq.txt,30.0,22.961290322580645,28.63225806451613,1.038709677419355,1.7161290322580645,0.2806451612903226,0.6774193548387096,0.6258064516129033,22.85483870967742,19.322580645161292,2.5170189334926047,0.1077233523650638,8.36774193548387,3.7515646226832557,0.044924407051015997
CSO-9-4A-SLOCA-CorrEtiq.txt,30.0,21.44694533762058,29.0,1.8681672025723473,2.1414790996784565,0.3729903536977492,0.2733118971061093,1.4180064308681672,21.44694533762058,17.893890675241156,2.7228269379992986,0.12288251547366452,7.614147909967846,3.3958383907598835,0.10721531963112867
CSO-9-4A-YVDITR-CorrEtiq.txt,30.0,19.632107023411372,28.618729096989966,2.632107023411371,3.240802675585284,0.0,0.6086956521739131,1.5518394648829432,19.45819397993311,17.183946488294314,2.976704631918692,0.14557740724808363,6.424749163879599,3.0168286992761404,0.11118854483975575
