file,wc,nodes,edges,re,pe,l1,l2,l3,lcc,lsc,atd,density,diameter,asp,cc
CDMS-10-4A-JURAN-CorrEtiq.txt,160.0,79.5,159.0,16.5,22.0,1.0,5.5,4.0,79.5,78.5,4.007767913760304,0.04378499878847869,6.5,3.2404289300977984,0.06122033221685292
CDMS-10-5A-HEPIHO-CorrEtiq.txt,160.0,80.6,157.0,18.0,21.0,0.0,3.0,8.0,79.8,77.8,3.9253118716105946,0.043138265646907564,6.6,3.254134836507015,0.10763979670261656
CDMS-10-5A-KSRAGU-CorrEtiq.txt,160.0,74.0,159.0,20.0,23.0,2.0,3.0,5.0,74.0,73.0,4.297297297297297,0.04961125509070714,7.0,3.172898926323584,0.05146595146595146
CDMS-10-5A-SROPU-CorrEtiq.txt,160.0,76.0,159.0,29.0,33.0,3.0,6.0,3.0,76.0,74.0,4.184210526315789,0.0431578947368421,8.0,3.5094736842105263,0.055680868838763574
CDMS-10-5A-SZURO-CorrEtiq.txt,160.0,75.0,159.0,27.666666666666668,29.333333333333332,0.6666666666666666,1.6666666666666667,6.0,75.0,72.66666666666667,4.313354333158334,0.047778113738841964,8.0,3.4452082875008725,0.08507438953879677
CDMS-10-5B-SRAJA-CorrEtiq.txt,160.0,77.0,159.0,18.5,21.0,1.0,2.5,12.5,77.0,76.5,4.130566801619433,0.04682773366983893,6.0,2.9359635101740365,0.15649736275096582
CDMS-10-5C-DAAUSA-CorrEtiq.txt,160.0,74.0,159.0,27.25,32.25,1.5,5.5,9.25,74.0,73.0,4.317430587541312,0.046793166279687035,6.75,3.2297784794785453,0.1169791835859744
CDMS-10-5C-ICAPA-CorrEtiq.txt,160.0,59.0,155.0,34.0,40.0,3.0,6.0,15.0,57.0,54.0,5.254237288135593,0.06545879602571596,7.0,2.838972431077694,0.18888813139482186
CDMS-10-5C-JFALGI-CorrEtiq.txt,160.0,72.0,159.0,26.0,30.0,0.0,4.0,8.0,72.0,71.0,4.416666666666667,0.05046948356807512,7.0,3.075117370892019,0.1785220750800461
CDMS-10-5C-MAORTO-CorrEtiq.txt,160.0,66.5,159.0,29.0,34.75,3.75,6.0,11.25,66.5,66.5,4.81511421515666,0.05610809028243413,5.5,2.9189787567308514,0.1292112298394016
CDMS-10-5C-NBEMO-CorrEtiq.txt,160.0,70.66666666666667,159.0,25.0,28.666666666666668,4.0,4.0,9.333333333333334,70.66666666666667,70.66666666666667,4.52385849444673,0.05173320484997395,6.0,3.026865106408566,0.11311024053486925
CDMS-10-6B-ASCACO-CorrEtiq.txt,160.0,65.0,159.0,30.0,31.5,0.0,1.5,15.5,65.0,64.5,4.892307692307693,0.06129807692307693,5.5,2.7908653846153846,0.17975963803314
CDMS-10-6B-JJMOBE-CorrEtiq.txt,160.0,73.0,159.0,23.666666666666668,28.666666666666668,0.0,5.0,6.666666666666667,73.0,72.33333333333333,4.367879338467574,0.04982368152732878,6.333333333333333,3.1821633581696447,0.07055283218033008
CDMS-11-4A-GACHSA-CorrEtiq.txt,160.0,66.5,159.0,33.833333333333336,36.333333333333336,2.3333333333333335,3.1666666666666665,10.166666666666666,66.5,66.0,4.808179006013799,0.05604611682897054,6.0,3.107489180165165,0.16723593103955117
CDMS-11-5A-EAARCA-CorrEtiq.txt,160.0,82.0,159.0,22.0,23.0,0.0,1.0,8.0,82.0,81.0,3.8780487804878048,0.04095152062631737,7.0,3.3279132791327912,0.10893302258079879
CDMS-11-5A-MGTHAR-CorrEtiq.txt,160.0,66.0,159.0,33.0,35.5,4.5,3.5,9.0,66.0,65.5,4.822610294117647,0.05554771659907744,7.0,3.015961857379768,0.13107459435303437
CDMS-11-6A-DFVEBE-CorrEtiq.txt,160.0,78.5,157.0,17.5,16.5,7.5,2.5,8.0,78.5,77.0,4.000162284972411,0.043732638669347526,7.0,3.262145027967813,0.10058600680221644
CDMS-11-6A-NMREPR-CorrEtiq.txt,160.0,79.66666666666667,159.0,23.0,24.666666666666668,0.0,1.6666666666666667,6.666666666666667,79.66666666666667,79.0,4.022207817151638,0.043652922075140786,7.666666666666667,3.4692871748181133,0.09022874885516925
CDMS-11-6B-ARAHE-CorrEtiq.txt,160.0,71.0,156.33333333333334,27.666666666666668,27.333333333333332,4.0,1.0,6.0,70.33333333333333,69.0,4.407355179514728,0.05031121732168089,6.666666666666667,3.205775964394842,0.05115779042163041
CDMS-11-6B-AVROTO-CorrEtiq.txt,160.0,85.0,159.0,12.0,14.0,0.0,2.0,8.0,85.0,83.0,3.7411764705882353,0.04061624649859944,8.0,3.4910364145658264,0.11677998300289322
CDMS-11-6B-EAFESA-CorrEtiq.txt,160.0,69.5,159.0,30.166666666666668,33.666666666666664,1.8333333333333333,3.5,6.666666666666667,69.5,69.33333333333333,4.613543190268058,0.05273121128580205,6.833333333333333,3.2218833944334437,0.0984101822357464
CDMS-11-6B-EFRGR-CorrEtiq.txt,160.0,68.66666666666667,159.0,33.666666666666664,34.333333333333336,2.6666666666666665,1.3333333333333333,8.666666666666666,68.66666666666667,67.0,4.642165492957747,0.05277684626276175,6.666666666666667,3.233134920634921,0.11719111869730657
CDMS-11-6B-EROCO-CorrEtiq.txt,160.0,65.0,155.0,23.0,27.0,1.0,4.0,15.0,64.0,64.0,4.769230769230769,0.061057692307692306,6.0,2.9067460317460316,0.15390895654053546
CDMS-11-6B-JACUPE-CorrEtiq.txt,160.0,64.5,154.33333333333334,25.333333333333332,30.833333333333332,6.833333333333333,7.0,11.0,64.16666666666667,62.5,4.810603009959674,0.057503181900489586,6.166666666666667,2.9961887260858227,0.13949320034419124
CDMS-11-6B-JDCHBA-CorrEtiq.txt,160.0,70.33333333333333,159.0,27.5,33.333333333333336,5.0,7.333333333333333,10.666666666666666,70.33333333333333,69.83333333333333,4.538080556188433,0.049755043577998426,6.5,3.202787826881016,0.12796102858113534
CDMS-11-6B-JFSAHE-CorrEtiq.txt,160.0,81.0,158.33333333333334,20.0,24.0,0.0,4.0,2.6666666666666665,81.0,79.66666666666667,3.9114583039142032,0.041496091880215594,6.666666666666667,3.3673989961576765,0.024020983233595517
CDMS-11-6B-JLPENA-CorrEtiq.txt,160.0,71.33333333333333,151.0,19.666666666666668,22.666666666666668,1.3333333333333333,3.3333333333333335,12.333333333333334,70.0,66.66666666666667,4.292006313771915,0.052308998367094996,6.666666666666667,3.155548772267743,0.11581189143672355
CDMS-11-6B-JMARME-CorrEtiq.txt,160.0,73.125,157.5,25.0,29.0,0.5,4.0,8.25,72.875,71.625,4.319993815137509,0.04868421007883785,7.125,3.2311995355777072,0.11847346700785485
CDMS-11-6B-JPSAMA-CorrEtiq.txt,160.0,83.0,157.0,15.5,18.5,1.5,3.0,7.0,83.0,80.0,3.7919394733013236,0.04040049901002263,7.0,3.379280672835838,0.10639021934692974
CDMS-11-6B-LESTA-CorrEtiq.txt,160.0,67.5,159.0,26.0,29.0,1.5,3.0,12.5,67.5,67.0,4.711369622475856,0.05724053529145715,6.0,3.013222656769628,0.11836582965056085
CDMS-11-6B-MAGIMU-CorrEtiq.txt,160.0,63.333333333333336,159.0,30.666666666666668,35.666666666666664,0.3333333333333333,5.0,15.333333333333334,63.333333333333336,62.0,5.056234582637065,0.06334374844429914,6.333333333333333,2.9127231471170028,0.17283236474211794
CDMS-11-6B-MEBRTA-CorrEtiq.txt,160.0,71.0,159.0,22.0,29.0,4.0,8.0,8.0,71.0,67.0,4.47887323943662,0.05070422535211268,8.0,3.2808853118712276,0.10360437684381346
CDMS-11-6B-MMAMO-CorrEtiq.txt,160.0,78.33333333333333,159.0,16.0,19.0,2.3333333333333335,3.6666666666666665,6.333333333333333,78.33333333333333,77.0,4.064043145557908,0.045562587040264974,7.333333333333333,3.264533447714163,0.08389420965579308
CDMS-11-6B-RSECA-CorrEtiq.txt,160.0,71.33333333333333,159.0,23.333333333333332,27.333333333333332,0.6666666666666666,4.0,10.333333333333334,71.33333333333333,69.66666666666667,4.472998643147897,0.052693899222127645,7.0,3.0496065937167067,0.12193158182624275
CDMS-11-6B-SCAPA-CorrEtiq.txt,160.0,81.0,159.0,23.0,24.0,0.0,1.0,6.0,81.0,81.0,3.925925925925926,0.041666666666666664,6.0,3.2790123456790123,0.036917500316193126
CDMS-11-6B-VZAPE-CorrEtiq.txt,160.0,66.0,159.0,33.0,38.0,3.5,5.0,11.0,66.0,65.5,4.835944700460829,0.05490768629434621,7.0,3.0780660927374193,0.10607076743021443
CDMS-11-6B-YLNIME-CorrEtiq.txt,160.0,73.66666666666667,159.0,22.0,24.333333333333332,0.0,2.3333333333333335,8.0,73.66666666666667,73.0,4.331131221719457,0.05067688604124074,6.333333333333333,3.1527199787954836,0.08754668400143513
CDMS-11-7C-ICARE-CorrEtiq.txt,160.0,72.5,159.0,25.5,27.5,0.5,2.0,12.5,72.5,72.0,4.388085268366959,0.05057624532831942,7.0,3.1648575644909815,0.15829000283225636
CDMS-11-7C-IMOIB-CorrEtiq.txt,160.0,79.5,159.0,16.75,20.5,2.5,3.75,4.75,79.5,78.25,4.00276559454191,0.043657808374663806,7.0,3.3432882193763827,0.07920047076501324
CDMS-11-7C-SALMA-CorrEtiq.txt,160.0,73.33333333333333,159.0,29.0,31.666666666666668,0.0,2.6666666666666665,9.0,73.33333333333333,72.33333333333333,4.344302059496568,0.048167246530417894,6.333333333333333,3.1633692974169487,0.10597609599801461
CDMS-11-7C-SPGAVE-CorrEtiq.txt,160.0,78.5,155.0,20.0,23.5,4.5,4.0,7.5,76.5,75.0,3.962064474112667,0.04194069239818558,7.5,3.5114806120674666,0.12426482938531133
CDMS-12-5A-SRIGO-CorrEtiq.txt,160.0,76.4,159.0,22.2,24.2,2.0,2.4,5.2,76.4,76.0,4.178534071717529,0.0465449403201051,6.4,3.2517520429168485,0.08367068256119756
CDMS-12-6A-FAROPA-CorrEtiq.txt,160.0,77.66666666666667,159.0,20.0,21.333333333333332,2.0,2.0,7.0,77.66666666666667,77.0,4.108696398530573,0.04591596814927049,6.666666666666667,3.2021168603414245,0.09453411618342479
CDMS-12-6A-JGIGA-CorrEtiq.txt,160.0,70.0,159.0,22.5,29.0,1.5,6.5,9.0,70.0,70.0,4.588744588744589,0.05413276593242637,6.5,2.9809231044375357,0.10758465019518723
CDMS-12-6A-JSOTGU-CorrEtiq.txt,160.0,69.66666666666667,159.0,25.833333333333332,27.5,2.0,2.0,9.666666666666666,69.66666666666667,69.0,4.575998824911868,0.05454907178692711,6.666666666666667,3.1350327791817865,0.11649782038651298
CDMS-12-6A-SROAL-CorrEtiq.txt,160.0,78.0,159.0,23.25,25.25,1.0,2.0,7.5,78.0,76.5,4.087399380804953,0.04438209992389559,7.5,3.344334245789354,0.08553410144620521
CDMS-12-6B-IJDAGA-CorrEtiq.txt,160.0,70.0,159.0,23.0,26.333333333333332,8.333333333333334,5.666666666666667,9.0,70.0,69.33333333333333,4.587310606060606,0.052758259087373006,7.0,3.1787060688959428,0.10541302889648478
CDMS-12-6B-SCLAG-CorrEtiq.txt,160.0,69.6,159.0,26.2,30.2,3.6,4.8,9.2,69.6,68.4,4.575480700468133,0.05253515974958136,6.6,3.2273991966895244,0.0887887261933156
CDMS-12-7C-ARAHE-CorrEtiq.txt,160.0,75.0,159.0,16.0,21.0,0.0,5.0,14.0,75.0,73.0,4.24,0.04972972972972973,7.0,3.1095495495495498,0.16506070226070227
CDMS-12-7C-CATRAR-CorrEtiq.txt,160.0,75.0,157.0,23.4,27.2,0.0,3.8,11.0,74.4,74.2,4.208948639436445,0.04731245229699369,6.4,3.200815452505247,0.09010537627706834
CDMS-12-7C-DLOLO-CorrEtiq.txt,160.0,75.5,159.0,27.0,28.0,0.5,1.0,7.5,75.5,74.0,4.22693661971831,0.046841810355805716,6.5,3.22725052848738,0.13563480219737536
CDMS-12-7C-JSZAOR-CorrEtiq.txt,160.0,80.0,159.0,15.0,19.0,1.0,4.0,7.0,80.0,80.0,3.975,0.0439873417721519,7.0,3.2401898734177217,0.07203596476622792
CDMS-12-7C-MAROBE-CorrEtiq.txt,160.0,81.33333333333333,159.0,18.333333333333332,23.0,0.0,4.666666666666667,6.666666666666667,81.33333333333333,78.66666666666667,3.941889959355713,0.04248750433942041,8.0,3.4890900654425887,0.10885158921686205
CDMS-12-7C-VQURA-CorrEtiq.txt,160.0,81.16666666666667,157.0,19.0,21.833333333333332,0.3333333333333333,2.8333333333333335,8.333333333333334,80.66666666666667,78.0,3.877977027660572,0.04165316317926188,7.5,3.398379906049381,0.09577902289927605
CDMS-13-6B-ASUMO-CorrEtiq.txt,160.0,77.0,149.0,15.0,18.0,1.0,3.0,11.0,76.0,68.0,3.8701298701298703,0.04442925495557074,8.0,3.3473684210526318,0.1009330793135224
CDMS-13-6B-JDTAHE-CorrEtiq.txt,160.0,74.5,155.0,21.0,24.5,3.0,4.0,8.5,73.5,70.0,4.162761355443402,0.04654490106544901,7.5,3.3944376771137335,0.10793546856091918
CDMS-13-7C-MVEAR-CorrEtiq.txt,160.0,66.4,157.4,21.2,23.0,6.6,2.8,11.0,66.0,65.2,4.7603148849844645,0.05944319865979254,5.8,2.897145479429008,0.1578199732839109
CDMS-13-7C-SSOSLO-CorrEtiq.txt,160.0,71.0,157.66666666666666,24.5,27.666666666666668,3.8333333333333335,3.5,12.0,70.5,68.83333333333333,4.454632517801165,0.05098554920501325,6.333333333333333,3.110256357508401,0.14174451300364557
CDMS-14-10A-IMORTO-CorrEtiq.txt,160.0,69.5,159.0,31.5,35.5,0.0,4.0,6.0,69.5,69.5,4.5871731008717305,0.052092047982458936,6.5,3.261169386169386,0.06649882565200124
CDMS-14-10A-JCVANI-CorrEtiq.txt,160.0,87.25,159.0,16.5,20.5,1.5,4.0,3.75,87.25,86.25,3.6561919627227715,0.036666799431209214,8.0,3.717769625055979,0.06236044215631141
CDMS-14-5A-LSDUCO-CorrEtiq.txt,160.0,67.66666666666667,159.0,29.666666666666668,35.333333333333336,1.3333333333333333,5.666666666666667,10.333333333333334,67.66666666666667,66.33333333333333,4.735183492229333,0.054886266670758306,6.0,3.115963129621978,0.1356553889109067
CDMS-14-6B-KDCAHE-CorrEtiq.txt,160.0,75.2,158.2,21.8,26.6,3.6,5.6,10.4,75.2,73.0,4.219898375720804,0.046214004661703875,7.8,3.41393529284598,0.09353691802387228
CDMS-15-10A-AMALOS-CorrEtiq.txt,160.0,75.14285714285714,159.0,19.714285714285715,24.857142857142858,4.0,5.428571428571429,5.428571428571429,75.14285714285714,75.0,4.257882419588355,0.0472917277041972,6.0,3.2052148232698174,0.06713021901551389
CDMS-15-10A-JJMACH-CorrEtiq.txt,160.0,81.44444444444444,158.55555555555554,16.77777777777778,18.88888888888889,1.4444444444444444,2.3333333333333335,7.222222222222222,81.33333333333333,79.88888888888889,3.8965051215949305,0.04228592267679055,6.444444444444445,3.246888714449971,0.08614458838057576
CDMS-15-10A-MAALCA-CorrEtiq.txt,160.0,72.33333333333333,159.0,21.0,25.333333333333332,1.0,4.333333333333333,10.0,72.33333333333333,72.0,4.405194805194806,0.05168025465508303,6.333333333333333,3.0460482563457396,0.11813418784198006
CDMS-15-10A-MAALRI-CorrEtiq.txt,160.0,81.5,159.0,18.0,22.75,1.25,4.75,7.5,81.5,81.0,3.9037513619560547,0.041223894736168595,7.75,3.5080453335195596,0.08242325628189025
CDMS-15-10A-SGOMO-CorrEtiq.txt,160.0,86.0,159.0,17.666666666666668,18.666666666666668,1.0,1.0,7.0,86.0,82.66666666666667,3.7015873015873013,0.03822223081733032,7.666666666666667,3.5060073359247586,0.09610350848446086
CDMS-15-10A-SHEGA-CorrEtiq.txt,160.0,73.25,159.0,17.25,20.75,0.5,3.5,15.0,73.25,72.5,4.349895673265238,0.05226057412719938,6.0,2.9952155168658265,0.16756726362438212
CDMS-15-11B-JEMOLO-CorrEtiq.txt,160.0,78.8125,159.0,20.875,23.6875,1.8125,3.1875,5.875,78.8125,78.0,4.0518828293336995,0.04389904482490347,7.0625,3.3766265613037745,0.07101204147539464
CDMS-15-11B-VSAHO-CorrEtiq.txt,160.0,75.5,159.0,26.5,28.5,2.5,3.0,5.0,75.5,75.0,4.234391534391534,0.04609596656698106,7.0,3.323845947396672,0.06557632581364296
CDMS-16-10A-SGALO-CorrEtiq.txt,160.0,76.25,159.0,18.0,21.75,0.75,3.75,7.75,76.25,75.5,4.177314434163749,0.047674722748322844,6.5,3.22199517214087,0.09117712550116333
CDMS-16-11B-NGABE-CorrEtiq.txt,160.0,82.0,157.4,16.0,19.4,0.8,3.4,6.0,81.6,80.2,3.846596697491924,0.04154702584822464,7.4,3.378849889776056,0.08182369799516435
CDMS-17-10A-ASSAMO-CorrEtiq.txt,160.0,89.0,159.0,15.0,16.333333333333332,0.0,1.3333333333333333,7.0,89.0,87.33333333333333,3.5739463601532564,0.03647378761044818,8.333333333333334,3.649584771241241,0.09201083165867929
CDMS-18-7C-VVECA-CorrEtiq.txt,160.0,74.0,158.33333333333334,29.333333333333332,32.333333333333336,0.6666666666666666,3.0,8.333333333333334,73.66666666666667,72.33333333333333,4.281302571497236,0.04647627439985046,8.0,3.267345290495976,0.14043696428440838
CDMS-8-4A-DBEVA-CorrEtiq.txt,160.0,63.5,159.0,25.0,29.5,3.5,5.0,16.5,63.5,62.5,5.010669975186104,0.0635801417646341,6.0,2.873419512467966,0.1653860718458952
CDMS-8-4A-DJAVDA-CorrEtiq.txt,160.0,62.5,158.0,33.5,38.0,8.0,6.5,12.0,62.5,62.0,5.056067588325653,0.058262614053201045,7.0,2.9011566904216295,0.16250597913593756
CDMS-8-4A-DOSTR-CorrEtiq.txt,160.0,69.66666666666667,159.0,29.833333333333332,33.5,4.5,5.0,10.666666666666666,69.66666666666667,69.0,4.600223575462137,0.05130986344877057,6.833333333333333,3.189802964217019,0.13515923195285395
CDMS-8-4A-LGOPA-CorrEtiq.txt,160.0,66.66666666666667,157.66666666666666,30.0,36.0,2.3333333333333335,6.333333333333333,13.0,66.33333333333333,63.666666666666664,4.779343205109774,0.05572395873209566,7.333333333333333,3.199740568893448,0.14323399791708674
CDMS-8-4C-JDBUTU-CorrEtiq.txt,160.0,67.0,158.33333333333334,27.666666666666668,31.0,8.0,5.666666666666667,10.0,67.0,65.66666666666667,4.742679352522472,0.05429315070685434,6.0,2.9295977876156662,0.1694574804666663
CDMS-9-4A-ACDUTR-CorrEtiq.txt,160.0,72.33333333333333,159.0,27.333333333333332,30.0,3.6666666666666665,3.0,11.666666666666666,72.33333333333333,71.33333333333333,4.454415140704655,0.04980333196912231,6.0,3.018260512106584,0.15849205037409134
CDMS-9-4A-CARGA-CorrEtiq.txt,160.0,73.25,159.0,27.5,28.25,2.0,1.75,8.0,73.25,72.75,4.354217312681815,0.048923406855033,7.0,3.191612818099755,0.14024393139510388
CDMS-9-4A-CRAAG-CorrEtiq.txt,160.0,66.5,155.0,27.0,29.5,4.5,3.0,19.5,65.5,63.0,4.674603174603175,0.05558894899708364,6.0,2.8852269668817563,0.2223652016825167
CDMS-9-4A-EROHI-CorrEtiq.txt,160.0,71.33333333333333,159.0,27.666666666666668,28.666666666666668,4.333333333333333,2.0,8.0,71.33333333333333,70.33333333333333,4.461622062969277,0.05034884988658712,7.0,3.2977735316927532,0.104056137522151
CDMS-9-4A-ILOSE-CorrEtiq.txt,160.0,63.666666666666664,159.0,35.666666666666664,37.333333333333336,0.0,1.6666666666666667,10.666666666666666,63.666666666666664,62.333333333333336,5.024533258279388,0.06155578527003138,6.0,2.9430242985300517,0.10971376127341435
CDMS-9-4A-TGAFR-CorrEtiq.txt,160.0,70.0,159.0,33.0,38.0,2.0,5.5,10.5,70.0,69.0,4.551216520139031,0.04937227519521529,5.5,2.9329638647774,0.1412744528316423
CDMS-9-4C-SCAMO-CorrEtiq.txt,160.0,86.0,155.0,18.0,19.0,1.0,1.0,5.0,85.0,81.0,3.604651162790698,0.036935704514363885,8.0,3.7705882352941176,0.05341202724923655
CDMS-9-5A-ABERO-CorrEtiq.txt,160.0,71.4,158.2,26.0,29.4,3.6,3.8,5.8,71.4,69.4,4.453901875901876,0.050326930096718535,6.4,3.22891710261773,0.07143105274555492
CDMS-9-5A-PAGACO-CorrEtiq.txt,160.0,67.5,159.0,26.0,30.5,2.5,4.5,7.5,67.5,67.5,4.717582417582418,0.056242036948558685,7.0,3.16838867654085,0.08578600581347834
CDMS-9-5A-VVAAR-CorrEtiq.txt,160.0,69.0,159.0,29.0,36.0,2.0,7.0,10.0,69.0,68.0,4.608695652173913,0.051577152600170505,7.0,3.209718670076726,0.13029810958199703
CDMS-9-5C-JDMADE-CorrEtiq.txt,160.0,75.0,159.0,25.0,25.0,10.0,4.0,6.0,75.0,75.0,4.24,0.044684684684684686,7.0,3.390990990990991,0.12446368446368448
CDMS-9-5C-LVIZAC-CorrEtiq.txt,160.0,80.33333333333333,159.0,21.333333333333332,24.666666666666668,2.0,3.3333333333333335,10.333333333333334,80.33333333333333,78.33333333333333,3.960652737532408,0.04157963858823487,8.0,3.455637608897763,0.10342071591499684
CDMS-9-5C-MLOGO-CorrEtiq.txt,160.0,72.33333333333333,159.0,25.0,26.666666666666668,3.3333333333333335,2.0,16.333333333333332,72.33333333333333,71.66666666666667,4.398772941238694,0.05009452147629634,8.0,3.2979835446780057,0.18178191848476546
CDMS-9-5C-SCAAG-CorrEtiq.txt,160.0,72.5,157.0,19.5,23.0,1.5,3.5,10.0,71.0,70.5,4.331621004566211,0.051120650845713544,6.5,3.175447613215525,0.07911981921009197
CDMS-XX-10A-VGILO-CorrEtiq.txt,160.0,75.33333333333333,157.66666666666666,18.333333333333332,18.0,5.666666666666667,0.6666666666666666,6.333333333333333,75.0,70.33333333333333,4.192617617617618,0.047965838716698996,7.333333333333333,3.2190432090729924,0.09021036647670633
CDMS-XX-5C-MJSARU-CorrEtiq.txt,160.0,77.5,159.0,22.5,28.5,1.0,6.0,4.5,77.5,76.0,4.104763491005996,0.04370231811271118,7.5,3.276727480824749,0.06588877592616328
CDMS-XX-5C-MPCAQU-CorrEtiq.txt,160.0,66.5,159.0,27.5,30.0,0.0,2.5,12.5,66.5,66.5,4.788722826086957,0.05938299232736573,5.5,2.886552718913652,0.16000051999142872
CDMS-XX-6A-MAGICA-CorrEtiq.txt,160.0,79.25,158.25,20.5,22.625,0.5,2.125,5.875,79.25,78.0,4.004661428268082,0.04378387398560463,7.25,3.421536952031814,0.06908450088639793
CDMS-XX-6B-SPUCA-CorrEtiq.txt,160.0,79.4,159.0,22.0,27.4,0.4,5.4,6.6,79.4,78.2,4.034428246540922,0.04253705561935618,6.6,3.3819447834025156,0.10270122105948527
CSO-10-4A-ICAPA-CorrEtiq.txt,160.0,67.25,158.0,30.75,36.0,0.75,5.25,9.25,67.25,67.25,4.707350360086576,0.05458149648436089,5.75,2.997456029529287,0.15529378873472008
CSO-10-4A-KCOMO-CorrEtiq.txt,160.0,69.2,159.0,25.4,30.6,2.2,5.4,9.0,69.2,69.0,4.604245965054294,0.05370176078371719,6.8,3.1023854040903087,0.12718377190634494
CSO-10-4A-LRAVI-CorrEtiq.txt,160.0,70.0,155.0,31.0,38.0,0.0,7.0,12.0,68.0,67.0,4.428571428571429,0.0484472049689441,7.0,3.095697980684811,0.18276016598997966
CSO-10-4A-LSCAVA-CorrEtiq.txt,160.0,84.0,159.0,26.5,33.0,0.0,6.5,4.0,84.0,83.5,3.790549169859515,0.03616086013840625,8.5,3.9588982694268715,0.08765866364844654
CSO-10-5A-ACAVA-CorrEtiq.txt,160.0,83.5,159.0,17.0,18.5,4.0,2.0,5.5,83.5,83.0,3.819476409666283,0.03983854425801174,7.5,3.455454809994312,0.05507839050060902
CSO-10-5A-ARACA-CorrEtiq.txt,160.0,75.33333333333333,149.66666666666666,22.0,22.666666666666668,3.0,1.0,4.0,74.0,71.0,3.973450292397661,0.04428006954322744,8.666666666666666,3.4458861601327353,0.052525482314956
CSO-10-5A-DABRZA-CorrEtiq.txt,160.0,68.16666666666667,158.33333333333334,32.666666666666664,37.166666666666664,2.3333333333333335,4.833333333333333,10.166666666666666,68.16666666666667,67.16666666666667,4.674820889894419,0.052559100801577,6.5,3.184376456181789,0.12785406475527078
CSO-10-5A-GZAMA-CorrEtiq.txt,160.0,74.33333333333333,158.33333333333334,22.833333333333332,25.833333333333332,0.6666666666666666,3.0,8.333333333333334,74.33333333333333,73.5,4.269380376782782,0.0485492614460405,6.833333333333333,3.1835712698503276,0.13521564424612503
CSO-10-5A-IPECA-CorrEtiq.txt,160.0,73.0,159.0,23.5,27.0,0.5,3.5,10.5,73.0,73.0,4.35943661971831,0.05016295974042453,6.0,3.0552910254318704,0.10983806345481659
CSO-10-5A-JANORO-CorrEtiq.txt,160.0,80.33333333333333,156.33333333333334,15.666666666666666,20.666666666666668,1.0,5.0,9.333333333333334,79.66666666666667,75.33333333333333,3.893179479263147,0.04227487125929718,7.666666666666667,3.3443821610488276,0.11772747542998778
CSO-10-5A-JBUVE-CorrEtiq.txt,160.0,82.0,159.0,21.5,24.0,2.0,2.5,4.5,82.0,82.0,3.880357142857143,0.04007621807301539,7.0,3.461927275104033,0.06823916687887276
CSO-10-5A-JJSEMO-CorrEtiq.txt,160.0,68.5,158.0,28.5,31.5,1.0,3.0,7.5,68.5,67.5,4.6147121535181235,0.05437381134980097,6.5,2.996918288287529,0.10598098565907685
CSO-10-5A-JLCARI-CorrEtiq.txt,160.0,82.0,155.0,15.0,17.0,1.0,2.0,4.0,81.0,79.0,3.7804878048780486,0.04125263474856971,7.0,3.46358024691358,0.08326673326673324
CSO-10-5A-MAARAN-CorrEtiq.txt,160.0,65.0,159.0,34.75,37.0,1.0,2.25,15.0,65.0,64.75,4.9008821940098235,0.058355699965066454,6.5,2.990064657678378,0.22712892087874317
CSO-10-5A-MAOSMO-CorrEtiq.txt,160.0,82.5,159.0,18.25,20.5,0.5,2.25,4.5,82.5,80.0,3.8585367800517085,0.04116305186060104,8.0,3.5816072728054547,0.06346662440385184
CSO-10-5A-RVMOIB-CorrEtiq.txt,160.0,79.75,159.0,16.5,18.5,0.75,2.0,7.5,79.75,79.25,3.999983431352061,0.04478029894064517,6.5,3.25649156065083,0.0852329100710534
CSO-10-5A-SVHEES-CorrEtiq.txt,160.0,70.25,159.0,23.5,25.75,4.0,2.5,11.0,70.25,69.5,4.565028438248375,0.05384520698890172,6.0,2.9654061318285025,0.14339026576037073
CSO-11-5A-MDVOSPE-CorrEtiq.txt,160.0,70.0,157.66666666666666,26.333333333333332,28.333333333333332,1.0,2.0,8.666666666666666,70.0,70.0,4.512453630100689,0.053311041326243314,6.666666666666667,3.0591733927873537,0.13352495999554823
CSO-11-5A-MTAGA-CorrEtiq.txt,160.0,79.0,159.0,19.333333333333332,22.666666666666668,2.6666666666666665,3.3333333333333335,4.666666666666667,79.0,79.0,4.036532507739938,0.04373974151063934,8.0,3.4593464052287586,0.060885218868965
CSO-11-6A-CAPAMU-CorrEtiq.txt,160.0,83.25,153.0,17.0,18.0,1.75,1.0,5.75,81.0,75.25,3.6832449160035368,0.0391460140327301,8.5,3.538892465066996,0.07996802333317111
CSO-11-6A-DSCACH-CorrEtiq.txt,160.0,87.0,159.0,14.5,15.0,0.5,0.5,4.0,87.0,87.0,3.6629153978551567,0.03844431599353727,7.0,3.4226041304501487,0.04765797388343163
CSO-11-6A-EROMO-CorrEtiq.txt,160.0,78.0,159.0,25.0,34.0,0.0,9.0,5.0,78.0,76.0,4.076923076923077,0.041625041625041624,8.0,3.4072594072594073,0.06068487293183649
CSO-11-6A-FSOVRE-CorrEtiq.txt,160.0,67.5,158.0,30.25,34.75,1.5,4.5,9.0,67.25,65.75,4.718651463963964,0.055284664300020075,6.25,3.0601695509752007,0.13066460843804595
CSO-11-6B-ANREVA-CorrEtiq.txt,160.0,76.33333333333333,159.0,24.333333333333332,27.0,1.0,2.6666666666666665,8.666666666666666,76.33333333333333,75.0,4.186130990125917,0.046055587934304455,6.666666666666667,3.1837328083226204,0.10894467786312967
CSO-11-6B-DISEMO-CorrEtiq.txt,160.0,83.0,151.0,17.0,20.0,0.0,3.0,7.0,81.0,72.0,3.63855421686747,0.03849544519541581,8.0,3.6481481481481484,0.08001891013939207
CSO-11-6B-LHFDLACH-CorrEtiq.txt,160.0,76.75,157.0,25.5,30.25,2.0,4.75,4.75,76.75,75.25,4.100599165292148,0.043076993611957784,7.5,3.487291877637504,0.06444952548320892
CSO-11-6B-RJGIHE-CorrEtiq.txt,160.0,74.33333333333333,159.0,18.0,20.333333333333332,3.0,2.3333333333333335,14.333333333333334,74.33333333333333,73.33333333333333,4.291340508806262,0.050153389730142016,6.0,3.0277433649622494,0.20043886041463255
CSO-11-6B-SFLVA-CorrEtiq.txt,160.0,68.33333333333333,159.0,26.333333333333332,31.333333333333332,6.333333333333333,6.0,12.0,68.33333333333333,67.66666666666667,4.748915009041592,0.05455643237701576,6.666666666666667,3.098701191794202,0.17325330990138135
CSO-11-6B-VCOMA-CorrEtiq.txt,160.0,82.0,159.0,21.5,24.5,1.5,3.5,5.0,82.0,81.0,3.892521271831617,0.04042881315704512,7.0,3.457838342667195,0.06742985726176924
CSO-12-6A-DGISE-CorrEtiq.txt,160.0,80.0,159.0,17.5,19.5,8.5,4.5,4.5,80.0,79.5,3.9974858579509744,0.04178439256676987,7.0,3.447941761449248,0.05471066924555297
CSO-12-6A-FJOVRE-CorrEtiq.txt,160.0,72.66666666666667,156.33333333333334,21.333333333333332,24.666666666666668,2.3333333333333335,3.3333333333333335,11.333333333333334,72.0,68.33333333333333,4.302765093860984,0.04967807861884651,6.0,3.0026497391247537,0.11579744834371127
CSO-12-6B-GQULO-CorrEtiq.txt,160.0,72.0,159.0,23.666666666666668,27.666666666666668,5.0,4.0,5.333333333333333,72.0,71.66666666666667,4.4575670623016395,0.05008513646528736,7.333333333333333,3.2126545260878374,0.08209378249784101
CSO-12-6B-LJHEFE-CorrEtiq.txt,160.0,80.8,159.0,16.2,20.0,2.0,3.8,6.8,80.8,79.8,3.950155845140652,0.042775526239375285,6.6,3.333935199689094,0.10561916081866221
CSO-12-6B-VPAMA-CorrEtiq.txt,160.0,60.0,135.0,34.0,35.0,2.0,1.0,7.0,58.0,49.0,4.5,0.05536723163841808,7.0,3.2546884452510585,0.08664085914085914
CSO-12-7A-DALRE-CorrEtiq.txt,160.0,65.8,157.8,34.0,36.6,2.8,2.8,10.2,65.8,64.6,4.8062739800973,0.05568730697567796,6.6,3.1600426080758135,0.15577951776846186
CSO-12-7A-ESALA-CorrEtiq.txt,160.0,69.0,159.0,27.0,30.0,0.0,3.0,6.0,69.0,69.0,4.608695652173913,0.054987212276214836,6.0,2.9607843137254903,0.09099686427052156
CSO-12-7A-IMERO-CorrEtiq.txt,160.0,77.83333333333333,159.0,20.333333333333332,25.166666666666668,2.0,4.833333333333333,7.333333333333333,77.83333333333333,76.5,4.099536189532047,0.044446614370898245,7.833333333333333,3.429178861236627,0.09012849780849203
CSO-12-7A-JHEZA-CorrEtiq.txt,160.0,85.0,152.0,15.5,19.0,3.0,4.0,8.0,83.5,79.0,3.576470588235294,0.036414565826330535,8.5,3.6699270951401424,0.11559390148490495
CSO-12-7A-LSARAR-CorrEtiq.txt,160.0,69.5,159.0,29.0,34.5,0.0,5.5,7.5,69.5,69.5,4.5757763975155274,0.052320058458165876,6.0,3.1056387772500305,0.13033071111624273
CSO-12-7A-SCAHO-CorrEtiq.txt,160.0,79.66666666666667,159.0,25.666666666666668,29.666666666666668,0.6666666666666666,4.0,7.333333333333333,79.66666666666667,77.66666666666667,3.9960617442431734,0.04115458776420123,9.333333333333334,3.6737258118195215,0.08877796472438985
CSO-12-7B-DVAGRO-CorrEtiq.txt,160.0,82.0,159.0,20.0,25.0,3.6666666666666665,5.333333333333333,7.0,82.0,81.66666666666667,3.9096063454759107,0.03986372843230828,7.666666666666667,3.606185549673988,0.06616018368807271
CSO-12-7B-SMUGU-CorrEtiq.txt,160.0,69.5,159.0,24.0,25.0,2.0,1.0,8.5,69.5,69.5,4.577671913835957,0.05545900512822324,6.0,2.954803712529788,0.10318312808283592
CSO-12-7B-SSARA-CorrEtiq.txt,160.0,84.0,159.0,17.0,19.666666666666668,2.6666666666666665,2.6666666666666665,5.0,84.0,82.33333333333333,3.7984771401438073,0.039453151162011924,8.333333333333334,3.6126401103194357,0.034869717626043094
CSO-12-7B-VHOMA-CorrEtiq.txt,160.0,87.6,159.0,16.8,17.8,2.8,1.8,4.4,87.6,86.0,3.6487338018807605,0.03700381551047972,8.6,3.651382497421454,0.08450105601517448
CSO-12-8A-YTOME-CorrEtiq.txt,160.0,68.5,159.0,27.0,30.5,0.0,3.5,11.0,68.5,68.0,4.65448717948718,0.05586967316720838,5.5,3.0367224178403758,0.15468775610178326
CSO-13-6A-ANASA-CorrEtiq.txt,160.0,82.25,159.0,21.25,25.0,0.5,3.75,3.75,82.25,81.5,3.8815365488337354,0.040270251214176045,7.5,3.4980900761078253,0.058398092802550275
CSO-13-6B-JETAVE-CorrEtiq.txt,160.0,69.6,159.0,32.0,34.0,0.8,2.2,10.8,69.6,68.6,4.610338801902228,0.05295694900538348,6.0,3.0665731209283362,0.12760412474355873
CSO-13-6B-LFMIES-CorrEtiq.txt,160.0,78.0,155.0,23.0,26.0,1.5,3.0,8.0,74.0,72.0,3.980246913580247,0.04263596930263597,8.0,3.326944547287013,0.1357907784138721
CSO-13-6B-LJMAHU-CorrEtiq.txt,160.0,67.0,152.33333333333334,40.0,44.333333333333336,0.0,4.333333333333333,2.3333333333333335,66.66666666666667,64.33333333333333,4.612302087711924,0.04937523255873335,6.666666666666667,3.2228980420218694,0.0556135289447127
CSO-13-7A-CAPAMU-CorrEtiq.txt,160.0,75.5,156.66666666666666,23.5,28.666666666666668,3.3333333333333335,5.666666666666667,6.166666666666667,75.5,74.16666666666667,4.158591134328011,0.04452985131232667,7.5,3.4950581674566954,0.08442080908490425
CSO-13-7A-CDDITR-CorrEtiq.txt,160.0,80.5,159.0,19.5,21.0,0.5,1.5,7.5,80.5,80.0,3.9516826180920037,0.04298645983322324,7.0,3.3746558957529422,0.06682956209634741
CSO-13-7A-JJATFL-CorrEtiq.txt,160.0,79.0,159.0,20.0,24.0,1.0,4.0,8.5,79.0,77.5,4.025961538461538,0.04350528163819303,6.5,3.057693150731126,0.11470006044525274
CSO-13-7A-KRAMA-CorrEtiq.txt,160.0,71.5,159.0,25.5,29.5,2.0,4.0,6.0,71.5,71.0,4.449510763209393,0.050714238445030584,6.0,3.0810844985204726,0.09031324625517095
CSO-13-7A-RXCHLU-CorrEtiq.txt,160.0,74.0,159.0,13.0,16.0,0.0,3.0,8.0,74.0,74.0,4.297297297297297,0.052943354313217325,5.0,2.8955942243613477,0.12582138503191134
CSO-13-7A-YAMEZA-CorrEtiq.txt,160.0,76.16666666666667,159.0,21.833333333333332,25.333333333333332,2.0,3.8333333333333335,7.333333333333333,76.16666666666667,75.16666666666667,4.188551885449557,0.04621168723261059,6.833333333333333,3.2404682742618998,0.09102407737209488
CSO-13-7A-YBOSO-CorrEtiq.txt,160.0,77.0,139.0,22.0,24.0,3.0,2.0,4.0,73.0,50.0,3.6103896103896105,0.03827751196172249,10.0,3.912861491628615,0.07329748173904017
CSO-13-8A-KIGAGU-CorrEtiq.txt,160.0,69.5,159.0,28.0,30.0,7.5,3.5,6.0,69.5,68.5,4.5757763975155274,0.051029107295091955,6.0,3.1121178906345146,0.12323004410283028
CSO-13-8A-MBUAN-CorrEtiq.txt,160.0,77.2,158.2,22.8,26.2,2.2,3.6,3.6,76.8,76.0,4.140286422367418,0.045176082104246354,7.6,3.5115130068555716,0.06707368558524614
CSO-13-8A-MGAAN-CorrEtiq.txt,160.0,82.66666666666667,159.0,18.666666666666668,24.0,1.0,5.333333333333333,4.333333333333333,82.66666666666667,82.0,3.848383725667322,0.03969592956122527,6.666666666666667,3.3293525329433185,0.07041928376129626
CSO-13-8A-MGAHE-CorrEtiq.txt,160.0,75.25,159.0,22.25,23.0,1.25,0.75,6.75,75.25,75.0,4.23951573364236,0.04865401023472872,6.0,3.1877257091722684,0.0890286289705471
CSO-13-8A-MJAGA-CorrEtiq.txt,160.0,70.0,159.0,31.333333333333332,30.0,9.666666666666666,5.0,8.333333333333334,70.0,69.33333333333333,4.5500794912559615,0.049428955577102834,6.333333333333333,3.1545987097420105,0.11031638690535066
CSO-13-8A-VHODU-CorrEtiq.txt,160.0,75.0,159.0,17.25,20.75,2.25,3.5,9.75,75.0,74.75,4.246565315315316,0.04915441465871365,7.0,3.0781302049496726,0.15094269671612615
CSO-13-8B-FCJISA-CorrEtiq.txt,160.0,84.0,159.0,17.5,19.5,0.5,2.0,8.0,84.0,83.5,3.7862508858965276,0.03989094315363524,8.0,3.520240873310829,0.10373019107646198
CSO-13-8B-JEMABE-CorrEtiq.txt,160.0,66.33333333333333,153.66666666666666,35.666666666666664,37.666666666666664,2.0,2.3333333333333335,6.0,64.33333333333333,62.333333333333336,4.642899061032864,0.052834134436247106,6.333333333333333,3.0008378043441155,0.13618412855445083
CSO-13-9B-DMLLLU-CorrEtiq.txt,160.0,74.0,159.0,23.0,25.0,3.0,2.0,10.0,74.0,74.0,4.297297297297297,0.04850055534987042,6.0,3.0377637911884485,0.10587576640208218
CSO-14-7A-MVEBE-CorrEtiq.txt,160.0,74.0,159.0,16.0,18.0,2.0,2.0,11.0,74.0,74.0,4.297297297297297,0.05146242132543503,6.0,2.8852276934468715,0.17657067539420482
CSO-14-7B-EALHU-CorrEtiq.txt,160.0,75.0,159.0,26.0,28.666666666666668,0.3333333333333333,2.6666666666666665,7.333333333333333,75.0,74.0,4.242011504477258,0.046947534243857246,6.0,3.1911437988799203,0.10536084280736724
CSO-14-7B-EVEGO-CorrEtiq.txt,160.0,82.0,159.0,20.7,23.9,0.4,3.2,6.5,82.0,80.8,3.8848251001499774,0.04071970098092978,7.7,3.5051482586541987,0.09428534533549553
CSO-14-8A-AQUMA-CorrEtiq.txt,160.0,72.0,159.0,18.0,22.0,0.5,4.0,9.5,72.0,71.0,4.42007722007722,0.05351832731225227,5.5,2.886540373437336,0.1379876441220979
CSO-14-8A-MCIDOS-CorrEtiq.txt,160.0,77.0,147.0,21.0,23.5,1.5,3.0,10.5,72.5,64.5,3.8199324324324326,0.04172669287980542,7.5,3.4144285906582312,0.09966543591543592
CSO-14-8A-SZARA-CorrEtiq.txt,160.0,74.0,159.0,24.666666666666668,29.333333333333332,5.0,5.0,4.666666666666667,74.0,73.33333333333333,4.323728678463255,0.04662485929418153,6.666666666666667,3.288477721971622,0.05701689706042018
CSO-14-8B-JLLORA-CorrEtiq.txt,160.0,75.5,159.0,21.5,24.0,3.0,3.0,11.5,75.5,74.5,4.22693661971831,0.047316493900109516,6.5,3.2143111835570384,0.1343863607537271
CSO-14-9A-AEDCAGO-CorrEtiq.txt,160.0,85.25,157.0,14.0,18.5,1.75,4.5,7.25,84.75,81.75,3.693021620383999,0.03833461590985871,7.5,3.5166086724760923,0.07926412925268604
CSO-14-9A-HASACA-CorrEtiq.txt,160.0,76.0,159.0,22.0,26.5,1.0,4.5,3.5,76.0,75.5,4.184210526315789,0.04614035087719298,6.5,3.1803508771929825,0.06054817950593573
CSO-14-9A-JSMAAL-CorrEtiq.txt,160.0,77.8,158.2,20.4,23.8,3.0,4.0,8.0,77.8,76.4,4.073593073593074,0.04417647623988778,7.0,3.324397774282365,0.13706152700942925
CSO-14-9A-MARJA-CorrEtiq.txt,160.0,77.66666666666667,159.0,22.0,24.0,0.0,2.0,10.0,77.66666666666667,77.33333333333333,4.112446951383293,0.04582398330182375,7.666666666666667,3.3914011064131935,0.13306549142702784
CSO-14-9A-SORZU-CorrEtiq.txt,160.0,75.0,154.33333333333334,23.666666666666668,28.333333333333332,2.6666666666666665,4.666666666666667,10.333333333333334,73.33333333333333,71.33333333333333,4.152224457858261,0.04522150656104721,7.0,3.383145076045461,0.10690729607689571
CSO-14-9B-ERAGA-CorrEtiq.txt,160.0,64.0,157.66666666666666,25.0,31.0,2.6666666666666665,6.0,13.666666666666666,63.666666666666664,61.666666666666664,4.938383838383839,0.061693861693861686,6.333333333333333,2.9368639952326396,0.16566302714252804
CSO-14-9B-MFEGA-CorrEtiq.txt,160.0,73.5,159.0,23.0,28.0,3.5,6.0,11.0,73.5,72.0,4.342809364548495,0.04819285573761277,6.5,3.1595471876801797,0.11714992459644397
CSO-15-10A-LJRAGU-CorrEtiq.txt,160.0,71.6,156.6,26.8,28.0,0.4,1.2,10.8,71.6,70.0,4.396877085557368,0.051147675455922026,6.4,3.1137035350766586,0.1372470135479221
CSO-15-10A-MAARLO-CorrEtiq.txt,160.0,71.0,157.0,19.333333333333332,22.333333333333332,2.6666666666666665,3.3333333333333335,10.666666666666666,71.0,69.33333333333333,4.424876570654155,0.05317513983273033,7.0,3.0772218729310157,0.15942980121410605
CSO-15-10A-SFEGA-CorrEtiq.txt,160.0,69.5,151.0,31.0,35.5,1.5,4.5,7.5,67.5,66.0,4.345548654244306,0.04789915966386554,5.5,3.141910767020512,0.09445109708354138
CSO-15-10B-MEBUAR-CorrEtiq.txt,160.0,77.0,159.0,20.333333333333332,26.333333333333332,0.0,6.0,8.0,77.0,76.33333333333333,4.136029153494907,0.04550364268155147,8.0,3.3707144966985436,0.1303403288812445
CSO-15-10B-YVBUAN-CorrEtiq.txt,160.0,75.5,155.0,18.0,19.5,1.0,1.5,8.0,74.5,74.5,4.110467158412364,0.047972195232469206,6.5,3.1850412683437144,0.0928858103016293
CSO-15-10C-ALBAHO-CorrEtiq.txt,160.0,73.0,159.0,23.333333333333332,26.0,4.0,4.666666666666667,7.333333333333333,73.0,72.33333333333333,4.366893704850361,0.04939752469071817,7.333333333333333,3.296739014325078,0.07061190601509369
CSO-15-10C-SSCAMO-CorrEtiq.txt,160.0,77.33333333333333,159.0,24.0,29.333333333333332,2.0,5.333333333333333,5.0,77.33333333333333,76.33333333333333,4.114956709956711,0.04326162587654927,7.666666666666667,3.3824872762047975,0.07754929112517601
CSO-15-11C-JETALO-CorrEtiq.txt,160.0,71.5,159.0,27.0,35.5,3.3333333333333335,8.833333333333334,8.166666666666666,71.5,71.0,4.462321620190365,0.047946711964543115,6.166666666666667,3.1786847244343424,0.12077079146924903
CSO-15-7B-JCRAGA-CorrEtiq.txt,160.0,78.0,159.0,20.0,23.0,6.0,6.0,6.0,78.0,78.0,4.076923076923077,0.04329004329004329,8.0,3.410922410922411,0.0471737371058638
CSO-15-8A-VBMABR-CorrEtiq.txt,160.0,71.6,159.0,28.0,32.0,0.4,4.0,8.2,71.6,70.4,4.451619628057984,0.050308571216105456,6.8,3.1985008005898417,0.11919179114668581
CSO-15-8B-KEPOGO-CorrEtiq.txt,160.0,80.5,159.0,20.0,20.5,0.5,0.5,9.5,80.5,79.5,3.957792207792208,0.0434025919124207,7.5,3.434687485416718,0.10151833495989337
CSO-15-9B-ALRIHE-CorrEtiq.txt,160.0,80.5,159.0,20.5,22.0,2.5,1.5,7.0,80.5,80.0,3.950462962962963,0.04203586497890295,7.5,3.4392385528988907,0.11075299469805189
CSO-15-9B-AMSAGO-CorrEtiq.txt,160.0,83.33333333333333,156.33333333333334,17.0,18.666666666666668,0.0,1.6666666666666667,8.0,83.33333333333333,80.0,3.7525365701836293,0.04013689366866782,8.0,3.5768196658404547,0.11504740618224901
CSO-15-9B-JCAPA-CorrEtiq.txt,160.0,76.33333333333333,159.0,20.333333333333332,21.666666666666668,2.3333333333333335,1.3333333333333333,9.0,76.33333333333333,76.0,4.1765020502763415,0.04716425786135181,7.0,3.2510356306398385,0.1333125546420384
CSO-15-9B-KSBEJA-CorrEtiq.txt,160.0,66.33333333333333,159.0,30.0,34.333333333333336,3.0,4.333333333333333,7.333333333333333,66.33333333333333,65.33333333333333,4.812752216750466,0.0565743799073801,6.333333333333333,3.0257675147080576,0.10552030171026966
CSO-15-9B-RMCHLU-CorrEtiq.txt,160.0,71.66666666666667,159.0,27.333333333333332,32.333333333333336,0.6666666666666666,5.0,8.333333333333334,71.66666666666667,71.0,4.440341473099067,0.04980529701126695,6.0,3.0419526224890063,0.14364679698007193
CSO-15-9B-SJAGRO-CorrEtiq.txt,160.0,91.0,159.0,11.0,15.5,0.0,4.5,3.0,91.0,88.0,3.4945054945054945,0.03504273504273504,8.0,3.654822954822955,0.06423695352266781
CSO-16-10A-JEGAHE-CorrEtiq.txt,160.0,71.5,159.0,26.666666666666668,30.333333333333332,1.0,3.6666666666666665,6.666666666666667,71.5,70.16666666666667,4.449487074241078,0.050710357789730987,7.166666666666667,3.173223017736016,0.11209390859669242
CSO-16-10A-MSACO-CorrEtiq.txt,160.0,83.33333333333333,159.0,13.0,14.666666666666666,0.6666666666666666,1.6666666666666667,9.0,83.33333333333333,82.66666666666667,3.81792399319342,0.04195762350793696,7.666666666666667,3.4064680906220324,0.0906477811723716
CSO-16-10A-SARI-CorrEtiq.txt,160.0,74.66666666666667,146.0,23.333333333333332,25.666666666666668,1.6666666666666667,2.3333333333333335,5.0,74.0,67.0,3.9250628405539625,0.0435261478612629,7.333333333333333,3.3877472241521964,0.07949899448079405
CSO-16-10A-SMOUT-CorrEtiq.txt,160.0,80.4,159.0,19.4,22.8,2.6,3.4,9.0,80.4,78.8,3.98227843366807,0.042409198416929195,8.0,3.5409200882789107,0.1076543996010048
CSO-16-10A-YKMUJO-CorrEtiq.txt,160.0,70.5,159.0,22.0,25.0,2.0,3.0,9.0,70.5,70.0,4.538259109311741,0.05475877192982456,6.0,2.917983299595142,0.12046143242666538
CSO-16-10B-JESUGU-CorrEtiq.txt,160.0,84.0,159.0,16.0,17.0,1.0,1.0,10.0,84.0,83.0,3.7857142857142856,0.04044750430292599,6.0,3.251290877796902,0.12652404396101877
CSO-16-10B-LTVIFA-CorrEtiq.txt,160.0,104.0,159.0,5.0,6.5,0.0,1.5,4.0,104.0,103.0,3.0588235294117645,0.02850826861661907,8.0,4.030229861419628,0.03814173094139797
CSO-16-10B-VVILI-CorrEtiq.txt,160.0,80.5,159.0,17.25,20.25,2.0,3.25,5.5,80.5,80.25,3.9605579857394737,0.04289100096678636,7.0,3.396569564903109,0.06771270214966243
CSO-16-10C-ACALGU-CorrEtiq.txt,160.0,78.5,153.5,21.25,24.5,0.0,3.25,6.0,78.5,74.0,3.92630671193083,0.04266940541395972,7.5,3.4103450954511674,0.060624685514202845
CSO-16-10C-MAVAVE-CorrEtiq.txt,160.0,82.8,159.0,15.2,18.2,1.8,3.0,8.0,82.8,82.2,3.8648199359296376,0.04158758363290232,7.6,3.521445101626953,0.07062374931414041
CSO-16-11A-JAVABO-CorrEtiq.txt,160.0,81.5,159.0,21.25,23.0,2.5,2.25,6.0,81.5,80.5,3.906806156806157,0.04079059078266434,6.75,3.379312678043126,0.10855242651752922
CSO-16-11A-JDMUVA-CorrEtiq.txt,160.0,82.66666666666667,159.0,19.666666666666668,22.666666666666668,1.3333333333333333,3.0,7.333333333333333,82.66666666666667,81.33333333333333,3.8569189431258395,0.040317004739926665,7.666666666666667,3.4504736586109814,0.12476922316666661
CSO-16-11A-VZAOR-CorrEtiq.txt,160.0,90.5,153.0,13.0,16.0,3.0,3.5,5.0,89.0,83.5,3.395557191948945,0.033285387499926065,8.5,3.7265926361748996,0.0433253682192718
CSO-16-11B-KRORE-CorrEtiq.txt,160.0,80.0,159.0,21.0,23.0,0.5,2.0,6.0,80.0,78.5,3.9974858579509744,0.04349875989588899,6.5,3.267887052016505,0.08394261316627938
CSO-16-11B-LLOZA-CorrEtiq.txt,160.0,82.5,157.66666666666666,16.333333333333332,19.666666666666668,1.1666666666666667,3.3333333333333335,6.166666666666667,82.16666666666667,81.0,3.8294360096170785,0.0408357316126595,7.166666666666667,3.3846005999963595,0.07202828973318541
CSO-16-11B-YAROMO-CorrEtiq.txt,160.0,87.66666666666667,159.0,13.333333333333334,20.0,2.3333333333333335,7.0,4.666666666666667,87.66666666666667,85.0,3.630284792962278,0.036076971861678686,8.333333333333334,3.7533409042819863,0.0634015947741438
CSO-16-9A-JALEMO-CorrEtiq.txt,160.0,79.33333333333333,159.0,13.0,18.0,0.6666666666666666,5.0,9.333333333333334,79.33333333333333,79.0,4.018419042258052,0.04546491004695339,7.0,3.25021251881933,0.06897902730202397
CSO-16-9A-JPROSO-CorrEtiq.txt,160.0,89.5,159.0,16.5,19.5,3.0,3.0,4.0,89.5,88.0,3.5585146286571643,0.03465665009602784,9.0,3.9844118958128276,0.052581059642199925
CSO-16-9A-JSMAGU-CorrEtiq.txt,160.0,74.5,159.0,24.5,29.0,1.0,4.5,8.0,74.5,73.0,4.277898158179848,0.047260720500157116,6.5,3.1192797812516124,0.1301235435444536
CSO-16-9B-SJPAJI-CorrEtiq.txt,160.0,72.5,159.0,22.25,24.25,1.0,2.0,9.0,72.5,71.0,4.396815358554489,0.051823443673625395,6.5,3.0863397905617584,0.11992707106910384
CSO-17-10A-YVGOCA-CorrEtiq.txt,160.0,72.66666666666667,159.0,19.0,24.666666666666668,0.6666666666666666,5.666666666666667,10.0,72.66666666666667,71.33333333333333,4.390020110608346,0.05159179625291485,6.333333333333333,3.0805646007855754,0.12312932619305168
CSO-17-10B-EHECO-CorrEtiq.txt,160.0,83.0,156.33333333333334,17.333333333333332,20.0,0.6666666666666666,2.6666666666666665,3.3333333333333335,82.0,77.66666666666667,3.7674297655196862,0.039887687714768395,8.0,3.3904824298738645,0.075062086271227
CSO-17-10B-YCQUVE.txt,160.0,73.0,157.85714285714286,24.428571428571427,28.714285714285715,0.7142857142857143,4.285714285714286,7.142857142857143,72.57142857142857,70.42857142857143,4.3776414150746055,0.050166614238743946,7.0,3.2350166773047286,0.08940360436672774
CSO-17-11A-DJAPA-CorrEtiq.txt,160.0,77.8,158.2,18.2,22.4,0.8,4.2,5.6,77.6,77.2,4.082184142046998,0.04544857901499839,7.0,3.2857978481945054,0.07679328025499803
CSO-17-11A-JDAMO-CorrEtiq.txt,160.0,73.0,159.0,22.0,23.0,0.0,1.0,5.5,73.0,72.5,4.376696832579185,0.05233579706801832,7.5,3.191484766331123,0.08360433506078303
CSO-17-11A-NPAHE-CorrEtiq.txt,160.0,78.5,159.0,21.5,24.75,0.5,3.25,6.0,78.5,78.5,4.0558849197298565,0.04402452949141002,6.75,3.220099334416426,0.10524117129909347
CSO-17-11A-RLPAIG-CorrEtiq.txt,160.0,73.5,159.0,22.5,28.75,3.75,7.0,7.5,73.5,72.25,4.344483830845771,0.047705820308423935,6.25,3.155082367001807,0.13543132543846803
CSO-17-11A-SPUVA-CorrEtiq.txt,160.0,70.5,159.0,28.5,31.5,2.0,3.0,9.0,70.5,70.5,4.516317485898469,0.051175094177246985,6.0,3.0393611782612586,0.1552741543606343
CSO-17-11B-CDBEBU-CorrEtiq.txt,160.0,81.66666666666667,159.0,17.333333333333332,21.0,1.0,3.6666666666666665,8.666666666666666,81.66666666666667,81.33333333333333,3.8993302914336176,0.04164269762764975,7.0,3.4124263446009273,0.13060636068612705
CSO-17-11C-JDAAG-CorrEtiq.txt,160.0,86.66666666666667,159.0,13.666666666666666,16.0,0.0,2.3333333333333335,7.666666666666667,86.66666666666667,86.0,3.6737987502693383,0.03862330021082679,7.0,3.4791430319424648,0.07244189397799002
CSO-17-11C-MAPAMA-CorrEtiq.txt,160.0,78.66666666666667,159.0,17.0,21.333333333333332,2.3333333333333335,4.333333333333333,12.666666666666666,78.66666666666667,77.66666666666667,4.063504483692277,0.04486238916966523,6.333333333333333,3.189622157058569,0.14327168692256315
CSO-17-11C-MCAAG-CorrEtiq.txt,160.0,80.2,159.0,19.8,22.6,0.4,2.8,6.8,80.2,78.8,3.966179556667362,0.042831517123479664,7.2,3.4070027429871006,0.06887534878435442
CSO-17-11C-SARJA-CorrEtiq.txt,160.0,73.5,159.0,19.0,22.0,0.5,3.0,11.0,73.5,73.0,4.331541882876205,0.05129619824208408,6.5,3.1045642274700835,0.10723426862149255
CSO-18-11A-ADBAHO-CorrEtiq.txt,160.0,82.66666666666667,159.0,16.0,19.0,0.0,3.0,7.333333333333333,82.66666666666667,80.0,3.858277264903771,0.04170304187703696,7.333333333333333,3.302083627913751,0.12829450714334908
CSO-18-11B-YLLRE-CorrEtiq.txt,160.0,83.2,159.0,18.6,21.2,0.0,2.6,7.4,83.2,82.6,3.8254892890713896,0.04036677711955098,7.8,3.4700890147683845,0.0895012959339383
CSO-18-9B-MAMOLO-CorrEtiq.txt,160.0,81.55555555555556,159.0,25.11111111111111,28.88888888888889,3.3333333333333335,4.0,4.111111111111111,81.55555555555556,80.44444444444444,3.904025850853491,0.0387270909551761,8.222222222222221,3.7233550153085955,0.06714199342844421
CSO-8-3A-AIPRBR-CorrEtiq.txt,160.0,68.0,159.0,27.666666666666668,30.0,3.0,2.3333333333333335,11.0,68.0,67.66666666666667,4.694743038493038,0.05552996160872873,6.0,3.0030171459965977,0.1356982625773964
CSO-8-3A-DAPAVA-CorrEtiq.txt,160.0,71.5,159.0,24.166666666666668,29.666666666666668,3.6666666666666665,6.5,10.333333333333334,71.5,70.66666666666667,4.478583913482091,0.050431154108051456,6.833333333333333,3.24652936354367,0.09177359866021255
CSO-8-3A-KVPECO-CorrEtiq.txt,160.0,73.5,156.0,31.0,32.0,2.5,1.0,11.5,73.0,71.5,4.262541806020067,0.04600833948660036,6.5,3.0695780080286745,0.15641634059792628
CSO-8-4A-ARAGR-CorrEtiq.txt,160.0,78.0,155.0,17.0,20.0,2.0,4.0,8.0,78.0,78.0,3.9743589743589745,0.04428904428904429,7.0,3.335331335331335,0.07948999006691315
CSO-8-4A-JRAAR-CorrEtiq.txt,160.0,64.33333333333333,155.0,29.333333333333332,33.333333333333336,1.3333333333333333,4.0,10.0,64.33333333333333,63.0,4.892030651340996,0.0606380196678268,5.333333333333333,2.753491116389391,0.13273183878832787
CSO-9-2A-EXMOCO-CorrEtiq.txt,160.0,71.5,154.0,30.0,34.0,1.5,4.0,9.5,70.5,66.0,4.316666666666666,0.04722342184150788,7.0,3.2030197703884067,0.13919164588455243
CSO-9-4A-AGAPE-CorrEtiq.txt,160.0,75.0,159.0,23.0,28.0,1.0,5.0,7.0,75.0,74.0,4.24,0.04684684684684685,7.0,3.2778378378378377,0.09583046583046582
CSO-9-4A-DKVIMO-CorrEtiq.txt,160.0,64.66666666666667,158.33333333333334,31.0,34.0,1.3333333333333333,3.0,9.0,64.66666666666667,63.0,4.9059545788197605,0.05996343324456855,6.666666666666667,2.9479437806572624,0.1389164348473095
CSO-9-4A-DSMOMU-CorrEtiq.txt,160.0,84.0,155.5,16.25,17.5,2.75,2.0,4.75,83.25,80.0,3.7228287572224947,0.039387202420311435,7.75,3.547092647542086,0.08421190929601607
CSO-9-4A-DVGATO-CorrEtiq.txt,160.0,73.5,155.0,24.0,27.5,5.5,4.5,6.0,71.5,67.0,4.241437081161578,0.04623340710959208,7.0,3.1962984384037014,0.09111542645412221
CSO-9-4A-EGCAMO-CorrEtiq.txt,160.0,75.33333333333333,159.0,26.666666666666668,31.0,2.0,4.333333333333333,10.0,75.33333333333333,73.33333333333333,4.226259378851714,0.04517718155658159,7.666666666666667,3.330241373678169,0.11007179823781944
CSO-9-4A-FAGIGA-CorrEtiq.txt,160.0,72.0,146.0,16.5,22.0,4.0,5.5,6.5,70.0,67.5,4.05826741269535,0.04696497095204408,6.0,3.1886275024400454,0.0977112402370032
CSO-9-4A-GSBRCO-CorrEtiq.txt,160.0,63.25,159.0,34.25,35.5,5.75,3.0,12.25,63.25,62.25,5.031690599194565,0.05993598218280926,6.0,2.959611443883985,0.13343032641448083
CSO-9-4A-KEMOCO-CorrEtiq.txt,160.0,66.66666666666667,159.0,26.333333333333332,29.0,1.6666666666666667,3.3333333333333335,10.333333333333334,66.66666666666667,66.33333333333333,4.779976977248104,0.058990839624642445,6.0,2.9010223735575846,0.1690717260494199
CSO-9-4A-LCOMO-CorrEtiq.txt,160.0,82.33333333333333,159.0,13.666666666666666,18.333333333333332,1.6666666666666667,4.666666666666667,7.0,82.33333333333333,82.0,3.8679379444085327,0.041588524083208706,8.0,3.4728262524151963,0.06788107628443762
CSO-9-4A-MLORO-CorrEtiq.txt,160.0,69.0,159.0,26.0,27.5,2.0,1.5,11.5,69.0,67.5,4.6125709480765185,0.05532926186699573,6.5,3.0189685375937216,0.12577457213146445
CSO-9-4A-MPAME-CorrEtiq.txt,160.0,72.0,159.0,27.0,32.0,2.0,5.0,6.0,72.0,72.0,4.416666666666667,0.04890453834115806,6.0,3.1173708920187795,0.08412964350464351
CSO-9-4A-NSARPA-CorrEtiq.txt,160.0,78.0,157.66666666666666,18.333333333333332,23.0,1.6666666666666667,4.666666666666667,7.333333333333333,77.66666666666667,76.33333333333333,4.049091285378205,0.04442377093331759,7.0,3.2328412836403704,0.05916940365014683
CSO-9-4A-SLOCA-CorrEtiq.txt,160.0,70.0,159.0,30.333333333333332,32.666666666666664,2.6666666666666665,2.3333333333333335,11.666666666666666,70.0,69.33333333333333,4.556159409680537,0.051406517571142306,6.666666666666667,3.0891172743225126,0.18706902242563783
CSO-9-4A-YVDITR-CorrEtiq.txt,160.0,62.333333333333336,157.66666666666666,42.0,45.0,0.0,3.0,15.333333333333334,62.0,60.666666666666664,5.088934385299111,0.05934810844914742,6.666666666666667,3.0836893274252106,0.17368504523146475
