file,wc,nodes,edges,re,pe,l1,l2,l3,lcc,lsc,atd,density,diameter,asp,cc
CDMS-10-4A-JURAN-CorrEtiq.txt,160.0,79.5,159.0,16.5,22.0,1.0,5.5,4.0,79.5,78.5,4.007767913760304,0.04378499878847869,6.5,3.2404289300977984,0.06122033221685292
CDMS-10-5A-HEPIHO-CorrEtiq.txt,160.0,84.0,157.0,20.0,24.0,0.0,3.0,9.0,84.0,78.0,3.738095238095238,0.03939808481532148,7.0,3.4002735978112173,0.08724747474747473
CDMS-10-5A-KSRAGU-CorrEtiq.txt,160.0,74.0,159.0,20.0,23.0,2.0,3.0,5.0,74.0,73.0,4.297297297297297,0.04961125509070714,7.0,3.172898926323584,0.05146595146595146
CDMS-10-5A-SROPU-CorrEtiq.txt,160.0,76.0,159.0,29.0,33.0,3.0,6.0,3.0,76.0,74.0,4.184210526315789,0.0431578947368421,8.0,3.5094736842105263,0.055680868838763574
CDMS-10-5A-SZURO-CorrEtiq.txt,160.0,79.0,159.0,25.0,27.0,0.0,2.0,5.0,79.0,77.0,4.025316455696203,0.042843232716650435,8.0,3.455249569707401,0.07871387871387872
CDMS-10-5B-SRAJA-CorrEtiq.txt,160.0,77.0,159.0,18.5,21.0,1.0,2.5,12.5,77.0,76.5,4.130566801619433,0.04682773366983893,6.0,2.9359635101740365,0.15649736275096582
CDMS-10-5C-DAAUSA-CorrEtiq.txt,160.0,71.5,159.0,27.0,32.0,1.5,5.5,9.0,71.5,71.5,4.447769953051644,0.04808901719495719,7.0,3.2147466927166866,0.11436862267023247
CDMS-10-5C-ICAPA-CorrEtiq.txt,160.0,59.0,155.0,34.0,40.0,3.0,6.0,15.0,57.0,54.0,5.254237288135593,0.06545879602571596,7.0,2.838972431077694,0.18888813139482186
CDMS-10-5C-JFALGI-CorrEtiq.txt,160.0,72.0,159.0,26.0,30.0,0.0,4.0,8.0,72.0,71.0,4.416666666666667,0.05046948356807512,7.0,3.075117370892019,0.1785220750800461
CDMS-10-5C-MAORTO-CorrEtiq.txt,160.0,64.0,159.0,32.0,38.0,4.5,5.5,11.5,64.0,64.0,4.973607038123167,0.057944329599538484,5.5,2.893786787863996,0.132332378705219
CDMS-10-5C-NBEMO-CorrEtiq.txt,160.0,68.0,159.0,28.0,32.0,4.0,5.0,9.0,68.0,68.0,4.676470588235294,0.05443371378402107,6.0,2.9525899912203686,0.11534946534946534
CDMS-10-6B-ASCACO-CorrEtiq.txt,160.0,65.0,159.0,30.0,31.5,0.0,1.5,15.5,65.0,64.5,4.892307692307693,0.06129807692307693,5.5,2.7908653846153846,0.17975963803314
CDMS-10-6B-JJMOBE-CorrEtiq.txt,160.0,74.0,159.0,22.0,26.0,0.0,5.0,7.0,74.0,73.0,4.297297297297297,0.04924102184376157,6.0,3.155868196964087,0.06365735181524657
CDMS-11-4A-GACHSA-CorrEtiq.txt,160.0,66.0,159.0,32.5,36.0,2.0,4.0,10.0,66.0,66.0,4.835944700460829,0.05687330090337471,6.0,3.104153158745852,0.12914615948199687
CDMS-11-5A-EAARCA-CorrEtiq.txt,160.0,82.0,159.0,22.0,23.0,0.0,1.0,8.0,82.0,81.0,3.8780487804878048,0.04095152062631737,7.0,3.3279132791327912,0.10893302258079879
CDMS-11-5A-MGTHAR-CorrEtiq.txt,160.0,66.0,159.0,33.0,35.5,4.5,3.5,9.0,66.0,65.5,4.822610294117647,0.05554771659907744,7.0,3.015961857379768,0.13107459435303437
CDMS-11-6A-DFVEBE-CorrEtiq.txt,160.0,78.5,157.0,17.5,16.5,7.5,2.5,8.0,78.5,77.0,4.000162284972411,0.043732638669347526,7.0,3.262145027967813,0.10058600680221644
CDMS-11-6A-NMREPR-CorrEtiq.txt,160.0,78.0,159.0,24.0,27.0,0.0,2.0,7.0,78.0,77.0,4.076923076923077,0.04395604395604396,8.0,3.4771894771894774,0.10905556408007389
CDMS-11-6B-ARAHE-CorrEtiq.txt,160.0,72.0,155.0,29.0,29.0,4.0,1.0,6.0,72.0,70.0,4.416666666666667,0.050921861281826165,7.0,3.1677973767526004,0.04863682069564422
CDMS-11-6B-AVROTO-CorrEtiq.txt,160.0,85.0,159.0,12.0,14.0,0.0,2.0,8.0,85.0,83.0,3.7411764705882353,0.04061624649859944,8.0,3.4910364145658264,0.11677998300289322
CDMS-11-6B-EAFESA-CorrEtiq.txt,160.0,71.5,159.0,30.0,33.0,2.0,4.0,6.5,71.5,71.5,4.449510763209393,0.05035306300940608,7.0,3.2094081110705153,0.10033665923371807
CDMS-11-6B-EFRGR-CorrEtiq.txt,160.0,71.0,159.0,36.0,37.0,3.0,1.0,10.0,71.0,68.0,4.47887323943662,0.051106639839034206,7.0,3.2893360160965797,0.09982365052787585
CDMS-11-6B-EROCO-CorrEtiq.txt,160.0,65.0,155.0,23.0,27.0,1.0,4.0,15.0,64.0,64.0,4.769230769230769,0.061057692307692306,6.0,2.9067460317460316,0.15390895654053546
CDMS-11-6B-JACUPE-CorrEtiq.txt,160.0,66.0,157.0,24.5,28.5,6.5,6.5,10.0,65.0,61.5,4.584861407249466,0.054978929652437114,6.0,3.0193409247757073,0.14373143492925705
CDMS-11-6B-JDCHBA-CorrEtiq.txt,160.0,72.5,159.0,25.5,30.5,5.0,7.0,10.5,72.5,72.0,4.386415525114155,0.0484302313117671,6.5,3.2243487677991105,0.12725452250491856
CDMS-11-6B-JFSAHE-CorrEtiq.txt,160.0,81.0,159.0,19.0,23.0,0.0,4.0,2.0,81.0,80.0,3.925925925925926,0.04251866277182733,7.0,3.392300910960917,0.02488949166164356
CDMS-11-6B-JLPENA-CorrEtiq.txt,160.0,73.0,149.0,17.0,19.0,2.0,4.0,13.0,71.0,67.0,4.082191780821918,0.04946727549467275,7.0,3.088933601609658,0.10488460613460611
CDMS-11-6B-JMARME-CorrEtiq.txt,160.0,72.0,158.0,27.0,31.0,0.0,3.0,8.5,72.0,71.5,4.388888888888889,0.048513302034428794,7.0,3.2367281665226875,0.12682409657918142
CDMS-11-6B-JPSAMA-CorrEtiq.txt,160.0,83.0,157.0,15.5,18.5,1.5,3.0,7.0,83.0,80.0,3.7919394733013236,0.04040049901002263,7.0,3.379280672835838,0.10639021934692974
CDMS-11-6B-LESTA-CorrEtiq.txt,160.0,67.5,159.0,26.0,29.0,1.5,3.0,12.5,67.5,67.0,4.711369622475856,0.05724053529145715,6.0,3.013222656769628,0.11836582965056085
CDMS-11-6B-MAGIMU-CorrEtiq.txt,160.0,60.0,159.0,26.0,31.0,0.0,5.0,16.0,60.0,59.0,5.3,0.06604324956165984,6.0,2.967270601987142,0.20661293063166392
CDMS-11-6B-MEBRTA-CorrEtiq.txt,160.0,71.0,159.0,22.0,29.0,4.0,8.0,8.0,71.0,67.0,4.47887323943662,0.05070422535211268,8.0,3.2808853118712276,0.10360437684381346
CDMS-11-6B-MMAMO-CorrEtiq.txt,160.0,77.0,159.0,16.0,19.0,2.0,3.0,6.0,77.0,76.0,4.12987012987013,0.047163362952836636,7.0,3.2408912978018667,0.06269791663221762
CDMS-11-6B-RSECA-CorrEtiq.txt,160.0,70.0,159.0,24.0,28.0,1.0,4.0,11.0,70.0,69.0,4.542857142857143,0.053830227743271224,7.0,2.973767526006332,0.13343958795639468
CDMS-11-6B-SCAPA-CorrEtiq.txt,160.0,81.0,159.0,23.0,24.0,0.0,1.0,6.0,81.0,81.0,3.925925925925926,0.041666666666666664,6.0,3.2790123456790123,0.036917500316193126
CDMS-11-6B-VZAPE-CorrEtiq.txt,160.0,66.0,159.0,33.0,38.0,3.5,5.0,11.0,66.0,65.5,4.835944700460829,0.05490768629434621,7.0,3.0780660927374193,0.10607076743021443
CDMS-11-6B-YLNIME-CorrEtiq.txt,160.0,75.0,159.0,21.0,23.0,0.0,2.0,8.0,75.0,74.0,4.24,0.04900900900900901,6.0,3.186147186147186,0.0934918839330604
CDMS-11-7C-ICARE-CorrEtiq.txt,160.0,72.5,159.0,25.5,27.5,0.5,2.0,12.5,72.5,72.0,4.388085268366959,0.05057624532831942,7.0,3.1648575644909815,0.15829000283225636
CDMS-11-7C-IMOIB-CorrEtiq.txt,160.0,80.5,159.0,17.0,21.0,2.5,3.5,4.0,80.5,79.5,3.950462962962963,0.042973511486169715,7.0,3.365475074230348,0.07958942911965788
CDMS-11-7C-SALMA-CorrEtiq.txt,160.0,75.0,159.0,31.0,33.0,0.0,3.0,8.0,75.0,74.0,4.24,0.04666666666666667,6.0,3.145225225225225,0.078825311942959
CDMS-11-7C-SPGAVE-CorrEtiq.txt,160.0,78.5,155.0,20.0,23.5,4.5,4.0,7.5,76.5,75.0,3.962064474112667,0.04194069239818558,7.5,3.5114806120674666,0.12426482938531133
CDMS-12-5A-SRIGO-CorrEtiq.txt,160.0,75.0,159.0,25.0,26.0,2.0,2.0,5.0,75.0,75.0,4.24,0.046486486486486484,6.0,3.244684684684685,0.08703126503126503
CDMS-12-6A-FAROPA-CorrEtiq.txt,160.0,76.0,159.0,19.0,21.0,2.0,2.0,7.0,76.0,76.0,4.184210526315789,0.045263157894736845,7.0,3.215438596491228,0.10516967470748984
CDMS-12-6A-JGIGA-CorrEtiq.txt,160.0,70.0,159.0,22.5,29.0,1.5,6.5,9.0,70.0,70.0,4.588744588744589,0.05413276593242637,6.5,2.9809231044375357,0.10758465019518723
CDMS-12-6A-JSOTGU-CorrEtiq.txt,160.0,70.0,159.0,25.5,27.5,1.5,2.0,10.0,70.0,69.5,4.542857142857143,0.05314821580806235,7.0,3.110899804765201,0.11528257655804786
CDMS-12-6A-SROAL-CorrEtiq.txt,160.0,76.0,159.0,23.5,25.5,1.0,2.0,8.0,76.0,75.0,4.184210526315789,0.04491228070175439,7.0,3.269601706970128,0.08201157299148988
CDMS-12-6B-IJDAGA-CorrEtiq.txt,160.0,66.0,159.0,24.0,27.0,8.0,6.0,10.0,66.0,66.0,4.818181818181818,0.055944055944055944,6.0,3.008857808857809,0.09635772213897215
CDMS-12-6B-SCLAG-CorrEtiq.txt,160.0,69.0,159.0,28.0,32.0,3.0,5.0,10.0,69.0,67.0,4.608695652173913,0.053821800090456805,6.0,3.1495742317660125,0.07996768489726237
CDMS-12-7C-ARAHE-CorrEtiq.txt,160.0,75.0,159.0,16.0,21.0,0.0,5.0,14.0,75.0,73.0,4.24,0.04972972972972973,7.0,3.1095495495495498,0.16506070226070227
CDMS-12-7C-CATRAR-CorrEtiq.txt,160.0,77.0,157.0,23.0,26.0,0.0,4.0,11.0,77.0,77.0,4.077922077922078,0.045454545454545456,6.0,3.188311688311688,0.08910374137646865
CDMS-12-7C-DLOLO-CorrEtiq.txt,160.0,75.5,159.0,27.0,28.0,0.5,1.0,7.5,75.5,74.0,4.22693661971831,0.046841810355805716,6.5,3.22725052848738,0.13563480219737536
CDMS-12-7C-JSZAOR-CorrEtiq.txt,160.0,80.0,159.0,15.0,19.0,1.0,4.0,7.0,80.0,80.0,3.975,0.0439873417721519,7.0,3.2401898734177217,0.07203596476622792
CDMS-12-7C-MAROBE-CorrEtiq.txt,160.0,80.0,159.0,18.0,21.0,0.0,5.0,7.0,80.0,78.0,3.975,0.043670886075949364,7.0,3.283860759493671,0.11172366446339049
CDMS-12-7C-VQURA-CorrEtiq.txt,160.0,79.5,157.0,18.5,22.5,0.0,3.0,8.5,79.5,77.5,3.9495253164556963,0.042843232716650435,7.0,3.354296494644596,0.09552005659600596
CDMS-13-6B-ASUMO-CorrEtiq.txt,160.0,77.0,149.0,15.0,18.0,1.0,3.0,11.0,76.0,68.0,3.8701298701298703,0.04442925495557074,8.0,3.3473684210526318,0.1009330793135224
CDMS-13-6B-JDTAHE-CorrEtiq.txt,160.0,74.5,155.0,21.0,24.5,3.0,4.0,8.5,73.5,70.0,4.162761355443402,0.04654490106544901,7.5,3.3944376771137335,0.10793546856091918
CDMS-13-7C-MVEAR-CorrEtiq.txt,160.0,67.0,159.0,21.0,22.0,6.0,3.0,8.0,66.0,64.0,4.746268656716418,0.05924920850293985,6.0,2.8986883763003166,0.13972155295684704
CDMS-13-7C-SSOSLO-CorrEtiq.txt,160.0,72.0,158.0,25.0,28.0,3.5,3.5,10.5,71.0,69.0,4.389349797414624,0.05011859589806725,6.0,3.092084382519165,0.14309234760505585
CDMS-14-10A-IMORTO-CorrEtiq.txt,160.0,69.5,159.0,31.5,35.5,0.0,4.0,6.0,69.5,69.5,4.5871731008717305,0.052092047982458936,6.5,3.261169386169386,0.06649882565200124
CDMS-14-10A-JCVANI-CorrEtiq.txt,160.0,86.0,159.0,17.5,21.5,1.5,4.0,3.5,86.0,85.5,3.699675324675325,0.03729607188269424,8.0,3.6616702016898257,0.05096869352095833
CDMS-14-5A-LSDUCO-CorrEtiq.txt,160.0,65.0,159.0,33.0,41.0,1.0,7.0,10.0,65.0,63.0,4.892307692307693,0.05576923076923077,6.0,3.0761501850872555,0.1409745955798587
CDMS-14-6B-KDCAHE-CorrEtiq.txt,160.0,75.0,159.0,24.0,27.0,3.0,6.0,10.0,75.0,73.0,4.24,0.047207207207207204,7.0,3.4852320675105486,0.09175608705020472
CDMS-15-10A-AMALOS-CorrEtiq.txt,160.0,75.0,159.0,19.0,24.0,4.0,5.0,5.0,75.0,75.0,4.24,0.047207207207207204,6.0,3.213850837138508,0.061166710273853134
CDMS-15-10A-JJMACH-CorrEtiq.txt,160.0,81.0,159.0,16.0,19.0,1.0,2.0,7.0,81.0,80.0,3.925925925925926,0.04185486299307437,6.0,3.2108024691358024,0.06855058320199932
CDMS-15-10A-MAALCA-CorrEtiq.txt,160.0,70.0,159.0,21.0,26.0,1.0,4.0,10.0,70.0,70.0,4.542857142857143,0.054244306418219465,6.0,3.0314699792960664,0.12067686281972
CDMS-15-10A-MAALRI-CorrEtiq.txt,160.0,81.5,159.0,19.0,23.5,1.0,4.5,7.5,81.5,81.5,3.9019873532068656,0.0416064438422162,7.5,3.4360245408009638,0.08454420525718231
CDMS-15-10A-SGOMO-CorrEtiq.txt,160.0,84.0,159.0,19.0,20.0,1.0,1.0,7.0,84.0,82.0,3.7857142857142856,0.039586919104991396,7.0,3.4569707401032703,0.09479059300487871
CDMS-15-10A-SHEGA-CorrEtiq.txt,160.0,73.0,159.0,17.0,19.5,0.5,3.5,13.0,73.0,72.0,4.356981981981982,0.052911632450509546,6.0,2.9674680811912357,0.16670900759775442
CDMS-15-11B-JEMOLO-CorrEtiq.txt,160.0,79.0,159.0,22.0,24.0,1.5,3.0,6.0,79.0,78.0,4.025316455696203,0.043062422809258254,7.0,3.360686465433301,0.07276244362028675
CDMS-15-11B-VSAHO-CorrEtiq.txt,160.0,75.5,159.0,26.5,28.5,2.5,3.0,5.0,75.5,75.0,4.234391534391534,0.04609596656698106,7.0,3.323845947396672,0.06557632581364296
CDMS-16-10A-SGALO-CorrEtiq.txt,160.0,75.5,159.0,17.5,21.0,1.0,4.0,8.0,75.5,74.5,4.213583713583714,0.04810568346977864,6.5,3.228866480635887,0.10012304178970846
CDMS-16-11B-NGABE-CorrEtiq.txt,160.0,80.0,159.0,16.0,19.0,1.0,3.0,7.0,80.0,80.0,3.975,0.04335443037974684,7.0,3.4245709123757906,0.07714798275796825
CDMS-17-10A-ASSAMO-CorrEtiq.txt,160.0,90.0,159.0,16.0,17.0,0.0,1.0,7.0,90.0,88.0,3.533333333333333,0.03545568039950062,8.0,3.688888888888889,0.09313942762218623
CDMS-18-7C-VVECA-CorrEtiq.txt,160.0,73.0,159.0,29.0,33.0,1.0,3.0,10.0,73.0,72.0,4.3561643835616435,0.0471841704718417,8.0,3.23972602739726,0.15606305546746285
CDMS-8-4A-DBEVA-CorrEtiq.txt,160.0,63.5,159.0,25.0,29.5,3.5,5.0,16.5,63.5,62.5,5.010669975186104,0.0635801417646341,6.0,2.873419512467966,0.1653860718458952
CDMS-8-4A-DJAVDA-CorrEtiq.txt,160.0,62.5,158.0,33.5,38.0,8.0,6.5,12.0,62.5,62.0,5.056067588325653,0.058262614053201045,7.0,2.9011566904216295,0.16250597913593756
CDMS-8-4A-DOSTR-CorrEtiq.txt,160.0,68.5,159.0,30.0,33.0,3.5,4.5,11.0,68.5,68.5,4.644562899786781,0.05196265987959693,7.0,3.2114559893923946,0.1439311640247815
CDMS-8-4A-LGOPA-CorrEtiq.txt,160.0,69.0,159.0,26.0,31.0,1.0,6.0,13.0,69.0,66.0,4.608695652173913,0.05413469735720375,7.0,3.1223358908780905,0.14456026844464978
CDMS-8-4C-JDBUTU-CorrEtiq.txt,160.0,68.0,159.0,29.0,33.0,9.0,6.0,10.0,68.0,67.0,4.676470588235294,0.051360842844600525,6.0,2.9577464788732395,0.14988014436543848
CDMS-9-4A-ACDUTR-CorrEtiq.txt,160.0,73.0,159.0,27.0,29.0,4.0,3.0,11.0,73.0,72.0,4.3561643835616435,0.04794520547945205,6.0,3.0509893455098935,0.14581606945497302
CDMS-9-4A-CARGA-CorrEtiq.txt,160.0,72.5,159.0,28.0,28.0,2.0,2.0,8.5,72.5,72.0,4.3914285714285715,0.04951037994516255,7.0,3.2110852284509575,0.15188669998996027
CDMS-9-4A-CRAAG-CorrEtiq.txt,160.0,66.5,155.0,27.0,29.5,4.5,3.0,19.5,65.5,63.0,4.674603174603175,0.05558894899708364,6.0,2.8852269668817563,0.2223652016825167
CDMS-9-4A-EROHI-CorrEtiq.txt,160.0,71.0,159.0,28.0,29.0,5.0,2.0,9.0,71.0,70.0,4.47887323943662,0.05191146881287726,7.0,3.33461210571185,0.10459321586082151
CDMS-9-4A-ILOSE-CorrEtiq.txt,160.0,66.0,159.0,31.0,33.0,0.0,1.0,13.0,66.0,64.0,4.818181818181818,0.05874125874125874,6.0,3.0186480186480185,0.13143090569561158
CDMS-9-4A-TGAFR-CorrEtiq.txt,160.0,70.0,159.0,33.0,38.0,2.0,5.5,10.5,70.0,69.0,4.551216520139031,0.04937227519521529,5.5,2.9329638647774,0.1412744528316423
CDMS-9-4C-SCAMO-CorrEtiq.txt,160.0,86.0,155.0,18.0,19.0,1.0,1.0,5.0,85.0,81.0,3.604651162790698,0.036935704514363885,8.0,3.7705882352941176,0.05341202724923655
CDMS-9-5A-ABERO-CorrEtiq.txt,160.0,72.0,159.0,27.0,29.0,3.0,3.0,6.0,72.0,69.0,4.361111111111111,0.04886128364389234,7.0,3.3246376811594205,0.06249067290733956
CDMS-9-5A-PAGACO-CorrEtiq.txt,160.0,67.5,159.0,26.0,30.5,2.5,4.5,7.5,67.5,67.5,4.717582417582418,0.056242036948558685,7.0,3.16838867654085,0.08578600581347834
CDMS-9-5A-VVAAR-CorrEtiq.txt,160.0,69.0,159.0,29.0,36.0,2.0,7.0,10.0,69.0,68.0,4.608695652173913,0.051577152600170505,7.0,3.209718670076726,0.13029810958199703
CDMS-9-5C-JDMADE-CorrEtiq.txt,160.0,75.0,159.0,25.0,25.0,10.0,4.0,6.0,75.0,75.0,4.24,0.044684684684684686,7.0,3.390990990990991,0.12446368446368448
CDMS-9-5C-LVIZAC-CorrEtiq.txt,160.0,79.0,159.0,21.0,24.0,2.0,3.0,11.0,79.0,77.0,4.025316455696203,0.04219409282700422,8.0,3.398896462187601,0.09734095018905146
CDMS-9-5C-MLOGO-CorrEtiq.txt,160.0,73.0,159.0,25.0,27.0,3.0,2.0,16.0,73.0,72.0,4.3561643835616435,0.04984779299847793,9.0,3.4479822288041464,0.21454265270054743
CDMS-9-5C-SCAAG-CorrEtiq.txt,160.0,72.5,157.0,19.5,23.0,1.5,3.5,10.0,71.0,70.5,4.331621004566211,0.051120650845713544,6.5,3.175447613215525,0.07911981921009197
CDMS-XX-10A-VGILO-CorrEtiq.txt,160.0,74.0,159.0,19.0,17.0,6.0,0.0,6.0,74.0,71.0,4.297297297297297,0.04929577464788732,8.0,3.2132543502406516,0.07286859051564934
CDMS-XX-5C-MJSARU-CorrEtiq.txt,160.0,77.5,159.0,22.5,28.5,1.0,6.0,4.5,77.5,76.0,4.104763491005996,0.04370231811271118,7.5,3.276727480824749,0.06588877592616328
CDMS-XX-5C-MPCAQU-CorrEtiq.txt,160.0,66.5,159.0,27.5,30.0,0.0,2.5,12.5,66.5,66.5,4.788722826086957,0.05938299232736573,5.5,2.886552718913652,0.16000051999142872
CDMS-XX-6A-MAGICA-CorrEtiq.txt,160.0,79.5,159.0,20.5,23.5,0.5,2.0,6.0,79.5,78.5,3.9767331433998097,0.042347873049627435,7.0,3.4127279737806053,0.06799264948615598
CDMS-XX-6B-SPUCA-CorrEtiq.txt,160.0,78.0,159.0,24.0,28.0,0.0,4.0,8.0,78.0,77.0,4.076923076923077,0.041625041625041624,6.0,3.2748490945674043,0.12621450709686005
CSO-10-4A-ICAPA-CorrEtiq.txt,160.0,67.5,158.0,29.5,34.0,1.0,5.0,8.5,67.5,67.5,4.711369622475856,0.056143081384521246,5.5,3.007329640438743,0.15776720573534822
CSO-10-4A-KCOMO-CorrEtiq.txt,160.0,69.0,159.0,27.0,33.0,3.0,5.0,10.0,69.0,69.0,4.608695652173913,0.054987212276214836,7.0,3.054728370221328,0.13111422388664792
CSO-10-4A-LRAVI-CorrEtiq.txt,160.0,70.0,155.0,31.0,38.0,0.0,7.0,12.0,68.0,67.0,4.428571428571429,0.0484472049689441,7.0,3.095697980684811,0.18276016598997966
CSO-10-4A-LSCAVA-CorrEtiq.txt,160.0,84.0,159.0,26.5,33.0,0.0,6.5,4.0,84.0,83.5,3.790549169859515,0.03616086013840625,8.5,3.9588982694268715,0.08765866364844654
CSO-10-5A-ACAVA-CorrEtiq.txt,160.0,83.5,159.0,17.0,18.5,4.0,2.0,5.5,83.5,83.0,3.819476409666283,0.03983854425801174,7.5,3.455454809994312,0.05507839050060902
CSO-10-5A-ARACA-CorrEtiq.txt,160.0,75.0,151.0,22.0,22.0,1.0,1.0,4.0,74.0,71.0,3.973684210526316,0.044684684684684686,10.0,3.4825225225225225,0.053853257853257855
CSO-10-5A-DABRZA-CorrEtiq.txt,160.0,66.5,159.0,34.0,38.5,2.5,5.0,11.0,66.5,65.0,4.784389140271493,0.05417372172749697,6.5,3.0878699116462505,0.13647847753051373
CSO-10-5A-GZAMA-CorrEtiq.txt,160.0,73.0,159.0,24.0,25.5,0.0,2.0,7.5,73.0,72.5,4.301369863013699,0.04947118020145225,7.0,3.195142796801052,0.1071704382994639
CSO-10-5A-IPECA-CorrEtiq.txt,160.0,73.0,159.0,23.5,27.0,0.5,3.5,10.5,73.0,73.0,4.35943661971831,0.05016295974042453,6.0,3.0552910254318704,0.10983806345481659
CSO-10-5A-JANORO-CorrEtiq.txt,160.0,80.0,155.0,16.0,21.0,1.0,6.0,9.0,80.0,75.0,3.9240506329113924,0.04251866277182733,8.0,3.334998334998335,0.12045818764568765
CSO-10-5A-JBUVE-CorrEtiq.txt,160.0,82.0,159.0,21.5,24.0,2.0,2.5,4.5,82.0,82.0,3.880357142857143,0.04007621807301539,7.0,3.461927275104033,0.06823916687887276
CSO-10-5A-JJSEMO-CorrEtiq.txt,160.0,68.5,158.0,28.5,31.5,1.0,3.0,7.5,68.5,67.5,4.6147121535181235,0.05437381134980097,6.5,2.996918288287529,0.10598098565907685
CSO-10-5A-JLCARI-CorrEtiq.txt,160.0,82.0,155.0,15.0,17.0,1.0,2.0,4.0,81.0,79.0,3.7804878048780486,0.04125263474856971,7.0,3.46358024691358,0.08326673326673324
CSO-10-5A-MAARAN-CorrEtiq.txt,160.0,64.5,159.0,36.0,38.0,1.0,2.5,15.0,64.5,64.5,4.932900432900433,0.05864182980345013,6.5,3.007510477587204,0.2258801493920542
CSO-10-5A-MAOSMO-CorrEtiq.txt,160.0,81.5,159.0,19.0,21.0,0.5,2.0,4.5,81.5,78.5,3.9019873532068656,0.04250273480231286,8.0,3.5795010556982327,0.06326045649161867
CSO-10-5A-RVMOIB-CorrEtiq.txt,160.0,79.0,159.0,16.0,19.0,1.0,1.0,7.5,79.0,78.5,4.031129653401797,0.045263633338087764,6.5,3.2168137371432195,0.08689996308600961
CSO-10-5A-SVHEES-CorrEtiq.txt,160.0,69.0,159.0,23.5,25.0,4.5,2.0,11.0,69.0,68.5,4.633023648648649,0.0551228821776767,6.0,2.9350811795161107,0.1522776576227921
CSO-11-5A-MDVOSPE-CorrEtiq.txt,160.0,68.0,157.0,28.0,29.0,1.0,2.0,9.0,68.0,68.0,4.617647058823529,0.0553116769095698,7.0,3.1106233538191397,0.1286063609593021
CSO-11-5A-MTAGA-CorrEtiq.txt,160.0,76.0,159.0,18.0,21.0,2.0,3.0,5.0,76.0,76.0,4.184210526315789,0.0456140350877193,8.0,3.384561403508772,0.05700619641796112
CSO-11-6A-CAPAMU-CorrEtiq.txt,160.0,84.0,154.0,16.5,18.0,1.5,1.0,5.5,82.0,74.5,3.666666666666667,0.03843947217441193,8.5,3.619993977717555,0.06699890717747861
CSO-11-6A-DSCACH-CorrEtiq.txt,160.0,87.0,159.0,14.5,15.0,0.5,0.5,4.0,87.0,87.0,3.6629153978551567,0.03844431599353727,7.0,3.4226041304501487,0.04765797388343163
CSO-11-6A-EROMO-CorrEtiq.txt,160.0,78.0,159.0,25.0,34.0,0.0,9.0,5.0,78.0,76.0,4.076923076923077,0.041625041625041624,8.0,3.4072594072594073,0.06068487293183649
CSO-11-6A-FSOVRE-CorrEtiq.txt,160.0,68.0,159.0,30.5,33.0,1.5,5.0,9.5,68.0,66.5,4.692708333333334,0.05540185557791191,6.0,3.089435921082048,0.11600042029729532
CSO-11-6B-ANREVA-CorrEtiq.txt,160.0,76.0,159.0,26.0,28.0,1.0,3.0,9.0,76.0,74.0,4.184210526315789,0.0456140350877193,7.0,3.1266666666666665,0.09353825558644836
CSO-11-6B-DISEMO-CorrEtiq.txt,160.0,83.0,151.0,17.0,20.0,0.0,3.0,7.0,81.0,72.0,3.63855421686747,0.03849544519541581,8.0,3.6481481481481484,0.08001891013939207
CSO-11-6B-LHFDLACH-CorrEtiq.txt,160.0,77.0,157.0,25.0,29.5,2.0,4.5,4.0,77.0,75.0,4.079284750337382,0.04292672240040661,7.5,3.4986904323746426,0.052714491941946544
CSO-11-6B-RJGIHE-CorrEtiq.txt,160.0,73.0,159.0,17.0,18.0,3.0,3.0,14.0,73.0,72.0,4.3561643835616435,0.05213089802130898,6.0,2.948249619482496,0.21141581930742145
CSO-11-6B-SFLVA-CorrEtiq.txt,160.0,70.0,159.0,23.0,28.0,7.0,6.0,11.0,70.0,68.0,4.542857142857143,0.05134575569358178,7.0,3.1734989648033127,0.13613794935223505
CSO-11-6B-VCOMA-CorrEtiq.txt,160.0,82.0,159.0,21.5,24.5,1.5,3.5,5.0,82.0,81.0,3.892521271831617,0.04042881315704512,7.0,3.457838342667195,0.06742985726176924
CSO-12-6A-DGISE-CorrEtiq.txt,160.0,80.0,159.0,17.5,19.5,8.5,4.5,4.5,80.0,79.5,3.9974858579509744,0.04178439256676987,7.0,3.447941761449248,0.05471066924555297
CSO-12-6A-FJOVRE-CorrEtiq.txt,160.0,73.0,155.0,21.0,24.0,2.0,3.0,11.0,72.0,68.0,4.305555555555555,0.0502283105022831,6.0,2.979264475743349,0.1283173941068678
CSO-12-6B-GQULO-CorrEtiq.txt,160.0,68.0,159.0,30.0,34.0,5.0,4.0,6.0,68.0,67.0,4.676470588235294,0.050921861281826165,8.0,3.273046532045654,0.1019114463967405
CSO-12-6B-LJHEFE-CorrEtiq.txt,160.0,79.0,159.0,19.0,24.0,2.0,4.0,7.0,79.0,78.0,4.025316455696203,0.04305931948208371,6.0,3.3044263775971094,0.10068609309115638
CSO-12-6B-VPAMA-CorrEtiq.txt,160.0,60.0,135.0,34.0,35.0,2.0,1.0,7.0,58.0,49.0,4.5,0.05536723163841808,7.0,3.2546884452510585,0.08664085914085914
CSO-12-7A-DALRE-CorrEtiq.txt,160.0,66.0,157.0,33.0,36.0,3.0,3.0,10.0,66.0,65.0,4.757575757575758,0.05501165501165501,7.0,3.1447115384615385,0.1735447967065614
CSO-12-7A-ESALA-CorrEtiq.txt,160.0,69.0,159.0,27.0,30.0,0.0,3.0,6.0,69.0,69.0,4.608695652173913,0.054987212276214836,6.0,2.9607843137254903,0.09099686427052156
CSO-12-7A-IMERO-CorrEtiq.txt,160.0,78.5,159.0,20.0,25.0,2.0,5.0,8.5,78.5,76.5,4.052435064935065,0.04392980437284234,7.5,3.4866137942670257,0.08874850000924293
CSO-12-7A-JHEZA-CorrEtiq.txt,160.0,85.0,152.0,15.5,19.0,3.0,4.0,8.0,83.5,79.0,3.576470588235294,0.036414565826330535,8.5,3.6699270951401424,0.11559390148490495
CSO-12-7A-LSARAR-CorrEtiq.txt,160.0,69.5,159.0,29.0,34.5,0.0,5.5,7.5,69.5,69.5,4.5757763975155274,0.052320058458165876,6.0,3.1056387772500305,0.13033071111624273
CSO-12-7A-SCAHO-CorrEtiq.txt,160.0,81.0,159.0,25.0,30.0,1.0,4.0,8.0,81.0,78.0,3.925925925925926,0.03974706413730804,10.0,3.841011743450768,0.07767979619831472
CSO-12-7B-DVAGRO-CorrEtiq.txt,160.0,80.0,159.0,21.0,25.0,4.0,5.0,7.0,80.0,80.0,3.975,0.041455696202531644,7.0,3.420886075949367,0.05028232636928289
CSO-12-7B-SMUGU-CorrEtiq.txt,160.0,69.5,159.0,24.0,25.0,2.0,1.0,8.5,69.5,69.5,4.577671913835957,0.05545900512822324,6.0,2.954803712529788,0.10318312808283592
CSO-12-7B-SSARA-CorrEtiq.txt,160.0,81.0,159.0,20.0,23.0,3.0,3.0,6.0,81.0,79.0,3.925925925925926,0.041666666666666664,8.0,3.5775316455696204,0.033123118308303494
CSO-12-7B-VHOMA-CorrEtiq.txt,160.0,87.0,159.0,16.0,18.0,2.0,1.0,4.0,87.0,85.0,3.6551724137931036,0.0363539160652232,9.0,3.5565356856455494,0.0869683557183557
CSO-12-8A-YTOME-CorrEtiq.txt,160.0,68.5,159.0,27.0,30.5,0.0,3.5,11.0,68.5,68.0,4.65448717948718,0.05586967316720838,5.5,3.0367224178403758,0.15468775610178326
CSO-13-6A-ANASA-CorrEtiq.txt,160.0,83.0,159.0,21.0,25.5,0.5,3.5,4.0,83.0,83.0,3.833551198257081,0.03950469507355052,7.5,3.538987688098495,0.05630831511789465
CSO-13-6B-JETAVE-CorrEtiq.txt,160.0,69.0,159.0,35.0,36.0,1.0,2.0,11.0,69.0,66.0,4.608695652173913,0.051577152600170505,6.0,3.061381074168798,0.10502236978209516
CSO-13-6B-LFMIES-CorrEtiq.txt,160.0,78.0,155.0,23.0,26.0,1.5,3.0,8.0,74.0,72.0,3.980246913580247,0.04263596930263597,8.0,3.326944547287013,0.1357907784138721
CSO-13-6B-LJMAHU-CorrEtiq.txt,160.0,62.0,153.0,47.0,52.0,0.0,4.0,1.0,62.0,61.0,5.0,0.05136612021857923,7.0,3.2552973342447027,0.05637759326283917
CSO-13-7A-CAPAMU-CorrEtiq.txt,160.0,74.5,157.0,24.5,30.5,4.5,6.0,6.5,74.5,73.5,4.214954954954955,0.04560553704389321,7.0,3.4718665384923497,0.08291296062380399
CSO-13-7A-CDDITR-CorrEtiq.txt,160.0,80.5,159.0,19.5,21.0,0.5,1.5,7.5,80.5,80.0,3.9516826180920037,0.04298645983322324,7.0,3.3746558957529422,0.06682956209634741
CSO-13-7A-JJATFL-CorrEtiq.txt,160.0,79.0,159.0,20.0,24.0,1.0,4.0,8.5,79.0,77.5,4.025961538461538,0.04350528163819303,6.5,3.057693150731126,0.11470006044525274
CSO-13-7A-KRAMA-CorrEtiq.txt,160.0,71.5,159.0,25.5,29.5,2.0,4.0,6.0,71.5,71.0,4.449510763209393,0.050714238445030584,6.0,3.0810844985204726,0.09031324625517095
CSO-13-7A-RXCHLU-CorrEtiq.txt,160.0,74.0,159.0,13.0,16.0,0.0,3.0,8.0,74.0,74.0,4.297297297297297,0.052943354313217325,5.0,2.8955942243613477,0.12582138503191134
CSO-13-7A-YAMEZA-CorrEtiq.txt,160.0,76.5,159.0,19.5,23.5,1.0,4.0,7.0,76.5,76.0,4.158461538461538,0.04702632525417336,7.0,3.250394206732235,0.0886259950999655
CSO-13-7A-YBOSO-CorrEtiq.txt,160.0,77.0,139.0,22.0,24.0,3.0,2.0,4.0,73.0,50.0,3.6103896103896105,0.03827751196172249,10.0,3.912861491628615,0.07329748173904017
CSO-13-8A-KIGAGU-CorrEtiq.txt,160.0,69.5,159.0,28.0,30.0,7.5,3.5,6.0,69.5,68.5,4.5757763975155274,0.051029107295091955,6.0,3.1121178906345146,0.12323004410283028
CSO-13-8A-MBUAN-CorrEtiq.txt,160.0,79.0,159.0,22.0,25.0,3.0,3.0,3.0,79.0,79.0,4.025316455696203,0.04316780266147355,8.0,3.5293735800064914,0.06599449932783266
CSO-13-8A-MGAAN-CorrEtiq.txt,160.0,82.0,159.0,22.0,26.0,1.0,4.0,4.0,82.0,81.0,3.8780487804878048,0.03949579831932773,7.0,3.359530261969286,0.07904383198500846
CSO-13-8A-MGAHE-CorrEtiq.txt,160.0,75.0,159.0,22.5,23.0,1.0,0.5,7.0,75.0,75.0,4.252094847566411,0.048669034655841575,6.0,3.195924598222245,0.08495405758169843
CSO-13-8A-MJAGA-CorrEtiq.txt,160.0,68.0,159.0,33.0,32.0,9.0,6.0,8.0,68.0,68.0,4.676470588235294,0.05004389815627744,6.0,3.1474978050921862,0.11413630229419702
CSO-13-8A-VHODU-CorrEtiq.txt,160.0,74.0,159.0,18.0,22.0,2.0,3.0,9.0,74.0,74.0,4.297297297297297,0.049981488337652716,7.5,3.0800856808960226,0.13901030549588986
CSO-13-8B-FCJISA-CorrEtiq.txt,160.0,84.0,159.0,17.5,19.5,0.5,2.0,8.0,84.0,83.5,3.7862508858965276,0.03989094315363524,8.0,3.520240873310829,0.10373019107646198
CSO-13-8B-JEMABE-CorrEtiq.txt,160.0,64.0,155.0,38.0,40.0,2.0,2.0,6.0,63.0,61.0,4.71875,0.05406746031746032,6.0,2.933333333333333,0.12918147733114838
CSO-13-9B-DMLLLU-CorrEtiq.txt,160.0,74.0,159.0,23.0,25.0,3.0,2.0,10.0,74.0,74.0,4.297297297297297,0.04850055534987042,6.0,3.0377637911884485,0.10587576640208218
CSO-14-7A-MVEBE-CorrEtiq.txt,160.0,74.0,159.0,16.0,18.0,2.0,2.0,11.0,74.0,74.0,4.297297297297297,0.05146242132543503,6.0,2.8852276934468715,0.17657067539420482
CSO-14-7B-EALHU-CorrEtiq.txt,160.0,75.0,159.0,26.0,29.0,0.0,3.0,8.0,75.0,73.0,4.24,0.04576576576576576,6.0,3.2066210045662102,0.11058661416556154
CSO-14-7B-EVEGO-CorrEtiq.txt,160.0,81.5,159.0,19.5,22.5,0.0,3.0,6.5,81.5,80.5,3.9019873532068656,0.04041977692678055,8.0,3.514028991190803,0.09149163228985845
CSO-14-8A-AQUMA-CorrEtiq.txt,160.0,72.0,159.0,18.0,22.0,0.5,4.0,9.5,72.0,71.0,4.42007722007722,0.05351832731225227,5.5,2.886540373437336,0.1379876441220979
CSO-14-8A-MCIDOS-CorrEtiq.txt,160.0,77.0,147.0,21.0,23.5,1.5,3.0,10.5,72.5,64.5,3.8199324324324326,0.04172669287980542,7.5,3.4144285906582312,0.09966543591543592
CSO-14-8A-SZARA-CorrEtiq.txt,160.0,72.0,159.0,26.0,31.0,5.0,5.0,3.0,72.0,72.0,4.416666666666667,0.04890453834115806,7.0,3.269534679543459,0.06488042955434259
CSO-14-8B-JLLORA-CorrEtiq.txt,160.0,75.5,159.0,21.5,24.0,3.0,3.0,11.5,75.5,74.5,4.22693661971831,0.047316493900109516,6.5,3.2143111835570384,0.1343863607537271
CSO-14-9A-AEDCAGO-CorrEtiq.txt,160.0,86.0,157.0,13.5,19.0,2.0,4.0,6.0,85.5,81.5,3.6511627906976742,0.03761969904240766,7.5,3.551192104748876,0.07797761404122552
CSO-14-9A-HASACA-CorrEtiq.txt,160.0,76.0,159.0,22.0,26.5,1.0,4.5,3.5,76.0,75.5,4.184210526315789,0.04614035087719298,6.5,3.1803508771929825,0.06054817950593573
CSO-14-9A-JSMAAL-CorrEtiq.txt,160.0,76.0,159.0,20.0,24.0,4.0,4.0,9.0,76.0,75.0,4.131578947368421,0.04477101845522898,7.0,3.3164912280701753,0.12559091416432136
CSO-14-9A-MARJA-CorrEtiq.txt,160.0,75.0,159.0,19.0,21.0,0.0,2.0,10.0,75.0,75.0,4.24,0.04908675799086758,8.0,3.3595890410958904,0.138999960555158
CSO-14-9A-SORZU-CorrEtiq.txt,160.0,71.0,155.0,26.0,32.0,3.0,6.0,11.0,70.0,70.0,4.366197183098592,0.04788732394366197,7.0,3.2339544513457557,0.10970747240424125
CSO-14-9B-ERAGA-CorrEtiq.txt,160.0,66.0,159.0,23.0,27.0,3.0,7.0,14.0,65.0,60.0,4.818181818181818,0.06013986013986014,6.0,2.8768361581920905,0.17424228573961195
CSO-14-9B-MFEGA-CorrEtiq.txt,160.0,73.5,159.0,23.0,28.0,3.5,6.0,11.0,73.5,72.0,4.342809364548495,0.04819285573761277,6.5,3.1595471876801797,0.11714992459644397
CSO-15-10A-LJRAGU-CorrEtiq.txt,160.0,72.0,157.0,28.0,30.0,0.0,1.0,11.0,72.0,70.0,4.361111111111111,0.04929577464788732,6.0,3.0508607198748043,0.13436348283162008
CSO-15-10A-MAARLO-CorrEtiq.txt,160.0,71.0,157.0,18.0,22.0,3.0,3.0,11.0,71.0,71.0,4.422535211267606,0.0517503805175038,7.0,3.086519114688129,0.1639606872001238
CSO-15-10A-SFEGA-CorrEtiq.txt,160.0,69.5,151.0,31.0,35.5,1.5,4.5,7.5,67.5,66.0,4.345548654244306,0.04789915966386554,5.5,3.141910767020512,0.09445109708354138
CSO-15-10B-MEBUAR-CorrEtiq.txt,160.0,78.0,159.0,22.0,26.0,0.0,7.0,8.0,78.0,78.0,4.076923076923077,0.04495504495504495,8.0,3.2789193302891935,0.1202610255241834
CSO-15-10B-YVBUAN-CorrEtiq.txt,160.0,75.5,155.0,18.0,19.5,1.0,1.5,8.0,74.5,74.5,4.110467158412364,0.047972195232469206,6.5,3.1850412683437144,0.0928858103016293
CSO-15-10C-ALBAHO-CorrEtiq.txt,160.0,75.0,159.0,24.0,27.0,4.0,4.0,6.0,75.0,75.0,4.24,0.04631578947368421,7.0,3.256842105263158,0.06962340491752257
CSO-15-10C-SSCAMO-CorrEtiq.txt,160.0,77.0,159.0,27.0,33.0,2.0,5.0,5.0,77.0,77.0,4.12987012987013,0.04272151898734177,8.0,3.401913875598086,0.07342694342694342
CSO-15-11C-JETALO-CorrEtiq.txt,160.0,71.0,159.0,28.0,37.0,3.0,9.5,7.5,71.0,70.5,4.479761904761904,0.04888736378862385,6.0,3.1390495144781734,0.12706354492068778
CSO-15-7B-JCRAGA-CorrEtiq.txt,160.0,78.0,159.0,20.0,23.0,6.0,6.0,6.0,78.0,78.0,4.076923076923077,0.04329004329004329,8.0,3.410922410922411,0.0471737371058638
CSO-15-8A-VBMABR-CorrEtiq.txt,160.0,73.0,159.0,26.0,29.0,0.0,4.0,8.0,73.0,72.0,4.3561643835616435,0.04984779299847793,7.0,3.1967275494672753,0.10869370579281941
CSO-15-8B-KEPOGO-CorrEtiq.txt,160.0,80.5,159.0,20.0,20.5,0.5,0.5,9.5,80.5,79.5,3.957792207792208,0.0434025919124207,7.5,3.434687485416718,0.10151833495989337
CSO-15-9B-ALRIHE-CorrEtiq.txt,160.0,80.5,159.0,20.5,22.0,2.5,1.5,7.0,80.5,80.0,3.950462962962963,0.04203586497890295,7.5,3.4392385528988907,0.11075299469805189
CSO-15-9B-AMSAGO-CorrEtiq.txt,160.0,84.0,157.0,17.0,18.0,0.0,1.0,7.0,84.0,79.0,3.7777777777777777,0.04073436603557085,8.0,3.587962962962963,0.10886114546828833
CSO-15-9B-JCAPA-CorrEtiq.txt,160.0,79.0,159.0,19.0,20.0,2.0,1.0,9.0,79.0,78.0,4.025316455696203,0.0451152223304122,7.0,3.2554365465757873,0.1283791326044847
CSO-15-9B-KSBEJA-CorrEtiq.txt,160.0,67.0,159.0,29.0,33.0,4.0,4.0,6.0,67.0,67.0,4.746268656716418,0.05563093622795115,6.0,3.085714285714286,0.11756878397309219
CSO-15-9B-RMCHLU-CorrEtiq.txt,160.0,73.0,159.0,27.0,32.0,1.0,5.0,8.0,73.0,71.0,4.3561643835616435,0.04946727549467275,6.0,2.997336377473364,0.16009517611048638
CSO-15-9B-SJAGRO-CorrEtiq.txt,160.0,91.0,159.0,11.0,15.5,0.0,4.5,3.0,91.0,88.0,3.4945054945054945,0.03504273504273504,8.0,3.654822954822955,0.06423695352266781
CSO-16-10A-JEGAHE-CorrEtiq.txt,160.0,71.0,159.0,26.5,30.0,1.0,3.5,7.0,71.0,70.0,4.47887323943662,0.05070422535211268,7.5,3.18335811973289,0.1081780646921492
CSO-16-10A-MSACO-CorrEtiq.txt,160.0,82.0,159.0,12.0,15.0,1.0,2.0,9.0,82.0,82.0,3.8780487804878048,0.04336043360433604,7.0,3.33935561577838,0.0909443269908386
CSO-16-10A-SARI-CorrEtiq.txt,160.0,76.0,146.0,23.0,27.0,2.0,2.0,5.0,76.0,66.0,3.973684210526316,0.0431578947368421,8.0,3.4150877192982456,0.08593530239099859
CSO-16-10A-SMOUT-CorrEtiq.txt,160.0,84.0,159.0,19.0,20.0,3.0,3.0,9.0,84.0,84.0,3.7857142857142856,0.039586919104991396,8.0,3.615296803652968,0.10958776673062387
CSO-16-10A-YKMUJO-CorrEtiq.txt,160.0,70.5,159.0,22.0,25.0,2.0,3.0,9.0,70.5,70.0,4.538259109311741,0.05475877192982456,6.0,2.917983299595142,0.12046143242666538
CSO-16-10B-JESUGU-CorrEtiq.txt,160.0,84.0,159.0,16.0,17.0,1.0,1.0,10.0,84.0,83.0,3.7857142857142856,0.04044750430292599,6.0,3.251290877796902,0.12652404396101877
CSO-16-10B-LTVIFA-CorrEtiq.txt,160.0,104.0,159.0,5.0,6.5,0.0,1.5,4.0,104.0,103.0,3.0588235294117645,0.02850826861661907,8.0,4.030229861419628,0.03814173094139797
CSO-16-10B-VVILI-CorrEtiq.txt,160.0,79.5,159.0,18.0,21.5,1.5,3.0,4.5,79.5,79.0,4.001424501424501,0.04359513942847276,7.0,3.3629889538661466,0.0633640748019833
CSO-16-10C-ACALGU-CorrEtiq.txt,160.0,80.0,154.0,18.5,22.5,0.0,3.0,5.5,80.0,73.5,3.82614133833646,0.041304224231053496,7.0,3.393815574097264,0.058870981575414885
CSO-16-10C-MAVAVE-CorrEtiq.txt,160.0,83.0,159.0,15.0,18.0,1.0,3.0,7.0,83.0,82.0,3.8313253012048194,0.041140170437848955,7.0,3.4673684210526314,0.07342197276407803
CSO-16-11A-JAVABO-CorrEtiq.txt,160.0,82.5,159.0,21.0,22.0,3.0,2.0,5.0,82.5,81.0,3.855820105820106,0.040659463249824696,7.0,3.3595766664541764,0.10259313731535954
CSO-16-11A-JDMUVA-CorrEtiq.txt,160.0,84.0,159.0,19.0,23.0,1.0,4.0,7.0,84.0,83.0,3.7857142857142856,0.0387263339070568,8.0,3.4629948364888126,0.15439452322569205
CSO-16-11A-VZAOR-CorrEtiq.txt,160.0,90.5,153.0,13.0,16.0,3.0,3.5,5.0,89.0,83.5,3.395557191948945,0.033285387499926065,8.5,3.7265926361748996,0.0433253682192718
CSO-16-11B-KRORE-CorrEtiq.txt,160.0,80.0,159.0,21.0,23.0,0.5,2.0,6.0,80.0,78.5,3.9974858579509744,0.04349875989588899,6.5,3.267887052016505,0.08394261316627938
CSO-16-11B-LLOZA-CorrEtiq.txt,160.0,82.0,159.0,17.0,21.5,0.5,3.0,6.5,82.0,81.5,3.8786256135653727,0.04066877265158193,7.0,3.3797584063771935,0.07324777667477247
CSO-16-11B-YAROMO-CorrEtiq.txt,160.0,87.0,159.0,13.0,20.0,3.0,7.0,4.0,87.0,85.0,3.6551724137931036,0.03688853247794707,8.0,3.644480085538626,0.05764790764790764
CSO-16-9A-JALEMO-CorrEtiq.txt,160.0,77.0,159.0,12.0,18.0,1.0,5.0,10.0,77.0,76.0,4.12987012987013,0.04784688995215311,7.0,3.1551606288448393,0.06434899876458319
CSO-16-9A-JPROSO-CorrEtiq.txt,160.0,89.5,159.0,16.5,19.5,3.0,3.0,4.0,89.5,88.0,3.5585146286571643,0.03465665009602784,9.0,3.9844118958128276,0.052581059642199925
CSO-16-9A-JSMAGU-CorrEtiq.txt,160.0,74.5,159.0,24.5,29.0,1.0,4.5,8.0,74.5,73.0,4.277898158179848,0.047260720500157116,6.5,3.1192797812516124,0.1301235435444536
CSO-16-9B-SJPAJI-CorrEtiq.txt,160.0,72.0,159.0,22.0,24.0,1.0,2.0,9.5,72.0,70.5,4.424347826086956,0.05235847100297228,6.5,3.125843413746227,0.11907216963998804
CSO-17-10A-YVGOCA-CorrEtiq.txt,160.0,72.0,159.0,21.0,28.0,1.0,6.0,11.0,72.0,71.0,4.416666666666667,0.05086071987480438,7.0,3.1310641627543037,0.13145400351282704
CSO-17-10B-EHECO-CorrEtiq.txt,160.0,83.0,155.0,19.0,21.0,1.0,2.0,4.0,83.0,78.0,3.7804878048780486,0.04034929238181271,8.0,3.3433544303797467,0.07757523600897095
CSO-17-10B-YCQUVE.txt,160.0,75.0,159.0,22.0,28.0,1.0,3.0,7.0,74.0,70.0,4.1866666666666665,0.046486486486486484,7.0,3.1821547574972233,0.10763180610239433
CSO-17-11A-DJAPA-CorrEtiq.txt,160.0,79.0,159.0,18.0,22.0,1.0,4.0,5.0,79.0,79.0,4.025316455696203,0.0456140350877193,7.0,3.2658227848101267,0.06025234927673953
CSO-17-11A-JDAMO-CorrEtiq.txt,160.0,73.0,159.0,22.0,23.0,0.0,1.0,5.5,73.0,72.5,4.376696832579185,0.05233579706801832,7.5,3.191484766331123,0.08360433506078303
CSO-17-11A-NPAHE-CorrEtiq.txt,160.0,79.5,159.0,20.5,24.5,0.5,4.0,6.0,79.5,79.5,4.000158227848101,0.04453911067835119,6.5,3.2291998048276587,0.10458437826084885
CSO-17-11A-RLPAIG-CorrEtiq.txt,160.0,73.5,159.0,24.0,30.5,4.0,7.5,7.5,73.5,72.0,4.328333333333333,0.0469593537199171,6.0,3.160696351102395,0.13545382245952922
CSO-17-11A-SPUVA-CorrEtiq.txt,160.0,70.5,159.0,28.5,31.5,2.0,3.0,9.0,70.5,70.5,4.516317485898469,0.051175094177246985,6.0,3.0393611782612586,0.1552741543606343
CSO-17-11B-CDBEBU-CorrEtiq.txt,160.0,80.0,159.0,19.0,24.0,1.0,4.0,8.0,80.0,79.0,3.975,0.04208860759493671,7.0,3.3753164556962023,0.1444695371507957
CSO-17-11C-JDAAG-CorrEtiq.txt,160.0,85.0,159.0,13.0,16.0,0.0,3.0,7.0,85.0,85.0,3.7411764705882353,0.04005602240896359,7.0,3.4327731092436973,0.06984959772226854
CSO-17-11C-MAPAMA-CorrEtiq.txt,160.0,81.0,159.0,14.0,20.0,2.0,5.0,13.0,81.0,78.0,3.925925925925926,0.042283950617283954,6.0,3.1978395061728393,0.11196303696303696
CSO-17-11C-MCAAG-CorrEtiq.txt,160.0,80.0,159.0,19.0,20.0,0.0,3.0,8.0,80.0,80.0,3.975,0.042901234567901236,7.0,3.4294303797468353,0.06872206384401507
CSO-17-11C-SARJA-CorrEtiq.txt,160.0,73.5,159.0,19.0,22.0,0.5,3.0,11.0,73.5,73.0,4.331541882876205,0.05129619824208408,6.5,3.1045642274700835,0.10723426862149255
CSO-18-11A-ADBAHO-CorrEtiq.txt,160.0,83.0,159.0,15.0,18.0,0.0,3.0,8.0,83.0,80.0,3.8313253012048194,0.041434028798119305,8.0,3.26917425800764,0.1417087630604377
CSO-18-11B-YLLRE-CorrEtiq.txt,160.0,82.0,159.0,19.0,21.0,0.0,2.0,7.0,82.0,82.0,3.8780487804878048,0.04065040650406504,8.0,3.4426377597109306,0.09712349741761506
CSO-18-9B-MAMOLO-CorrEtiq.txt,160.0,83.0,159.0,26.0,30.0,3.0,4.0,4.0,83.0,80.0,3.8313253012048194,0.03908316191595651,8.0,3.682730923694779,0.07800298829710595
CSO-8-3A-AIPRBR-CorrEtiq.txt,160.0,66.0,159.0,32.0,34.0,4.0,2.0,11.0,66.0,65.0,4.818181818181818,0.05547785547785548,6.0,3.0489510489510487,0.11852891852891852
CSO-8-3A-DAPAVA-CorrEtiq.txt,160.0,69.0,159.0,26.5,33.5,3.5,6.5,10.5,69.0,68.5,4.608695652173913,0.05029838022165388,6.5,3.2404092071611252,0.0889118341164377
CSO-8-3A-KVPECO-CorrEtiq.txt,160.0,73.5,156.0,31.0,32.0,2.5,1.0,11.5,73.0,71.5,4.262541806020067,0.04600833948660036,6.5,3.0695780080286745,0.15641634059792628
CSO-8-4A-ARAGR-CorrEtiq.txt,160.0,78.0,155.0,17.0,20.0,2.0,4.0,8.0,78.0,78.0,3.9743589743589745,0.04428904428904429,7.0,3.335331335331335,0.07948999006691315
CSO-8-4A-JRAAR-CorrEtiq.txt,160.0,60.0,155.0,32.0,36.0,2.0,4.0,11.0,60.0,59.0,5.166666666666667,0.06610169491525424,5.0,2.6774011299435028,0.12317042011047562
CSO-9-2A-EXMOCO-CorrEtiq.txt,160.0,71.5,154.0,30.0,34.0,1.5,4.0,9.5,70.5,66.0,4.316666666666666,0.04722342184150788,7.0,3.2030197703884067,0.13919164588455243
CSO-9-4A-AGAPE-CorrEtiq.txt,160.0,75.0,159.0,23.0,28.0,1.0,5.0,7.0,75.0,74.0,4.24,0.04684684684684685,7.0,3.2778378378378377,0.09583046583046582
CSO-9-4A-DKVIMO-CorrEtiq.txt,160.0,66.0,159.0,33.0,36.0,1.0,3.0,9.0,66.0,63.0,4.818181818181818,0.0574400723654455,6.0,2.9120218579234973,0.13790893681379332
CSO-9-4A-DSMOMU-CorrEtiq.txt,160.0,84.5,155.0,16.5,18.0,3.5,2.0,6.0,83.5,80.0,3.683961608012241,0.03863773357444243,7.5,3.5415362415362415,0.09788360547506464
CSO-9-4A-DVGATO-CorrEtiq.txt,160.0,73.5,155.0,24.0,27.5,5.5,4.5,6.0,71.5,67.0,4.241437081161578,0.04623340710959208,7.0,3.1962984384037014,0.09111542645412221
CSO-9-4A-EGCAMO-CorrEtiq.txt,160.0,74.0,159.0,26.0,31.0,2.0,4.0,9.0,74.0,73.0,4.297297297297297,0.045168456127360236,7.0,3.2432432432432434,0.11221925707219825
CSO-9-4A-FAGIGA-CorrEtiq.txt,160.0,72.0,146.0,16.5,22.0,4.0,5.5,6.5,70.0,67.5,4.05826741269535,0.04696497095204408,6.0,3.1886275024400454,0.0977112402370032
CSO-9-4A-GSBRCO-CorrEtiq.txt,160.0,63.5,159.0,34.0,35.5,6.0,3.0,13.0,63.5,62.0,5.010669975186104,0.05951292559899117,6.0,2.9282944514501894,0.1321365889012948
CSO-9-4A-KEMOCO-CorrEtiq.txt,160.0,65.0,159.0,26.0,29.0,2.0,4.0,9.0,65.0,65.0,4.892307692307693,0.06057692307692308,6.0,2.887980769230769,0.1647759842496684
CSO-9-4A-LCOMO-CorrEtiq.txt,160.0,84.0,159.0,15.0,19.0,2.0,4.0,8.0,84.0,83.0,3.7857142857142856,0.041176470588235294,8.0,3.4271708683473388,0.07807562807562807
CSO-9-4A-MLORO-CorrEtiq.txt,160.0,69.0,159.0,26.0,27.5,2.0,1.5,11.5,69.0,67.5,4.6125709480765185,0.05532926186699573,6.5,3.0189685375937216,0.12577457213146445
CSO-9-4A-MPAME-CorrEtiq.txt,160.0,72.0,159.0,27.0,32.0,2.0,5.0,6.0,72.0,72.0,4.416666666666667,0.04890453834115806,6.0,3.1173708920187795,0.08412964350464351
CSO-9-4A-NSARPA-CorrEtiq.txt,160.0,79.0,159.0,20.0,24.0,2.0,4.0,7.0,78.0,75.0,3.925925925925926,0.042901234567901236,7.0,3.1712962962962963,0.052176428684247
CSO-9-4A-SLOCA-CorrEtiq.txt,160.0,71.0,159.0,28.0,31.0,3.0,2.0,11.0,71.0,69.0,4.47887323943662,0.05191146881287726,7.0,3.0947115384615387,0.16395924605643275
CSO-9-4A-YVDITR-CorrEtiq.txt,160.0,62.0,159.0,46.0,48.0,0.0,3.0,16.0,62.0,62.0,5.129032258064516,0.058699101004759384,6.0,3.02432575356954,0.151121234286869
