file,wc,nodes,edges,re,pe,l1,l2,l3,lcc,lsc,atd,density,diameter,asp,cc
CDMS-10-4A-JURAN-CorrEtiq.txt,50.0,35.0,49.0,2.0,3.0,0.0,1.0,1.0,35.0,32.0,2.8,0.0773109243697479,8.0,3.572916666666667,0.03838383838383838
CDMS-10-5A-HEPIHO-CorrEtiq.txt,50.0,36.0,49.0,2.0,3.0,0.0,1.0,1.0,36.0,33.0,2.6486486486486487,0.07057057057057058,8.0,3.8568548387096775,0.03737373737373738
CDMS-10-5A-KSRAGU-CorrEtiq.txt,50.0,33.0,49.0,3.0,3.0,1.0,1.0,0.0,33.0,32.0,2.9696969696969697,0.08333333333333333,7.0,3.4545454545454546,0.041935483870967745
CDMS-10-5A-SROPU-CorrEtiq.txt,50.0,33.0,49.0,5.0,6.0,0.0,1.0,0.0,33.0,31.0,2.9696969696969697,0.08021390374331551,8.0,3.6773109243697477,0.03300653594771242
CDMS-10-5A-SZURO-CorrEtiq.txt,50.0,35.0,49.0,4.0,4.0,0.0,0.0,1.0,35.0,32.0,2.8,0.07899159663865546,8.0,3.5926543031005505,0.03426995798319328
CDMS-10-5B-SRAJA-CorrEtiq.txt,50.0,33.0,49.0,3.0,4.0,0.0,0.0,2.0,33.0,31.0,2.9696969696969697,0.08712121212121213,7.0,3.2816399286987523,0.08661740558292283
CDMS-10-5C-DAAUSA-CorrEtiq.txt,50.0,32.0,49.0,4.0,6.0,0.0,1.0,2.0,32.0,30.0,3.0625,0.0855614973262032,7.0,3.3244206773618536,0.07592592592592592
CDMS-10-5C-ICAPA-CorrEtiq.txt,50.0,29.0,49.0,5.0,6.0,1.0,1.0,2.0,28.0,25.0,3.3793103448275863,0.10344827586206896,7.0,3.031381134829411,0.08238783833889507
CDMS-10-5C-JFALGI-CorrEtiq.txt,50.0,30.0,49.0,3.0,4.0,0.0,1.0,1.0,30.0,29.0,3.2666666666666666,0.0989247311827957,6.0,2.9839080459770115,0.14967159277504105
CDMS-10-5C-MAORTO-CorrEtiq.txt,50.0,30.0,49.0,6.0,7.0,1.0,2.0,2.0,30.0,28.0,3.2666666666666666,0.09852216748768473,7.0,3.0899470899470898,0.05689157585709309
CDMS-10-5C-NBEMO-CorrEtiq.txt,50.0,31.0,49.0,4.0,6.0,1.0,1.0,2.0,31.0,29.0,3.161290322580645,0.09195402298850575,7.0,3.3112570698777595,0.08196811868686868
CDMS-10-6B-ASCACO-CorrEtiq.txt,50.0,31.0,49.0,4.0,5.0,0.0,0.0,2.0,31.0,30.0,3.161290322580645,0.09425287356321839,6.0,3.0120967741935485,0.08759469696969696
CDMS-10-6B-JJMOBE-CorrEtiq.txt,50.0,34.0,49.0,3.0,4.0,0.0,1.0,1.0,34.0,33.0,2.8823529411764706,0.0784313725490196,8.0,3.596638655462185,0.049494949494949494
CDMS-11-4A-GACHSA-CorrEtiq.txt,50.0,30.0,49.0,6.0,6.0,1.0,1.0,2.0,30.0,29.0,3.2666666666666666,0.09475806451612903,7.0,3.3191397849462367,0.08628306878306878
CDMS-11-5A-EAARCA-CorrEtiq.txt,50.0,30.0,49.0,4.0,5.0,0.0,1.0,2.0,30.0,29.0,3.2666666666666666,0.09885057471264368,7.0,3.0750482492417976,0.13043530543530543
CDMS-11-5A-MGTHAR-CorrEtiq.txt,50.0,30.0,49.0,7.0,8.0,1.0,1.0,1.0,30.0,27.0,3.2666666666666666,0.09195402298850575,8.0,3.433846153846154,0.05363984674329503
CDMS-11-6A-DFVEBE-CorrEtiq.txt,50.0,34.0,49.0,2.0,2.0,2.0,0.0,1.0,34.0,31.0,2.8823529411764706,0.08021390374331551,8.0,3.5619047619047617,0.051050420168067226
CDMS-11-6A-NMREPR-CorrEtiq.txt,50.0,34.0,49.0,4.0,4.0,0.0,0.0,1.0,34.0,32.0,2.8823529411764706,0.0773109243697479,8.0,3.754621848739496,0.04404761904761905
CDMS-11-6B-ARAHE-CorrEtiq.txt,50.0,32.0,49.0,4.0,4.0,1.0,0.0,1.0,31.0,29.0,3.0625,0.08817204301075268,7.0,3.3876847290640395,0.03477011494252873
CDMS-11-6B-AVROTO-CorrEtiq.txt,50.0,35.0,49.0,3.0,3.0,0.0,0.0,1.0,35.0,31.0,2.8,0.0773109243697479,9.0,3.868661403955522,0.06204081632653062
CDMS-11-6B-EAFESA-CorrEtiq.txt,50.0,33.0,49.0,4.0,6.0,0.0,1.0,1.0,33.0,31.0,2.9696969696969697,0.08021390374331551,8.0,3.7109243697478993,0.048280423280423285
CDMS-11-6B-EFRGR-CorrEtiq.txt,50.0,31.0,49.0,6.0,7.0,1.0,0.0,2.0,31.0,29.0,3.161290322580645,0.09032258064516129,7.0,3.399014778325123,0.07843137254901962
CDMS-11-6B-EROCO-CorrEtiq.txt,50.0,32.0,49.0,4.0,5.0,0.0,1.0,2.0,32.0,29.0,3.032258064516129,0.08870967741935484,7.0,3.323161045943304,0.03836996336996337
CDMS-11-6B-JACUPE-CorrEtiq.txt,50.0,29.0,49.0,4.0,6.0,2.0,2.0,2.0,28.0,26.0,3.2666666666666666,0.09788359788359788,7.0,3.144615384615385,0.10017636684303352
CDMS-11-6B-JDCHBA-CorrEtiq.txt,50.0,31.0,49.0,4.0,6.0,1.0,2.0,1.0,31.0,29.0,3.161290322580645,0.08602150537634409,7.0,3.4301075268817205,0.07163865546218488
CDMS-11-6B-JFSAHE-CorrEtiq.txt,50.0,36.0,49.0,2.0,4.0,0.0,1.0,1.0,36.0,33.0,2.7222222222222223,0.07226890756302522,8.0,3.7445378151260504,0.006944444444444444
CDMS-11-6B-JLPENA-CorrEtiq.txt,50.0,32.0,47.0,3.0,4.0,0.0,1.0,2.0,31.0,28.0,2.903225806451613,0.08266129032258064,7.0,3.3266129032258065,0.06574074074074074
CDMS-11-6B-JMARME-CorrEtiq.txt,50.0,33.0,49.0,3.0,5.0,0.0,1.0,1.0,33.0,31.0,2.9696969696969697,0.08333333333333333,8.0,3.5310344827586206,0.0630952380952381
CDMS-11-6B-JPSAMA-CorrEtiq.txt,50.0,36.0,49.0,3.0,3.0,0.0,1.0,0.0,36.0,33.0,2.6857142857142855,0.07057057057057058,10.0,4.0375375375375375,0.03164160401002507
CDMS-11-6B-LESTA-CorrEtiq.txt,50.0,32.0,49.0,4.0,5.0,0.0,0.0,2.0,32.0,29.0,3.0625,0.09195402298850575,7.0,3.3484848484848486,0.0660894660894661
CDMS-11-6B-MAGIMU-CorrEtiq.txt,50.0,30.0,49.0,5.0,6.0,0.0,1.0,2.0,30.0,28.0,3.2666666666666666,0.10114942528735632,7.0,3.0602150537634407,0.08330721003134796
CDMS-11-6B-MEBRTA-CorrEtiq.txt,50.0,32.0,49.0,4.0,6.0,1.0,2.0,1.0,32.0,30.0,3.0625,0.08669354838709678,8.0,3.546347499573306,0.06008184523809524
CDMS-11-6B-MMAMO-CorrEtiq.txt,50.0,35.0,49.0,2.0,3.0,0.0,1.0,1.0,35.0,33.0,2.8,0.0773109243697479,8.0,3.607843137254902,0.03529411764705882
CDMS-11-6B-RSECA-CorrEtiq.txt,50.0,32.0,49.0,4.0,5.0,0.0,1.0,1.0,32.0,30.0,3.0625,0.0907258064516129,7.0,3.2076612903225805,0.08451012588943624
CDMS-11-6B-SCAPA-CorrEtiq.txt,50.0,34.0,49.0,3.0,3.0,0.0,0.0,1.0,34.0,32.0,2.8823529411764706,0.0784313725490196,7.0,3.536887254901961,0.02294334716209716
CDMS-11-6B-VZAPE-CorrEtiq.txt,50.0,32.0,49.0,4.0,5.0,1.0,1.0,1.0,32.0,30.0,3.0625,0.08669354838709678,7.0,3.41784434203789,0.040932726277553864
CDMS-11-6B-YLNIME-CorrEtiq.txt,50.0,33.0,49.0,4.0,4.0,0.0,1.0,1.0,33.0,32.0,2.9696969696969697,0.08333333333333333,8.0,3.4741532976827094,0.0367965367965368
CDMS-11-7C-ICARE-CorrEtiq.txt,50.0,32.0,49.0,5.0,6.0,0.0,1.0,2.0,32.0,30.0,3.0625,0.08522727272727272,8.0,3.593103448275862,0.0707482993197279
CDMS-11-7C-IMOIB-CorrEtiq.txt,50.0,35.0,49.0,2.0,3.0,0.0,1.0,1.0,35.0,33.0,2.8,0.0766488413547237,8.0,3.7329545454545454,0.04236111111111111
CDMS-11-7C-SALMA-CorrEtiq.txt,50.0,33.0,49.0,5.0,6.0,0.0,1.0,1.0,33.0,31.0,2.9696969696969697,0.08333333333333333,8.0,3.574193548387097,0.06190476190476191
CDMS-11-7C-SPGAVE-CorrEtiq.txt,50.0,34.0,49.0,4.0,4.0,2.0,1.0,1.0,33.0,29.0,2.8823529411764706,0.0773109243697479,9.0,4.106060606060606,0.06333333333333332
CDMS-12-5A-SRIGO-CorrEtiq.txt,50.0,35.0,49.0,3.0,3.0,0.0,0.0,1.0,35.0,33.0,2.8,0.0773109243697479,8.0,3.622103386809269,0.038351254480286735
CDMS-12-6A-FAROPA-CorrEtiq.txt,50.0,35.0,49.0,2.0,3.0,0.0,0.0,1.0,35.0,33.0,2.8,0.0773109243697479,8.0,3.566386554621849,0.02929292929292929
CDMS-12-6A-JGIGA-CorrEtiq.txt,50.0,30.5,49.0,2.5,5.0,0.0,2.0,1.0,30.5,29.0,3.213978494623656,0.09852216748768473,7.0,3.0301075268817206,0.042242703533026116
CDMS-12-6A-JSOTGU-CorrEtiq.txt,50.0,31.0,49.0,4.0,5.0,0.0,0.0,2.0,31.0,29.0,3.161290322580645,0.09090909090909091,7.0,3.2804232804232805,0.0712797619047619
CDMS-12-6A-SROAL-CorrEtiq.txt,50.0,34.0,49.0,2.0,3.0,0.0,0.0,1.0,34.0,33.0,2.8823529411764706,0.0784313725490196,8.0,3.669047619047619,0.04962214052287582
CDMS-12-6B-IJDAGA-CorrEtiq.txt,50.0,31.0,49.0,3.0,4.0,3.0,1.0,2.0,31.0,29.0,3.161290322580645,0.0896551724137931,8.0,3.567540322580645,0.07468271072796934
CDMS-12-6B-SCLAG-CorrEtiq.txt,50.0,32.0,49.0,4.0,5.0,1.0,1.0,1.0,32.0,30.0,3.0625,0.08602150537634409,8.0,3.4556451612903225,0.05009566326530612
CDMS-12-7C-ARAHE-CorrEtiq.txt,50.0,32.0,49.0,4.0,5.0,0.0,2.0,3.0,32.0,30.0,3.0625,0.08870967741935484,7.0,3.2419354838709675,0.09747899159663864
CDMS-12-7C-CATRAR-CorrEtiq.txt,50.0,34.0,49.0,3.0,4.0,0.0,1.0,1.0,33.0,31.0,2.8484848484848486,0.08021390374331551,7.0,3.533333333333333,0.04761904761904762
CDMS-12-7C-DLOLO-CorrEtiq.txt,50.0,32.0,49.0,4.0,4.0,0.0,0.0,1.0,32.0,31.0,3.0625,0.08669354838709678,7.0,3.4242424242424243,0.0815126050420168
CDMS-12-7C-JSZAOR-CorrEtiq.txt,50.0,36.0,49.0,1.0,2.0,0.0,1.0,1.0,36.0,34.0,2.7222222222222223,0.07301587301587302,7.0,3.5267178943649533,0.03166666666666667
CDMS-12-7C-MAROBE-CorrEtiq.txt,50.0,35.0,49.0,2.0,3.0,0.0,1.0,2.0,35.0,33.0,2.8,0.0748663101604278,9.0,3.8467023172905526,0.06468643012760661
CDMS-12-7C-VMAPA-CorrEtiq.txt,50.0,33.0,49.0,4.0,5.0,0.0,1.0,1.0,33.0,31.0,2.9696969696969697,0.08522727272727272,7.0,3.2305035650623886,0.05752078609221466
CDMS-12-7C-VQURA-CorrEtiq.txt,50.0,34.0,49.0,4.0,4.0,0.0,1.0,2.0,34.0,31.0,2.8,0.0766488413547237,9.0,3.818768037518038,0.07541126923310831
CDMS-13-6B-ASUMO-CorrEtiq.txt,50.0,34.0,47.0,2.0,3.0,0.0,0.0,3.0,33.0,27.0,2.8125,0.0784313725490196,8.0,3.6382575757575757,0.08383838383838384
CDMS-13-6B-JDTAHE-CorrEtiq.txt,50.0,34.0,49.0,3.0,4.0,1.0,0.0,2.0,33.0,29.0,2.8,0.0773109243697479,8.0,3.663101604278075,0.06390168970814132
CDMS-13-7C-MVEAR-CorrEtiq.txt,50.0,30.0,49.0,3.0,4.0,2.0,0.0,1.0,30.0,29.0,3.161290322580645,0.09655172413793103,7.0,3.200985221674877,0.07083333333333333
CDMS-13-7C-RAIZAC-CorrEtiq.txt,50.0,34.0,49.0,3.0,4.0,0.0,2.0,1.0,34.0,32.0,2.8823529411764706,0.07954545454545454,7.0,3.5714285714285716,0.03978494623655914
CDMS-13-7C-SSOSLO-CorrEtiq.txt,50.0,32.0,49.0,4.0,5.0,1.0,1.0,2.0,31.0,29.0,3.0625,0.08669354838709678,7.0,3.443850267379679,0.09370199692780337
CDMS-14-10A-IMORTO-CorrEtiq.txt,50.0,32.0,49.0,5.0,6.0,0.0,1.0,1.0,32.0,30.0,3.0625,0.0846774193548387,7.0,3.479569892473118,0.04184704184704185
CDMS-14-10A-JCVANI-CorrEtiq.txt,50.0,36.0,49.0,2.0,3.0,0.0,1.0,0.0,36.0,33.0,2.7222222222222223,0.07207207207207207,9.0,3.9594594594594597,0.01635802469135802
CDMS-14-5A-LSDUCO-CorrEtiq.txt,50.0,30.0,49.0,5.0,7.0,0.0,1.0,2.0,30.0,28.0,3.2666666666666666,0.09425287356321839,7.0,3.2880254154447703,0.08387096774193549
CDMS-14-6B-KDCAHE-CorrEtiq.txt,50.0,33.0,49.0,3.0,6.0,1.0,2.0,2.0,33.0,31.0,2.9375,0.07956989247311828,8.0,3.625668449197861,0.07435897435897436
CDMS-15-10A-AMALOS-CorrEtiq.txt,50.0,34.0,49.0,3.0,4.0,1.0,1.0,1.0,34.0,32.0,2.8823529411764706,0.0773109243697479,8.0,3.615530303030303,0.03431372549019608
CDMS-15-10A-JJMACH-CorrEtiq.txt,50.0,36.0,49.0,2.0,2.0,0.0,0.0,1.0,36.0,34.0,2.7222222222222223,0.07308377896613191,8.0,3.8222222222222224,0.0349002849002849
CDMS-15-10A-MAALCA-CorrEtiq.txt,50.0,35.0,49.0,2.0,3.0,0.0,1.0,1.0,35.0,33.0,2.8,0.0773109243697479,8.0,3.6319327731092437,0.03958333333333334
CDMS-15-10A-MAALRI-CorrEtiq.txt,50.0,35.0,49.0,3.0,4.0,0.0,1.0,1.0,35.0,32.0,2.8,0.07394957983193277,9.0,3.922222222222222,0.0442718388030888
CDMS-15-10A-SGOMO-CorrEtiq.txt,50.0,36.0,49.0,3.0,3.0,0.0,0.0,1.0,36.0,33.0,2.7222222222222223,0.07301587301587302,8.0,3.8620199146514937,0.04379084967320262
CDMS-15-10A-SHEGA-CorrEtiq.txt,50.0,35.0,49.0,2.0,3.0,0.0,1.0,2.0,35.0,33.0,2.8,0.07899159663865546,8.0,3.57397504456328,0.09412698412698413
CDMS-15-11B-JEMOLO-CorrEtiq.txt,50.0,35.0,49.0,3.0,4.0,0.0,1.0,1.0,35.0,33.0,2.8,0.07394957983193277,9.0,3.929411764705882,0.036458333333333336
CDMS-15-11B-VSAHO-CorrEtiq.txt,50.0,33.0,49.0,4.0,5.0,0.0,1.0,1.0,33.0,32.0,2.9696969696969697,0.08064516129032258,8.0,3.6318404634581105,0.045310846560846565
CDMS-16-10A-SGALO-CorrEtiq.txt,50.0,34.0,49.0,2.0,4.0,0.0,1.0,1.0,34.0,32.0,2.8823529411764706,0.0784313725490196,9.0,3.838655462184874,0.046296296296296294
CDMS-16-11B-NGABE-CorrEtiq.txt,50.0,36.0,49.0,2.0,3.0,0.0,0.0,0.0,36.0,33.0,2.7222222222222223,0.07226890756302522,9.0,3.935277382645804,0.019047619047619046
CDMS-17-10A-ASSAMO-CorrEtiq.txt,50.0,37.0,49.0,2.0,2.0,0.0,0.0,1.0,37.0,35.0,2.6486486486486487,0.07057057057057058,9.0,3.918918918918919,0.05166666666666666
CDMS-18-7C-VVECA-CorrEtiq.txt,50.0,32.0,49.0,4.0,5.0,0.0,1.0,1.0,32.0,30.0,3.0625,0.08522727272727272,7.0,3.3892108567564954,0.044897959183673466
CDMS-8-4A-DBEVA-CorrEtiq.txt,50.0,29.0,49.0,5.0,6.0,1.0,1.0,3.0,29.0,28.0,3.3793103448275863,0.10582010582010581,6.0,2.960591133004926,0.07777777777777778
CDMS-8-4A-DJAVDA-CorrEtiq.txt,50.0,28.0,49.0,5.0,7.0,3.0,2.0,2.0,28.0,26.0,3.3793103448275863,0.10052910052910052,7.0,3.0502645502645502,0.09780564263322884
CDMS-8-4A-DOSTR-CorrEtiq.txt,50.0,30.0,49.0,5.0,6.0,1.0,1.0,2.0,30.0,28.0,3.2666666666666666,0.09462365591397849,7.0,3.2275132275132274,0.08530276308054086
CDMS-8-4A-LGOPA-CorrEtiq.txt,50.0,30.0,49.0,5.0,7.0,0.0,2.0,3.0,30.0,28.0,3.2666666666666666,0.09655172413793103,7.0,3.301149425287356,0.11832611832611833
CDMS-8-4C-JDBUTU-CorrEtiq.txt,50.0,28.0,49.0,5.0,6.0,2.0,2.0,2.0,28.0,28.0,3.5,0.09885057471264368,6.0,3.1082621082621085,0.07573260073260074
CDMS-9-4A-ACDUTR-CorrEtiq.txt,50.0,31.0,49.0,4.0,5.0,1.0,0.0,2.0,31.0,30.0,3.161290322580645,0.0907258064516129,7.0,3.2018145161290326,0.08579931972789115
CDMS-9-4A-CARGA-CorrEtiq.txt,50.0,33.0,49.0,4.0,4.0,0.0,0.0,2.0,33.0,30.0,2.9696969696969697,0.08712121212121213,7.0,3.4016806722689075,0.07734693877551022
CDMS-9-4A-CRAAG-CorrEtiq.txt,50.0,30.0,49.0,5.0,5.0,1.0,1.0,4.0,30.0,28.0,3.2666666666666666,0.09971509971509972,6.0,3.0194027986006997,0.12133597883597884
CDMS-9-4A-EROHI-CorrEtiq.txt,50.0,33.0,49.0,3.0,4.0,1.0,0.0,1.0,33.0,31.0,2.9696969696969697,0.08266129032258064,8.0,3.6688172043010754,0.06566820276497695
CDMS-9-4A-ILOSE-CorrEtiq.txt,50.0,31.0,49.0,6.0,6.0,0.0,0.0,1.0,31.0,29.0,3.161290322580645,0.09425287356321839,7.0,3.2399193548387095,0.07465277777777779
CDMS-9-4A-TGAFR-CorrEtiq.txt,50.0,30.0,49.0,6.0,7.0,0.0,2.0,2.0,30.0,28.0,3.2666666666666666,0.09425287356321839,6.0,3.091168091168091,0.06523297491039426
CDMS-9-4C-SCAMO-CorrEtiq.txt,50.0,38.0,49.0,1.0,2.0,0.0,0.0,0.0,37.0,34.0,2.5789473684210527,0.06477732793522267,10.0,4.377867746288799,0.018137254901960782
CDMS-9-5A-ABERO-CorrEtiq.txt,50.0,32.0,49.0,4.0,6.0,1.0,1.0,1.0,32.0,29.0,3.0625,0.08669354838709678,8.0,3.539408866995074,0.014102564102564105
CDMS-9-5A-PAGACO-CorrEtiq.txt,50.0,33.0,49.0,3.0,4.0,1.0,1.0,1.0,33.0,31.0,2.9696969696969697,0.08522727272727272,7.0,3.5,0.06785714285714285
CDMS-9-5A-VVAAR-CorrEtiq.txt,50.0,30.0,49.0,5.0,7.0,0.0,2.0,2.0,30.0,28.5,3.2666666666666666,0.09425287356321839,7.0,3.0688172043010753,0.09498456790123455
CDMS-9-5C-JDMADE-CorrEtiq.txt,50.0,32.0,49.0,5.0,5.0,2.0,1.0,1.0,32.0,29.0,3.0625,0.08009530791788856,8.0,3.745564892623716,0.05215004105090312
CDMS-9-5C-LVIZAC-CorrEtiq.txt,50.0,34.0,49.0,3.0,4.0,1.0,1.0,2.0,34.0,31.0,2.8823529411764706,0.0766488413547237,9.0,3.9015151515151514,0.06789819376026272
CDMS-9-5C-MLOGO-CorrEtiq.txt,50.0,31.0,49.0,4.0,5.0,1.0,0.0,3.5,31.0,29.0,3.161290322580645,0.0907258064516129,7.0,3.3517241379310345,0.11782312925170067
CDMS-9-5C-SCAAG-CorrEtiq.txt,50.0,33.0,49.0,4.0,4.0,0.0,1.0,2.0,33.0,31.0,2.9696969696969697,0.08143939393939394,8.0,3.587121212121212,0.07719298245614035
CDMS-XX-10A-VGILO-CorrEtiq.txt,50.0,34.0,49.0,2.0,3.0,1.0,0.0,1.0,34.0,31.0,2.8823529411764706,0.07954545454545454,7.0,3.523237594157898,0.03806216931216931
CDMS-XX-5C-MJSARU-CorrEtiq.txt,50.0,35.0,49.0,2.0,3.0,0.0,1.0,1.0,35.0,32.0,2.8,0.0773109243697479,8.0,3.656156156156156,0.044444444444444446
CDMS-XX-5C-MPCAQU-CorrEtiq.txt,50.0,32.0,49.0,4.5,5.0,0.0,1.0,2.0,32.0,29.0,3.0625,0.0907258064516129,7.0,3.263440860215054,0.07270408163265306
CDMS-XX-6A-MAGICA-CorrEtiq.txt,50.0,35.0,49.0,3.0,3.0,0.0,1.0,1.0,35.0,32.0,2.8,0.0773109243697479,8.0,3.7167133520074698,0.039335734293717485
CDMS-XX-6B-SPUCA-CorrEtiq.txt,50.0,34.0,49.0,3.0,5.0,0.0,2.0,2.0,34.0,32.0,2.8823529411764706,0.07954545454545454,8.0,3.6185383244206775,0.07241379310344828
CSO-10-4A-ICAPA-CorrEtiq.txt,50.0,31.0,49.0,5.0,6.0,0.0,1.0,2.0,31.0,29.0,3.161290322580645,0.09032258064516129,7.0,3.2771852984797922,0.10547409579667644
CSO-10-4A-KCOMO-CorrEtiq.txt,50.0,31.0,49.0,4.0,6.0,1.0,1.0,2.0,31.0,28.0,3.161290322580645,0.09425287356321839,7.0,3.250574712643678,0.08133333333333333
CSO-10-4A-LRAVI-CorrEtiq.txt,50.0,28.0,49.0,5.0,8.0,0.0,2.0,3.0,28.0,27.0,3.5,0.10826210826210826,6.0,2.833635075014385,0.1415660219808927
CSO-10-4A-LSCAVA-CorrEtiq.txt,50.0,35.0,49.0,4.0,6.0,0.0,2.0,1.0,35.0,31.0,2.8,0.07226890756302522,10.0,4.044354838709677,0.057843137254901957
CSO-10-5A-ACAVA-CorrEtiq.txt,50.0,34.0,49.0,3.0,3.0,1.0,1.0,1.0,34.0,32.0,2.8823529411764706,0.0784313725490196,8.0,3.6688172043010754,0.05119047619047619
CSO-10-5A-ARACA-CorrEtiq.txt,50.0,33.0,47.0,4.0,4.0,1.0,0.0,0.0,31.5,28.0,2.774193548387097,0.0773109243697479,8.0,3.7427473262032085,0.03743686868686869
CSO-10-5A-DABRZA-CorrEtiq.txt,50.0,30.0,49.0,6.0,7.0,1.0,1.0,2.0,29.0,27.0,3.2666666666666666,0.09515599343185549,7.0,3.277687105308073,0.08046398046398046
CSO-10-5A-GZAMA-CorrEtiq.txt,50.0,34.0,49.0,3.0,4.0,0.0,1.0,1.0,34.0,32.0,2.8823529411764706,0.08067226890756303,8.0,3.615530303030303,0.08282828282828283
CSO-10-5A-IPECA-CorrEtiq.txt,50.0,33.0,49.0,3.5,4.0,0.0,1.0,2.0,33.0,31.0,2.9696969696969697,0.08082664884135472,7.0,3.4332160894660895,0.05510204081632653
CSO-10-5A-JANORO-CorrEtiq.txt,50.0,34.0,49.0,3.0,4.0,0.0,1.0,2.0,34.0,31.0,2.8,0.0773109243697479,8.0,3.602835073423309,0.07645502645502646
CSO-10-5A-JBUVE-CorrEtiq.txt,50.0,35.0,49.0,3.0,4.0,1.0,1.0,1.0,35.0,32.0,2.8,0.0748663101604278,9.0,3.909090909090909,0.04847211611917494
CSO-10-5A-JJSEMO-CorrEtiq.txt,50.0,31.0,49.0,5.0,6.0,0.0,1.0,1.0,31.0,29.0,3.161290322580645,0.09475806451612903,7.0,3.1653225806451615,0.06091954022988506
CSO-10-5A-JLCARI-CorrEtiq.txt,50.0,34.0,49.0,3.0,4.0,0.0,1.0,1.0,34.0,30.0,2.8823529411764706,0.08067226890756303,8.0,3.6931818181818183,0.03627450980392157
CSO-10-5A-MAARAN-CorrEtiq.txt,50.0,31.0,49.0,4.0,5.0,0.0,1.0,3.0,31.0,29.0,3.161290322580645,0.09462365591397849,7.0,3.259770114942529,0.11083743842364532
CSO-10-5A-MAOSMO-CorrEtiq.txt,50.0,36.0,49.0,3.0,3.0,0.0,1.0,0.0,36.0,33.0,2.7222222222222223,0.07142857142857142,9.0,4.018487394957983,0.01282051282051282
CSO-10-5A-RVMOIB-CorrEtiq.txt,50.0,35.0,49.0,2.0,3.0,0.0,0.0,1.0,35.0,33.0,2.8,0.0761904761904762,8.0,3.6369747899159663,0.049107142857142856
CSO-10-5A-SVHEES-CorrEtiq.txt,50.0,31.0,49.0,3.0,4.0,1.0,1.0,1.0,31.0,30.0,3.161290322580645,0.08817204301075268,7.0,3.2881720430107526,0.07752100840336135
CSO-11-5A-MDVOSPE-CorrEtiq.txt,50.0,33.0,49.0,4.0,4.0,0.0,0.0,1.0,33.0,31.0,2.9696969696969697,0.08333333333333333,8.0,3.4827956989247313,0.05721288515406162
CSO-11-5A-MTAGA-CorrEtiq.txt,50.0,36.0,49.0,3.0,4.0,1.0,1.0,1.0,36.0,33.0,2.7222222222222223,0.06984126984126984,10.0,4.183600713012478,0.029365079365079365
CSO-11-6A-CAPAMU-CorrEtiq.txt,50.0,35.0,47.0,3.0,3.0,1.0,0.0,1.0,34.0,31.0,2.6470588235294117,0.07057057057057058,9.0,4.060504201680672,0.037001287001287
CSO-11-6A-DSCACH-CorrEtiq.txt,50.0,36.0,49.0,2.5,2.5,0.0,0.0,0.0,36.0,33.0,2.7222222222222223,0.07427637721755369,8.0,3.638095238095238,0.0
CSO-11-6A-EROMO-CorrEtiq.txt,50.0,32.0,49.0,4.0,7.0,0.0,3.0,1.0,32.0,30.0,3.0625,0.08387096774193549,7.0,3.511827956989247,0.05654761904761904
CSO-11-6A-FSOVRE-CorrEtiq.txt,50.0,30.0,49.0,5.0,6.0,0.0,1.0,2.0,30.0,28.0,3.161290322580645,0.09274193548387097,7.0,3.195075757575758,0.06603174603174602
CSO-11-6B-ANREVA-CorrEtiq.txt,50.0,33.0,49.0,3.0,4.0,0.0,1.0,2.0,33.0,31.0,2.9696969696969697,0.08333333333333333,7.0,3.391596638655462,0.06936936936936937
CSO-11-6B-DISEMO-CorrEtiq.txt,50.0,36.0,47.0,2.0,4.0,0.0,1.0,1.0,35.0,29.0,2.6486486486486487,0.06984126984126984,10.0,4.142045454545454,0.043145024723972095
CSO-11-6B-LHFDLACH-CorrEtiq.txt,50.0,34.0,49.0,4.0,6.0,0.0,1.0,1.0,34.0,31.0,2.8,0.07279825908858167,9.0,4.088397464248857,0.046236559139784944
CSO-11-6B-RJGIHE-CorrEtiq.txt,50.0,33.0,49.0,3.0,4.0,1.0,1.0,3.0,33.0,31.0,2.9696969696969697,0.08377896613190731,8.0,3.3912634408602154,0.11987052885670396
CSO-11-6B-SFLVA-CorrEtiq.txt,50.0,30.0,49.0,4.0,6.0,2.0,2.0,3.0,30.0,28.0,3.2666666666666666,0.09462365591397849,7.0,3.2195767195767195,0.11324786324786326
CSO-11-6B-VCOMA-CorrEtiq.txt,50.0,35.0,49.0,3.0,4.0,0.0,1.0,2.0,35.0,33.0,2.8,0.0746031746031746,9.0,3.858858858858859,0.05174825174825175
CSO-12-6A-DGISE-CorrEtiq.txt,50.0,34.0,49.0,3.0,4.0,2.0,1.0,1.0,34.0,31.0,2.8823529411764706,0.07804144385026737,8.5,3.872626389265384,0.057142857142857134
CSO-12-6A-FJOVRE-CorrEtiq.txt,50.0,32.0,49.0,3.0,4.0,1.0,1.0,2.0,32.0,29.0,2.9696969696969697,0.08333333333333333,7.0,3.363218390804598,0.06998556998557
CSO-12-6B-GQULO-CorrEtiq.txt,50.0,34.0,49.0,3.0,4.0,1.0,1.0,1.0,34.0,30.0,2.8823529411764706,0.07954545454545454,8.0,3.5681818181818183,0.04191176470588236
CSO-12-6B-LJHEFE-CorrEtiq.txt,50.0,36.0,49.0,2.0,3.0,0.0,1.0,1.0,36.0,33.0,2.7222222222222223,0.07301587301587302,9.0,4.034491978609626,0.05534105534105534
CSO-12-6B-VPAMA-CorrEtiq.txt,50.0,30.0,43.0,5.0,6.0,1.0,0.0,1.0,29.0,21.0,2.861904761904762,0.08465608465608465,7.0,3.19946879429638,0.06444444444444446
CSO-12-7A-DALRE-CorrEtiq.txt,50.0,30.0,49.0,5.0,6.0,1.0,1.0,2.0,30.0,28.0,3.2666666666666666,0.09425287356321839,7.0,3.396505376344086,0.10476190476190476
CSO-12-7A-ESALA-CorrEtiq.txt,50.0,32.0,49.0,3.0,4.0,0.0,0.0,3.0,32.0,30.0,3.0625,0.0907258064516129,6.0,3.037878787878788,0.08855218855218855
CSO-12-7A-IMERO-CorrEtiq.txt,50.0,34.0,49.0,3.0,5.0,0.0,1.0,1.0,34.0,31.0,2.8823529411764706,0.07954545454545454,9.0,3.8561155913978493,0.057309941520467846
CSO-12-7A-JHEZA-CorrEtiq.txt,50.0,36.0,47.0,3.0,3.0,1.0,1.0,1.0,35.0,32.0,2.611111111111111,0.06685633001422475,11.0,4.53781512605042,0.03619047619047619
CSO-12-7A-LSARAR-CorrEtiq.txt,50.0,31.0,49.0,5.0,7.0,0.0,2.0,1.0,31.0,29.0,3.161290322580645,0.09247311827956989,7.0,3.240740740740741,0.05277777777777778
CSO-12-7A-SCAHO-CorrEtiq.txt,50.0,33.0,49.0,4.0,5.0,0.0,1.0,2.0,33.0,31.0,2.9696969696969697,0.08333333333333333,8.0,3.444556451612903,0.0708063225290116
CSO-12-7B-DVAGRO-CorrEtiq.txt,50.0,35.0,49.0,3.0,4.0,1.0,1.0,1.0,35.0,32.0,2.8,0.07386363636363637,9.0,3.9310924369747897,0.03957307060755337
CSO-12-7B-SMUGU-CorrEtiq.txt,50.0,34.0,49.0,3.0,3.0,1.0,0.0,2.0,34.0,31.0,2.8823529411764706,0.0784313725490196,8.0,3.6920634920634923,0.06885456885456886
CSO-12-7B-SSARA-CorrEtiq.txt,50.0,36.0,49.0,2.0,2.0,1.0,1.0,1.0,36.0,33.0,2.7222222222222223,0.0746031746031746,8.0,3.7803030303030303,0.027450980392156862
CSO-12-7B-VHOMA-CorrEtiq.txt,50.0,37.0,49.0,2.0,3.0,1.0,0.0,1.0,37.0,34.0,2.6486486486486487,0.06906906906906907,9.0,4.183183183183183,0.04956709956709957
CSO-12-8A-YTOME-CorrEtiq.txt,50.0,33.0,49.0,3.0,4.0,0.0,1.0,1.0,33.0,32.0,2.9696969696969697,0.08333333333333333,7.0,3.401597911892029,0.03977365139604229
CSO-13-6A-ANASA-CorrEtiq.txt,50.0,36.0,49.0,3.0,3.0,0.0,1.0,1.0,36.0,34.0,2.7222222222222223,0.07207207207207207,9.0,3.9097936646323745,0.028357100415923944
CSO-13-6B-JETAVE-CorrEtiq.txt,50.0,31.0,49.0,5.0,6.0,0.0,1.0,2.0,31.0,29.0,3.161290322580645,0.09247311827956989,7.0,3.217741935483871,0.09023809523809523
CSO-13-6B-LFMIES-CorrEtiq.txt,50.0,34.0,49.0,3.0,4.0,1.0,1.0,1.0,32.0,29.0,2.8,0.07661290322580645,8.0,3.4555555555555557,0.0735632183908046
CSO-13-6B-LJMAHU-CorrEtiq.txt,50.0,33.0,47.0,4.0,5.0,0.0,1.0,0.0,33.0,29.0,2.8484848484848486,0.07954545454545454,8.0,3.6451612903225805,0.03809523809523809
CSO-13-7A-CAPAMU-CorrEtiq.txt,50.0,34.0,49.0,2.0,5.0,1.0,2.0,1.0,34.0,31.0,2.8484848484848486,0.0766488413547237,9.0,3.919327731092437,0.04719887955182073
CSO-13-7A-CDDITR-CorrEtiq.txt,50.0,35.0,49.0,3.0,4.0,0.0,0.0,1.0,35.0,33.0,2.8,0.0746031746031746,8.0,3.8885918003565063,0.03183673469387755
CSO-13-7A-JJATFL-CorrEtiq.txt,50.0,32.0,49.0,3.0,5.0,0.0,1.0,1.0,32.0,30.0,3.0625,0.0846774193548387,7.0,3.1632183908045977,0.057509157509157506
CSO-13-7A-KRAMA-CorrEtiq.txt,50.0,32.0,49.0,3.0,4.0,1.0,1.0,1.0,32.0,30.0,3.0625,0.08522727272727272,7.0,3.2012463343108504,0.04790066564260113
CSO-13-7A-RXCHLU-CorrEtiq.txt,50.0,33.0,49.0,2.0,3.0,0.0,1.0,1.0,33.0,31.0,2.9696969696969697,0.08712121212121213,7.0,3.2999342332240813,0.051160694162722564
CSO-13-7A-YAMEZA-CorrEtiq.txt,50.0,35.0,49.0,2.0,3.0,0.0,1.0,1.0,35.0,33.0,2.8,0.07871148459383753,8.0,3.643716577540107,0.043902613677049764
CSO-13-7A-YBOSO-CorrEtiq.txt,50.0,29.0,43.0,5.0,6.0,1.0,1.0,2.0,27.0,18.5,2.8666666666666667,0.08374384236453201,6.0,3.0833048433048433,0.05314226003881176
CSO-13-8A-KIGAGU-CorrEtiq.txt,50.0,33.0,49.0,4.0,5.0,2.0,1.0,1.0,33.0,31.0,2.9696969696969697,0.08266129032258064,7.5,3.4747102873407427,0.04728622631848439
CSO-13-8A-MBUAN-CorrEtiq.txt,50.0,35.0,49.0,3.0,4.0,1.0,1.0,1.0,35.0,32.0,2.8,0.07394957983193277,9.0,4.086693548387097,0.034188034188034185
CSO-13-8A-MGAAN-CorrEtiq.txt,50.0,36.0,49.0,2.0,4.0,0.0,1.0,0.0,36.0,33.0,2.7222222222222223,0.07301587301587302,8.0,3.7927927927927927,0.0
CSO-13-8A-MGAHE-CorrEtiq.txt,50.0,34.0,49.0,3.0,3.5,0.0,0.0,1.0,34.0,32.0,2.8823529411764706,0.079268525592055,8.0,3.64812675070028,0.042264752791068574
CSO-13-8A-MJAGA-CorrEtiq.txt,50.0,30.0,49.0,6.0,6.0,3.0,1.0,2.0,30.0,28.0,3.2666666666666666,0.09425287356321839,7.0,3.335632183908046,0.08210180623973727
CSO-13-8A-VHODU-CorrEtiq.txt,50.0,33.0,49.0,2.0,3.0,0.0,1.0,2.0,33.0,32.0,2.9696969696969697,0.08522727272727272,7.0,3.3693181818181817,0.07622655122655123
CSO-13-8B-FCJISA-CorrEtiq.txt,50.0,35.0,49.0,2.0,3.0,0.0,1.0,1.0,35.0,33.0,2.8,0.07563025210084033,9.0,3.816464237516869,0.06782312925170068
CSO-13-8B-JEMABE-CorrEtiq.txt,50.0,31.0,49.0,6.0,6.0,0.0,0.0,1.0,30.0,28.0,3.161290322580645,0.09195402298850575,7.0,3.259770114942529,0.06037414965986394
CSO-13-9B-DMLLLU-CorrEtiq.txt,50.0,31.0,49.0,5.0,6.0,0.0,1.0,2.0,31.0,29.0,3.161290322580645,0.0896551724137931,7.0,3.314814814814815,0.06984224724372506
CSO-14-7A-MVEBE-CorrEtiq.txt,50.0,32.0,49.0,1.0,2.0,1.0,1.0,1.0,32.0,30.0,3.0625,0.09274193548387097,6.0,3.026209677419355,0.051413690476190474
CSO-14-7B-EALHU-CorrEtiq.txt,50.0,33.0,49.0,5.0,5.0,0.0,1.0,2.0,33.0,31.0,2.9696969696969697,0.08333333333333333,8.0,3.501075268817204,0.06077097505668933
CSO-14-7B-EVEGO-CorrEtiq.txt,50.0,36.0,49.0,3.0,4.0,0.0,1.0,1.0,36.0,33.0,2.7222222222222223,0.07142857142857142,9.0,3.9402560455192033,0.0505050505050505
CSO-14-8A-AQUMA-CorrEtiq.txt,50.0,32.0,49.0,3.0,5.0,0.0,1.0,2.0,32.0,30.0,3.0625,0.09247311827956989,7.0,3.1572214076246334,0.07555555555555556
CSO-14-8A-MCIDOS-CorrEtiq.txt,50.0,33.0,49.0,3.0,4.0,0.0,1.0,2.0,31.0,28.0,2.9696969696969697,0.08377896613190731,7.0,3.4394194041252866,0.07633053221288516
CSO-14-8A-SZARA-CorrEtiq.txt,50.0,34.0,49.0,3.0,4.0,1.0,1.0,1.0,34.0,32.0,2.8823529411764706,0.07765151515151515,8.0,3.750445632798574,0.040163540163540165
CSO-14-8B-JLLORA-CorrEtiq.txt,50.0,33.0,49.0,2.0,3.0,1.0,1.0,2.0,33.0,31.0,2.9696969696969697,0.08712121212121213,7.0,3.3664772727272725,0.0993288110698825
CSO-14-9A-AEDCAGO-CorrEtiq.txt,50.0,36.0,49.0,2.0,4.0,0.0,1.0,1.0,36.0,32.0,2.7222222222222223,0.07226890756302522,9.0,4.005131602190426,0.04209945239357005
CSO-14-9A-HASACA-CorrEtiq.txt,50.0,35.0,49.0,2.0,4.0,0.0,1.0,1.0,35.0,32.0,2.8,0.0773109243697479,8.0,3.730837789661319,0.03888888888888889
CSO-14-9A-JSMAAL-CorrEtiq.txt,50.0,34.0,49.0,3.0,3.0,1.0,1.0,1.0,34.0,32.0,2.8823529411764706,0.07765151515151515,8.0,3.6976911976911975,0.07519686662543806
CSO-14-9A-MARJA-CorrEtiq.txt,50.0,35.0,49.0,3.0,4.0,0.0,0.0,2.0,35.0,32.0,2.8,0.07899159663865546,8.0,3.653968253968254,0.0654421768707483
CSO-14-9A-SORZU-CorrEtiq.txt,50.0,32.0,49.0,3.5,5.0,1.0,2.0,2.0,31.0,29.0,2.9696969696969697,0.08333333333333333,8.0,3.405779569892473,0.0753797333938463
CSO-14-9B-ERAGA-CorrEtiq.txt,50.0,30.0,49.0,3.0,5.0,1.0,1.0,3.0,30.0,28.0,3.2666666666666666,0.0967741935483871,6.0,3.0755654430849093,0.11251368363437331
CSO-14-9B-MFEGA-CorrEtiq.txt,50.0,31.5,49.0,5.0,6.0,1.0,1.0,2.0,31.5,30.0,3.1118951612903225,0.08817204301075268,8.0,3.4440860215053766,0.04974747474747475
CSO-15-10A-LJRAGU-CorrEtiq.txt,50.0,34.0,49.0,4.0,4.0,0.0,0.0,1.0,33.0,31.0,2.8484848484848486,0.08021390374331551,8.0,3.483284457478006,0.04163059163059163
CSO-15-10A-MAARLO-CorrEtiq.txt,50.0,33.0,49.0,3.0,4.0,1.0,1.0,2.0,33.0,30.0,2.9696969696969697,0.08522727272727272,8.0,3.473348363260766,0.08375592661306946
CSO-15-10A-SFEGA-CorrEtiq.txt,50.0,30.0,49.0,5.0,7.0,0.0,1.0,2.0,29.0,27.0,3.2666666666666666,0.09425287356321839,7.0,3.1333333333333333,0.07453416149068323
CSO-15-10B-MEBUAR-CorrEtiq.txt,50.0,34.0,49.0,2.0,4.0,0.0,2.0,1.0,34.0,32.0,2.8823529411764706,0.08199643493761141,8.0,3.5764016897081414,0.06578947368421052
CSO-15-10B-YVBUAN-CorrEtiq.txt,50.0,34.0,49.0,3.0,3.0,0.0,1.0,1.0,34.0,32.0,2.8,0.0784313725490196,8.0,3.553475935828877,0.05596838735494197
CSO-15-10C-ALBAHO-CorrEtiq.txt,50.0,34.0,49.0,4.0,5.0,1.0,1.0,2.0,34.0,31.0,2.8823529411764706,0.07765151515151515,8.0,3.816806722689076,0.06036036036036036
CSO-15-10C-SSCAMO-CorrEtiq.txt,50.0,34.0,49.0,4.0,5.0,0.0,1.0,1.0,34.0,32.0,2.8823529411764706,0.0746031746031746,9.0,3.925203775203775,0.03732303732303732
CSO-15-11C-JETALO-CorrEtiq.txt,50.0,33.0,49.0,4.0,6.0,1.0,2.0,2.0,33.0,31.0,2.9696969696969697,0.08172043010752689,8.0,3.7620967741935485,0.06262626262626261
CSO-15-7B-JCRAGA-CorrEtiq.txt,50.0,33.0,49.0,3.0,3.0,1.0,0.0,2.0,33.0,31.0,2.9696969696969697,0.08266488413547238,8.0,3.757575757575758,0.08025210084033614
CSO-15-8A-VBMABR-CorrEtiq.txt,50.0,32.0,49.0,5.0,6.0,0.0,1.0,1.0,32.0,30.0,3.0625,0.08712121212121213,8.0,3.4571428571428573,0.05777777777777778
CSO-15-8B-KEPOGO-CorrEtiq.txt,50.0,36.0,49.0,2.0,2.0,0.0,0.0,1.0,36.0,34.0,2.7222222222222223,0.07207207207207207,9.0,3.8951612903225805,0.02905982905982906
CSO-15-9B-ALRIHE-CorrEtiq.txt,50.0,35.0,49.0,2.0,3.0,1.0,1.0,0.5,35.0,33.0,2.8,0.0766488413547237,8.0,3.693404634581105,0.011204481792717087
CSO-15-9B-AMSAGO-CorrEtiq.txt,50.0,37.0,49.0,2.0,2.0,0.0,0.0,2.0,36.0,32.0,2.6486486486486487,0.07142857142857142,9.0,3.941678520625889,0.04945054945054945
CSO-15-9B-JCAPA-CorrEtiq.txt,50.0,34.0,49.0,3.0,3.0,1.0,0.0,1.0,34.0,32.0,2.8823529411764706,0.08067226890756303,8.0,3.573083778966132,0.06574074074074074
CSO-15-9B-KSBEJA-CorrEtiq.txt,50.0,30.0,49.0,4.5,6.0,0.0,1.0,1.0,30.0,29.0,3.2666666666666666,0.09558769002595477,7.0,3.209005376344086,0.03737373737373738
CSO-15-9B-RMCHLU-CorrEtiq.txt,50.0,32.0,49.0,4.0,6.0,0.0,2.0,2.0,32.0,31.0,3.0625,0.08522727272727272,7.0,3.4420168067226893,0.08107638888888889
CSO-15-9B-SJAGRO-CorrEtiq.txt,50.0,39.0,49.0,1.0,2.0,0.0,1.0,0.0,39.0,34.0,2.5128205128205128,0.06477732793522267,10.0,4.222560975609756,0.02770034843205575
CSO-16-10A-JEGAHE-CorrEtiq.txt,50.0,33.0,49.0,3.0,4.0,0.0,1.0,1.0,33.0,31.0,2.9696969696969697,0.08333333333333333,7.0,3.499159663865546,0.04326530612244898
CSO-16-10A-MSACO-CorrEtiq.txt,50.0,35.0,49.0,2.0,3.0,0.0,0.0,1.0,35.0,33.0,2.8,0.0773109243697479,9.0,3.8228228228228227,0.04273504273504273
CSO-16-10A-SARI-CorrEtiq.txt,50.0,32.0,45.0,5.0,5.0,0.0,0.0,1.0,31.0,26.0,2.764705882352941,0.0766488413547237,9.0,3.734402852049911,0.04285714285714286
CSO-16-10A-SMOUT-CorrEtiq.txt,50.0,36.0,49.0,2.0,4.0,1.0,1.0,1.0,36.0,33.0,2.7222222222222223,0.07226890756302522,9.0,4.047374847374847,0.058163265306122446
CSO-16-10A-YKMUJO-CorrEtiq.txt,50.0,31.0,49.0,3.0,4.0,0.0,1.0,2.0,31.0,30.0,3.161290322580645,0.09247311827956989,7.0,3.133198924731183,0.08783449413489736
CSO-16-10B-JESUGU-CorrEtiq.txt,50.0,36.0,49.0,2.0,2.0,0.0,0.0,2.0,36.0,34.0,2.7222222222222223,0.0746031746031746,8.0,3.7142857142857144,0.05932539682539682
CSO-16-10B-LTVIFA-CorrEtiq.txt,50.0,40.0,49.0,2.0,2.0,0.0,0.0,0.0,40.0,37.0,2.45,0.05897435897435897,11.0,4.713136029567352,0.016723356009070295
CSO-16-10B-VVILI-CorrEtiq.txt,50.0,35.0,49.0,2.0,4.0,0.0,1.0,1.0,35.0,32.0,2.8,0.0748663101604278,9.0,3.9402852049910875,0.03627450980392157
CSO-16-10C-ACALGU-CorrEtiq.txt,50.0,34.0,47.0,3.0,4.0,0.0,1.0,2.0,34.0,30.0,2.8,0.07954545454545454,8.0,3.496774193548387,0.05110087045570916
CSO-16-10C-MAVAVE-CorrEtiq.txt,50.0,36.0,49.0,2.0,3.0,0.0,1.0,1.0,36.0,34.0,2.7222222222222223,0.07057057057057058,9.5,4.174055634581951,0.04047229047229048
CSO-16-11A-JAVABO-CorrEtiq.txt,50.0,36.0,49.0,2.0,3.0,0.0,0.0,1.0,36.0,33.0,2.7222222222222223,0.0746031746031746,8.0,3.792063492063492,0.059829059829059825
CSO-16-11A-JDMUVA-CorrEtiq.txt,50.0,36.0,49.0,2.0,3.0,0.0,0.0,1.0,36.0,33.0,2.7222222222222223,0.07301587301587302,8.0,3.7861344537815125,0.05051480051480051
CSO-16-11A-VZAOR-CorrEtiq.txt,50.0,37.0,49.0,1.0,2.0,1.0,1.0,1.0,36.0,30.0,2.5714285714285716,0.06554621848739496,9.0,4.028409090909091,0.03187830687830688
CSO-16-11B-KRORE-CorrEtiq.txt,50.0,34.0,49.0,4.0,4.0,0.0,0.0,1.0,34.0,32.0,2.8823529411764706,0.08021390374331551,9.0,3.6309261974584555,0.05793290770609319
CSO-16-11B-LLOZA-CorrEtiq.txt,50.0,37.0,49.0,2.0,3.0,0.0,1.0,1.0,36.0,34.0,2.6486486486486487,0.06984126984126984,9.0,3.9025210084033612,0.049814814814814826
CSO-16-11B-YAROMO-CorrEtiq.txt,50.0,36.0,49.0,3.0,5.0,1.0,2.0,1.0,36.0,33.0,2.7222222222222223,0.06984126984126984,9.0,4.310924369747899,0.0543859649122807
CSO-16-9A-JALEMO-CorrEtiq.txt,50.0,35.0,49.0,2.0,3.0,0.0,1.0,1.0,35.0,33.0,2.8,0.0784313725490196,8.0,3.6185383244206775,0.03627450980392157
CSO-16-9A-JPROSO-CorrEtiq.txt,50.0,36.0,49.0,3.0,4.0,1.0,1.0,0.0,36.0,32.0,2.7222222222222223,0.06825396825396825,10.0,4.346031746031746,0.041666666666666664
CSO-16-9A-JSMAGU-CorrEtiq.txt,50.0,33.0,49.0,3.0,4.0,0.0,1.0,2.0,33.0,31.0,2.9696969696969697,0.08522727272727272,7.0,3.396207757296467,0.08586070791953146
CSO-16-9B-SJPAJI-CorrEtiq.txt,50.0,34.0,49.0,3.0,3.0,0.0,0.0,1.0,34.0,32.0,2.8823529411764706,0.08199643493761141,8.0,3.507936507936508,0.043164362519201235
CSO-17-10A-YVGOCA-CorrEtiq.txt,50.0,33.0,49.0,2.0,4.0,0.0,2.0,2.0,33.0,32.0,2.9696969696969697,0.08235294117647059,7.0,3.4761904761904763,0.07575757575757576
CSO-17-10B-EHECO-CorrEtiq.txt,50.0,35.0,49.0,3.0,4.0,0.0,1.0,0.0,34.0,32.0,2.8,0.0748663101604278,8.0,3.6735632183908047,0.03320802005012531
CSO-17-10B-YCQUVE.txt,50.0,33.0,49.0,4.0,5.0,0.0,1.0,1.0,33.0,30.0,2.9375,0.07954545454545454,8.0,3.623809523809524,0.04285714285714286
CSO-17-11A-DJAPA-CorrEtiq.txt,50.0,35.0,49.0,3.0,4.0,0.0,1.0,1.0,35.0,32.0,2.8,0.0761904761904762,8.0,3.7109243697478993,0.04111111111111111
CSO-17-11A-JDAMO-CorrEtiq.txt,50.0,33.0,49.0,5.0,5.0,0.0,0.0,1.0,33.0,31.0,2.9696969696969697,0.08143939393939394,8.0,3.7747973089529068,0.05316239316239316
CSO-17-11A-NPAHE-CorrEtiq.txt,50.0,35.0,49.0,3.0,3.0,0.0,1.0,1.0,35.0,33.0,2.8,0.07563025210084033,8.0,3.683712121212121,0.04738863287250385
CSO-17-11A-RLPAIG-CorrEtiq.txt,50.0,34.0,49.0,3.0,3.0,1.0,1.0,1.0,34.0,32.0,2.8823529411764706,0.0784313725490196,8.0,3.7839553839553837,0.0574074074074074
CSO-17-11A-SPUVA-CorrEtiq.txt,50.0,31.0,49.0,5.0,5.0,1.0,0.5,2.0,31.0,30.0,3.161290322580645,0.09247311827956989,7.0,3.280241935483871,0.1100970017636684
CSO-17-11B-CDBEBU-CorrEtiq.txt,50.0,36.0,49.0,2.0,3.0,0.0,1.0,2.0,36.0,33.0,2.7222222222222223,0.07394957983193277,9.0,3.876876876876877,0.05357142857142857
CSO-17-11C-JDAAG-CorrEtiq.txt,50.0,37.0,49.0,1.0,2.0,0.0,1.0,1.5,37.0,35.0,2.6486486486486487,0.07175032175032175,9.0,4.05070785070785,0.051219512195121955
CSO-17-11C-MAPAMA-CorrEtiq.txt,50.0,33.0,49.0,2.0,4.0,0.0,1.0,1.0,33.0,31.0,2.9696969696969697,0.08333333333333333,7.0,3.4622434017595305,0.06397158863545419
CSO-17-11C-MCAAG-CorrEtiq.txt,50.0,34.0,49.0,3.0,4.0,0.0,1.0,1.0,34.0,32.0,2.8823529411764706,0.07765151515151515,8.0,3.6641880994822174,0.03619047619047619
CSO-17-11C-SARJA-CorrEtiq.txt,50.0,34.0,49.0,2.0,3.0,0.0,1.0,2.0,34.0,32.0,2.8823529411764706,0.07899159663865546,8.0,3.5329768270944744,0.056878306878306875
CSO-18-11A-ADBAHO-CorrEtiq.txt,50.0,36.0,49.0,2.0,3.0,0.0,1.0,1.0,36.0,34.0,2.7222222222222223,0.0746031746031746,8.0,3.6554621848739495,0.050406504065040644
CSO-18-11B-YLLRE-CorrEtiq.txt,50.0,35.0,49.0,3.0,4.0,0.0,1.0,1.0,35.0,32.0,2.8,0.0761904761904762,9.0,3.793560606060606,0.05641534391534391
CSO-18-9B-MAMOLO-CorrEtiq.txt,50.0,34.0,49.0,4.0,6.0,1.0,1.0,1.0,34.0,31.0,2.8823529411764706,0.07226890756302522,9.0,4.233285917496444,0.03981481481481482
CSO-8-3A-AIPRBR-CorrEtiq.txt,50.0,31.0,49.0,4.0,4.0,1.0,1.0,2.0,31.0,29.0,3.161290322580645,0.09032258064516129,7.0,3.303939953724436,0.05413165266106442
CSO-8-3A-DAPAVA-CorrEtiq.txt,50.0,31.0,49.0,4.0,5.0,1.0,2.0,2.0,31.0,29.0,3.161290322580645,0.08690738025415445,8.0,3.490530303030303,0.0683710868606702
CSO-8-3A-KVPECO-CorrEtiq.txt,50.0,32.0,49.0,3.0,3.0,1.0,0.0,2.0,32.0,30.0,3.032258064516129,0.0876466275659824,7.0,3.2008064516129036,0.08776561699948796
CSO-8-4A-ARAGR-CorrEtiq.txt,50.0,35.0,49.0,3.0,4.0,0.0,1.0,1.0,35.0,30.5,2.764705882352941,0.0747347423818012,9.0,4.001782531194296,0.04638519375361481
CSO-8-4A-JRAAR-CorrEtiq.txt,50.0,29.0,49.0,5.0,7.0,0.0,1.0,2.0,29.0,26.0,3.2666666666666666,0.10344827586206896,6.0,2.8817733990147785,0.07206959706959706
CSO-9-2A-EXMOCO-CorrEtiq.txt,50.0,31.0,47.0,4.0,5.0,0.0,0.0,2.0,30.5,27.0,2.9696969696969697,0.08602150537634409,7.0,3.362088143338143,0.1125801282051282
CSO-9-4A-AGAPE-CorrEtiq.txt,50.0,33.0,49.0,3.0,5.0,0.0,2.0,1.0,33.0,31.0,2.9696969696969697,0.0846774193548387,7.0,3.400563236047107,0.05535776484052347
CSO-9-4A-DKVIMO-CorrEtiq.txt,50.0,30.0,49.0,4.0,5.0,1.0,0.0,1.0,30.0,29.0,3.161290322580645,0.09462365591397849,6.0,3.0580645161290323,0.05468509984639017
CSO-9-4A-DSMOMU-CorrEtiq.txt,50.0,36.0,49.0,3.0,3.0,0.0,1.0,0.0,35.0,31.0,2.6486486486486487,0.07142857142857142,9.0,3.920377867746289,0.03333333333333334
CSO-9-4A-DVGATO-CorrEtiq.txt,50.0,33.0,49.0,3.0,4.0,1.0,1.0,1.0,32.0,30.0,2.9696969696969697,0.08143939393939394,8.0,3.5738636363636362,0.060000000000000005
CSO-9-4A-EGCAMO-CorrEtiq.txt,50.0,32.0,49.0,4.0,5.0,1.0,1.0,2.0,32.0,30.0,3.0625,0.08735632183908046,7.0,3.3126436781609194,0.0773809523809524
CSO-9-4A-FAGIGA-CorrEtiq.txt,50.0,33.0,48.0,2.0,4.0,1.0,2.0,0.0,32.0,29.0,2.7222222222222223,0.07311827956989247,8.0,3.6295566502463057,0.00925925925925926
CSO-9-4A-GSBRCO-CorrEtiq.txt,50.0,30.0,49.0,5.0,6.0,1.0,1.0,2.0,30.0,28.0,3.2666666666666666,0.09655172413793103,7.0,3.1576354679802954,0.08965986394557825
CSO-9-4A-KEMOCO-CorrEtiq.txt,50.0,30.0,49.0,5.0,5.0,0.0,1.0,2.0,30.0,29.0,3.2666666666666666,0.1010752688172043,7.0,3.0467980295566504,0.08463901689708143
CSO-9-4A-LCOMO-CorrEtiq.txt,50.0,36.0,49.0,2.0,3.0,0.0,1.0,1.0,36.0,33.0,2.7222222222222223,0.07058823529411765,10.0,4.162210338680927,0.05585585585585585
CSO-9-4A-MLORO-CorrEtiq.txt,50.0,31.0,49.0,4.0,5.0,1.0,0.0,2.0,31.0,30.0,3.161290322580645,0.09247311827956989,7.0,3.287831386725992,0.06770833333333334
CSO-9-4A-MPAME-CorrEtiq.txt,50.0,31.5,49.0,5.0,5.0,1.0,1.0,0.0,31.0,29.0,3.1118951612903225,0.08817204301075268,7.0,3.236895161290323,0.04375
CSO-9-4A-NSARPA-CorrEtiq.txt,50.0,33.0,49.0,3.0,4.0,0.0,1.0,1.0,32.0,30.0,2.9375,0.08387096774193549,7.0,3.3895310867293627,0.03003472222222222
CSO-9-4A-SLOCA-CorrEtiq.txt,50.0,31.0,49.0,5.0,5.0,1.0,0.0,2.0,31.0,29.0,3.161290322580645,0.09195402298850575,7.0,3.2980295566502464,0.12298850574712643
CSO-9-4A-YVDITR-CorrEtiq.txt,50.0,27.0,49.0,6.0,8.0,0.0,1.0,3.0,27.0,25.0,3.5,0.11076923076923077,6.0,3.0,0.10384615384615385
