file,wc,nodes,edges,re,pe,l1,l2,l3,lcc,lsc,atd,density,diameter,asp,cc
CDMS-10-4A-JURAN-CorrEtiq.txt,170.0,84.0,169.0,18.5,23.5,1.0,5.0,4.0,84.0,83.5,4.028948488718603,0.04156073341451583,6.5,3.2439554931836407,0.05699539333000381
CDMS-10-5A-HEPIHO-CorrEtiq.txt,170.0,88.0,167.0,21.0,25.0,0.0,3.0,10.0,86.0,83.0,3.797752808988764,0.03881511746680286,7.0,3.294688457609806,0.09829724123041686
CDMS-10-5A-KSRAGU-CorrEtiq.txt,170.0,77.0,169.0,21.0,25.0,3.0,4.0,7.0,77.0,76.0,4.3896103896103895,0.04818865345181134,6.0,3.1230348598769653,0.06795158834883816
CDMS-10-5A-SROPU-CorrEtiq.txt,170.0,78.0,169.0,33.0,37.0,3.0,6.0,3.0,78.0,78.0,4.333333333333333,0.04295704295704296,8.0,3.463869463869464,0.06722305472305472
CDMS-10-5A-SZURO-CorrEtiq.txt,170.0,80.0,169.0,28.0,30.0,0.0,2.0,8.0,80.0,77.0,4.225,0.0439873417721519,7.0,3.3975376196990426,0.09972853535353535
CDMS-10-5B-SRAJA-CorrEtiq.txt,170.0,82.0,169.0,21.0,24.0,0.5,3.0,12.5,82.0,81.0,4.122564331399673,0.04352695334182258,6.5,3.033384441106794,0.14915501884352722
CDMS-10-5C-DAAUSA-CorrEtiq.txt,170.0,73.0,169.0,29.0,34.5,1.5,6.0,9.5,73.0,73.0,4.631006006006006,0.04944301333940539,7.0,3.1122848200312987,0.11708545144143521
CDMS-10-5C-ICAPA-CorrEtiq.txt,170.0,64.0,165.0,36.0,43.0,3.0,7.0,15.0,62.0,59.0,5.15625,0.059027777777777776,7.0,2.9830777366472767,0.17373060510396038
CDMS-10-5C-JFALGI-CorrEtiq.txt,170.0,76.0,169.0,28.0,32.0,0.0,4.0,8.0,76.0,76.0,4.447368421052632,0.04807017543859649,7.0,3.069122807017544,0.18184363881732304
CDMS-10-5C-MAORTO-CorrEtiq.txt,170.0,67.0,169.0,35.0,41.0,5.0,6.0,14.0,67.0,67.0,5.044776119402985,0.05698778833107191,6.0,2.8986883763003166,0.1175547178204172
CDMS-10-5C-NBEMO-CorrEtiq.txt,170.0,72.0,169.0,28.0,32.0,4.0,5.0,11.0,72.0,71.0,4.694444444444445,0.051643192488262914,6.0,2.951095461658842,0.12989883132740276
CDMS-10-6B-ASCACO-CorrEtiq.txt,170.0,68.5,169.0,31.5,33.0,0.0,1.5,17.0,68.5,67.0,4.936673773987207,0.05891266423388422,5.5,2.8074154917114034,0.1976682289401669
CDMS-10-6B-JJMOBE-CorrEtiq.txt,170.0,74.0,169.0,27.0,32.5,0.0,5.5,7.5,74.0,73.0,4.568401826484019,0.05053971779999177,6.5,3.1159675428853513,0.059963739696976895
CDMS-11-4A-GACHSA-CorrEtiq.txt,170.0,72.0,169.0,37.0,39.0,2.0,4.0,6.0,72.0,70.0,4.694444444444445,0.05046948356807512,7.0,3.217136150234742,0.1251154709488043
CDMS-11-5A-EAARCA-CorrEtiq.txt,170.0,82.0,169.0,28.0,29.0,1.0,1.0,8.0,82.0,82.0,4.121951219512195,0.04185486299307437,6.0,3.274616079494128,0.12135461183165631
CDMS-11-5A-MGTHAR-CorrEtiq.txt,170.0,70.0,169.0,34.0,37.0,4.5,4.0,10.0,70.0,68.5,4.829557052459686,0.05279803286899573,7.5,3.0429522574492136,0.1209174014492769
CDMS-11-6A-DFVEBE-CorrEtiq.txt,170.0,81.0,167.0,21.0,21.0,7.5,3.0,8.5,81.0,76.5,4.1234567901234565,0.04274691358024692,8.5,3.317283950617284,0.11896364741633284
CDMS-11-6A-NMREPR-CorrEtiq.txt,170.0,78.0,169.0,30.0,33.0,0.0,2.0,8.0,78.0,77.0,4.333333333333333,0.04528804528804529,8.0,3.3836163836163835,0.12926349373717794
CDMS-11-6B-ARAHE-CorrEtiq.txt,170.0,72.0,165.0,33.0,35.0,4.0,2.0,7.0,71.0,68.0,4.583333333333333,0.05030181086519115,7.0,3.1181981981981983,0.051073232323232326
CDMS-11-6B-AVROTO-CorrEtiq.txt,170.0,88.0,169.0,12.0,14.0,0.0,2.0,8.0,88.0,87.0,3.840909090909091,0.04049111807732497,7.0,3.401776384535005,0.09367668150562887
CDMS-11-6B-EAFESA-CorrEtiq.txt,170.0,72.5,169.0,34.0,37.0,1.5,4.0,7.0,72.5,71.5,4.664065473924628,0.04901369942140883,7.0,3.2440769757381758,0.09911548101483166
CDMS-11-6B-EFRGR-CorrEtiq.txt,170.0,74.0,169.0,37.0,38.0,3.0,1.0,11.0,74.0,73.0,4.5675675675675675,0.04998148833765272,6.0,3.2054794520547945,0.1257287183757772
CDMS-11-6B-EROCO-CorrEtiq.txt,170.0,69.0,165.0,24.0,28.0,1.0,4.0,16.0,68.0,67.0,4.782608695652174,0.057971014492753624,6.0,2.942054433713784,0.13810938193089223
CDMS-11-6B-JACUPE-CorrEtiq.txt,170.0,69.0,167.0,26.0,29.0,8.0,9.0,12.0,68.0,66.0,4.771428571428571,0.054244306418219465,6.0,3.0106564364876385,0.15107937114239633
CDMS-11-6B-JDCHBA-CorrEtiq.txt,170.0,75.5,169.0,27.5,34.0,5.0,7.5,13.0,75.5,75.0,4.478588978588979,0.04657884740797502,6.5,3.2070865701002687,0.1380383391246558
CDMS-11-6B-JFSAHE-CorrEtiq.txt,170.0,85.0,169.0,19.0,23.0,0.0,4.0,3.0,85.0,85.0,3.976470588235294,0.04044750430292599,7.0,3.397590361445783,0.025667057043868638
CDMS-11-6B-JLPENA-CorrEtiq.txt,170.0,78.0,159.0,18.0,21.0,2.0,4.0,15.0,76.0,73.0,4.076923076923077,0.04628704628704629,7.0,3.119298245614035,0.12880804091741588
CDMS-11-6B-JMARME-CorrEtiq.txt,170.0,77.0,169.0,30.0,33.0,0.0,3.0,10.0,76.0,76.0,4.3896103896103895,0.046296296296296294,7.0,3.1937888198757762,0.1498527031517261
CDMS-11-6B-JPSAMA-CorrEtiq.txt,170.0,87.5,167.0,16.0,19.5,1.5,3.5,8.5,87.5,83.0,3.8202614379084965,0.03862975901971276,8.0,3.4045447392440122,0.12095328994982973
CDMS-11-6B-LESTA-CorrEtiq.txt,170.0,70.5,169.0,29.5,32.5,1.0,3.0,13.0,70.5,69.5,4.796497584541063,0.05532391564504961,5.5,2.990949533518245,0.12239599947666871
CDMS-11-6B-MAGIMU-CorrEtiq.txt,170.0,62.0,169.0,36.5,41.5,0.5,5.0,19.0,62.0,61.0,5.451612903225806,0.0671602326811211,6.0,2.825753569539926,0.20609104690985747
CDMS-11-6B-MEBRTA-CorrEtiq.txt,170.0,73.0,169.0,24.0,31.0,4.0,8.0,8.0,73.0,70.0,4.63013698630137,0.05098934550989345,8.0,3.2207001522070016,0.10332513757171291
CDMS-11-6B-MMAMO-CorrEtiq.txt,170.0,80.0,169.0,17.0,21.0,2.0,3.0,8.0,80.0,80.0,4.225,0.04588607594936709,7.0,3.23921568627451,0.09313194846089583
CDMS-11-6B-RSECA-CorrEtiq.txt,170.0,72.0,169.0,28.0,32.0,1.0,5.0,11.0,72.0,71.0,4.694444444444445,0.0528169014084507,6.0,2.965962441314554,0.12821371393675315
CDMS-11-6B-SCAPA-CorrEtiq.txt,170.0,85.0,169.0,24.0,25.0,0.0,1.0,6.0,85.0,85.0,3.976470588235294,0.040336134453781515,7.0,3.3134453781512607,0.03753187412356963
CDMS-11-6B-VZAPE-CorrEtiq.txt,170.0,72.0,169.0,34.0,38.5,4.0,4.5,10.5,72.0,70.5,4.702608695652174,0.049539411534296446,7.0,3.1453853597843366,0.08705477278239426
CDMS-11-6B-YLNIME-CorrEtiq.txt,170.0,80.0,169.0,21.0,24.5,0.0,3.5,8.0,80.0,79.5,4.227642276422764,0.045758968523196164,6.5,3.192875477428323,0.08572480245722713
CDMS-11-7C-ICARE-CorrEtiq.txt,170.0,76.0,169.0,26.0,29.0,0.5,3.0,13.0,76.0,74.5,4.447368421052632,0.04894736842105263,7.5,3.1871929824561405,0.15047144118351546
CDMS-11-7C-IMOIB-CorrEtiq.txt,170.0,84.0,169.0,18.5,23.0,2.5,3.5,5.5,84.0,83.5,4.024379872430901,0.04145905203103868,7.0,3.3346387394217163,0.08452796847757495
CDMS-11-7C-SALMA-CorrEtiq.txt,170.0,77.0,169.0,33.0,35.0,0.0,3.0,9.0,77.0,76.0,4.3896103896103895,0.0468215994531784,7.0,3.2028158295281584,0.10320035305143274
CDMS-11-7C-SPGAVE-CorrEtiq.txt,170.0,80.5,165.0,23.5,26.0,6.0,4.0,8.5,78.5,77.0,4.118604651162791,0.04189793076249984,7.5,3.4391453616160663,0.13355751377365604
CDMS-12-5A-SRIGO-CorrEtiq.txt,170.0,80.5,169.0,24.5,26.5,2.5,3.5,6.5,80.5,80.0,4.2184496124031,0.04342582394306532,6.5,3.3446893678904623,0.09219800483753973
CDMS-12-6A-FAROPA-CorrEtiq.txt,170.0,81.0,169.0,18.0,21.0,2.0,3.0,8.0,81.0,80.0,4.172839506172839,0.042901234567901236,7.0,3.2193037974683545,0.10038550900384005
CDMS-12-6A-JGIGA-CorrEtiq.txt,170.0,74.0,169.0,27.0,33.5,1.5,6.5,9.0,74.0,73.0,4.588515868647955,0.04989868603128987,6.5,3.0570047755777305,0.10132803570758828
CDMS-12-6A-JSOTGU-CorrEtiq.txt,170.0,71.0,169.0,30.0,32.0,2.0,2.0,9.0,71.0,71.0,4.76056338028169,0.053923541247484906,7.0,3.1672877846790892,0.11732399056342717
CDMS-12-6A-SROAL-CorrEtiq.txt,170.0,77.0,169.0,27.0,28.0,1.0,2.0,12.0,77.0,76.0,4.3896103896103895,0.04818865345181134,7.0,3.1628070175438596,0.11075475750800426
CDMS-12-6B-IJDAGA-CorrEtiq.txt,170.0,68.5,169.0,28.0,32.0,8.0,6.5,11.0,68.5,68.5,4.936673773987207,0.0558994974309705,6.0,2.971814838849232,0.1165453804247232
CDMS-12-6B-SCLAG-CorrEtiq.txt,170.0,70.0,169.0,29.0,33.0,3.5,5.5,10.0,70.0,70.0,4.832516339869281,0.05445552546573952,6.5,3.1587631093359496,0.10815628514931921
CDMS-12-7C-ARAHE-CorrEtiq.txt,170.0,78.0,169.0,19.0,24.0,0.0,5.0,15.0,78.0,77.0,4.333333333333333,0.04828504828504829,7.0,3.1068931068931067,0.1780875819337358
CDMS-12-7C-CATRAR-CorrEtiq.txt,170.0,81.0,167.0,27.0,31.0,0.0,4.0,10.0,80.0,79.0,4.1234567901234565,0.04197530864197531,7.0,3.232594936708861,0.08795516258202826
CDMS-12-7C-DLOLO-CorrEtiq.txt,170.0,76.5,169.0,31.0,32.0,1.0,1.0,9.0,76.5,75.5,4.450430292598967,0.04795938792284728,6.5,3.1833875115672505,0.1411756178718766
CDMS-12-7C-JSZAOR-CorrEtiq.txt,170.0,84.0,169.0,15.0,19.0,1.0,4.0,8.0,84.0,83.0,4.023809523809524,0.04274239816408491,7.0,3.242398164084911,0.06302814423115174
CDMS-12-7C-MAROBE-CorrEtiq.txt,170.0,83.0,169.0,20.0,24.0,0.0,4.0,7.0,83.0,82.0,4.072289156626506,0.04260946223920071,7.0,3.339873417721519,0.11242118992118995
CDMS-12-7C-VQURA-CorrEtiq.txt,170.0,83.0,169.0,21.0,24.0,0.0,3.0,9.0,83.0,82.0,4.072289156626506,0.041727887158389654,7.0,3.3699676755803702,0.11191780107442757
CDMS-13-6B-ASUMO-CorrEtiq.txt,170.0,81.0,159.0,15.0,20.0,1.0,5.0,13.0,80.0,72.0,3.925925925925926,0.04259259259259259,8.0,3.333227848101266,0.10809540423690178
CDMS-13-6B-JDTAHE-CorrEtiq.txt,170.0,79.5,163.0,21.5,24.0,3.5,3.5,8.5,78.0,74.0,4.101107594936709,0.043451801363193765,7.5,3.3751248751248752,0.10153971947170476
CDMS-13-7C-MVEAR-CorrEtiq.txt,170.0,69.0,169.0,23.0,25.0,7.0,4.0,10.0,69.0,67.0,4.898550724637682,0.058823529411764705,6.0,2.9057971014492754,0.13871751264608406
CDMS-13-7C-SSOSLO-CorrEtiq.txt,170.0,74.0,169.0,24.0,27.0,3.0,3.5,13.5,73.5,72.0,4.513513513513514,0.05016660496112551,6.0,3.11456598956599,0.1516686059642716
CDMS-14-10A-IMORTO-CorrEtiq.txt,170.0,72.0,169.0,34.5,39.0,0.0,4.5,7.0,72.0,71.5,4.702608695652174,0.050965415543420656,6.0,3.274967166655146,0.059238402499272064
CDMS-14-10A-JCVANI-CorrEtiq.txt,170.0,89.0,169.0,18.5,22.5,1.5,4.0,3.5,89.0,88.0,3.8020728008088978,0.0371087565460967,8.0,3.61228370947041,0.04416303910110786
CDMS-14-5A-LSDUCO-CorrEtiq.txt,170.0,67.0,169.0,36.0,41.0,1.0,7.0,12.0,67.0,67.0,5.044776119402985,0.05698778833107191,6.0,2.9886928991406605,0.16787211471005933
CDMS-14-6B-KDCAHE-CorrEtiq.txt,170.0,78.5,168.0,23.0,28.0,3.5,6.5,12.0,78.5,75.0,4.283788174139051,0.0438856400259909,7.0,3.406265432098765,0.09926232855251563
CDMS-15-10A-AMALOS-CorrEtiq.txt,170.0,80.0,169.0,20.5,26.5,4.5,6.0,5.0,80.0,78.5,4.235588972431078,0.04462511700939095,6.0,3.19421717722668,0.06015829730332774
CDMS-15-10A-JJMACH-CorrEtiq.txt,170.0,85.0,169.0,19.0,20.0,2.0,3.0,7.0,85.0,85.0,3.9759036144578315,0.03967168262653899,7.0,3.2691960252935863,0.07246689176836235
CDMS-15-10A-MAALCA-CorrEtiq.txt,170.0,74.0,169.0,24.0,28.0,2.0,4.0,10.0,74.0,73.0,4.5675675675675675,0.05146242132543503,6.0,3.0547945205479454,0.1262950924715631
CDMS-15-10A-MAALRI-CorrEtiq.txt,170.0,84.0,169.0,19.0,25.0,1.5,6.0,8.0,84.0,84.0,4.023809523809524,0.04116465863453815,7.5,3.372262569441529,0.0768960292810297
CDMS-15-10A-SGOMO-CorrEtiq.txt,170.0,87.0,169.0,20.0,21.0,1.0,1.0,8.0,87.0,87.0,3.8850574712643677,0.03929430633520449,7.0,3.4816893878642072,0.12086112182461067
CDMS-15-10A-SHEGA-CorrEtiq.txt,170.0,76.0,169.0,20.0,23.0,1.0,4.0,15.0,76.0,73.0,4.447368421052632,0.05157894736842105,6.0,2.993684210526316,0.1897055949665726
CDMS-15-11B-JEMOLO-CorrEtiq.txt,170.0,80.0,169.0,24.0,27.0,1.0,3.0,8.0,80.0,80.0,4.225,0.044444444444444446,7.0,3.302848101265823,0.07219606782106781
CDMS-15-11B-VSAHO-CorrEtiq.txt,170.0,79.0,169.0,28.0,30.5,2.5,3.5,6.5,79.0,77.5,4.284659820282414,0.0443354094359657,7.0,3.3030539311241065,0.07839344721515838
CDMS-16-10A-SGALO-CorrEtiq.txt,170.0,82.0,169.0,18.0,22.0,1.0,4.0,9.0,82.0,82.0,4.121951219512195,0.04396266184884071,7.0,3.257703081232493,0.08835771011095686
CDMS-16-11B-NGABE-CorrEtiq.txt,170.0,85.5,167.5,16.5,20.0,1.0,4.0,6.0,85.5,84.5,3.930095759233926,0.040007165656960456,7.5,3.4033385447202136,0.07460265247582461
CDMS-17-10A-ASSAMO-CorrEtiq.txt,170.0,93.5,169.0,16.0,17.5,0.0,1.5,7.5,93.5,92.0,3.6175595238095237,0.03512868710237131,7.5,3.485086112717692,0.0869391924874815
CDMS-18-7C-VVECA-CorrEtiq.txt,170.0,78.0,169.0,30.0,34.0,1.0,4.0,11.0,78.0,78.0,4.333333333333333,0.04428904428904429,8.0,3.3150183150183152,0.16245051245051245
CDMS-8-4A-DBEVA-CorrEtiq.txt,170.0,65.5,169.0,29.5,34.0,3.5,5.0,19.0,65.5,65.5,5.163013059701493,0.06227520406624884,5.0,2.8024965809480733,0.1961535424565939
CDMS-8-4A-DJAVDA-CorrEtiq.txt,170.0,66.0,168.0,37.0,41.0,9.0,6.5,14.0,66.0,65.5,5.090909090909091,0.05501165501165502,7.0,2.9074592074592074,0.16750637719537242
CDMS-8-4A-DOSTR-CorrEtiq.txt,170.0,72.0,169.0,33.0,36.5,4.5,5.5,11.5,72.0,71.5,4.69535018329153,0.04979441868602921,7.0,3.229478917033105,0.1413808046545575
CDMS-8-4A-LGOPA-CorrEtiq.txt,170.0,74.0,169.0,29.0,36.0,1.0,6.0,15.0,73.0,70.0,4.506666666666667,0.05009009009009009,6.0,2.997837837837838,0.15057743143481683
CDMS-8-4C-JDBUTU-CorrEtiq.txt,170.0,69.0,169.0,34.0,39.0,10.0,8.0,7.0,69.0,68.0,4.898550724637682,0.05115089514066496,6.0,2.992225101814143,0.10897714049887962
CDMS-9-4A-ACDUTR-CorrEtiq.txt,170.0,76.5,169.0,28.5,31.5,4.0,3.5,12.5,76.5,76.0,4.461180124223603,0.04700827423688176,5.5,3.0112877523979735,0.15484257584928618
CDMS-9-4A-CARGA-CorrEtiq.txt,170.0,74.0,169.0,29.0,31.0,2.0,3.0,11.0,74.0,74.0,4.5675675675675675,0.050351721584598295,7.0,3.0068201193520885,0.16990992512092254
CDMS-9-4A-CRAAG-CorrEtiq.txt,170.0,69.5,166.0,29.5,32.0,4.5,3.0,20.5,69.0,66.5,4.790577002905771,0.05454651893008057,6.0,2.8500787944449915,0.2391341213347843
CDMS-9-4A-EROHI-CorrEtiq.txt,170.0,74.0,169.0,27.0,29.0,5.0,3.0,10.5,74.0,72.0,4.570906432748538,0.05009266123054114,7.5,3.284741784037559,0.11907399780206798
CDMS-9-4A-ILOSE-CorrEtiq.txt,170.0,65.0,169.0,39.5,41.5,0.0,2.0,11.5,65.0,64.5,5.211100569259962,0.061450338440624204,5.5,2.872152017156263,0.1032476448754038
CDMS-9-4A-TGAFR-CorrEtiq.txt,170.0,71.5,169.0,37.5,43.0,2.0,6.0,11.0,71.5,71.0,4.738627450980392,0.04936264622831787,5.0,2.8819266149380285,0.13539708332761072
CDMS-9-4C-SCAMO-CorrEtiq.txt,170.0,88.0,165.0,20.0,21.0,1.0,1.0,5.0,87.0,85.0,3.75,0.03735632183908046,8.0,3.6011761561079925,0.05200872359963269
CDMS-9-5A-ABERO-CorrEtiq.txt,170.0,73.0,168.0,30.5,33.0,3.5,3.5,7.0,73.0,71.0,4.611654135338346,0.04970796556608914,6.0,3.1832853873814972,0.07889661323205627
CDMS-9-5A-PAGACO-CorrEtiq.txt,170.0,72.0,169.0,26.5,30.5,2.5,4.0,9.5,72.0,71.5,4.702608695652174,0.05335821755259095,6.5,3.1279919817515722,0.07877061585757239
CDMS-9-5A-VVAAR-CorrEtiq.txt,170.0,73.0,169.0,29.0,36.0,2.0,7.0,12.0,73.0,72.0,4.63013698630137,0.04984779299847793,7.0,3.1377473363774735,0.1403125913580131
CDMS-9-5C-JDMADE-CorrEtiq.txt,170.0,77.0,169.0,29.0,30.0,10.0,5.0,6.0,77.0,76.0,4.3896103896103895,0.04408749145591251,7.0,3.345522898154477,0.12159535990704823
CDMS-9-5C-LVIZAC-CorrEtiq.txt,170.0,84.0,169.0,23.0,27.0,2.0,4.0,13.0,84.0,83.0,4.023809523809524,0.040160642570281124,7.0,3.547045324153758,0.12224970796399366
CDMS-9-5C-MLOGO-CorrEtiq.txt,170.0,74.0,169.0,29.0,32.0,3.0,3.0,17.0,74.0,74.0,4.5675675675675675,0.047760088855979266,9.0,3.3843021103295077,0.21626964366902449
CDMS-9-5C-SCAAG-CorrEtiq.txt,170.0,75.5,167.0,22.0,25.0,2.0,3.0,10.5,74.0,73.5,4.424385964912281,0.0497724039829303,6.5,3.1670821506437945,0.07640154241470032
CDMS-XX-10A-VGILO-CorrEtiq.txt,170.0,80.0,165.0,20.0,18.0,6.0,0.0,7.0,78.0,73.0,4.172839506172839,0.04537037037037037,7.0,3.2634996582365003,0.08638800333653275
CDMS-XX-5C-MJSARU-CorrEtiq.txt,170.0,82.5,169.0,24.0,30.5,1.0,6.5,5.0,82.5,81.5,4.098324514991182,0.04090276449714201,8.0,3.317893266186439,0.08196414565953611
CDMS-XX-5C-MPCAQU-CorrEtiq.txt,170.0,69.5,169.0,30.5,33.5,0.0,3.0,13.0,69.5,69.5,4.865575807787904,0.0569771570600071,5.5,2.9204155574359234,0.16427061334921123
CDMS-XX-6A-MAGICA-CorrEtiq.txt,170.0,84.5,169.0,23.0,24.5,0.5,2.0,7.0,84.5,83.5,3.976610644257703,0.04145658263305322,7.0,3.3786333423340125,0.07174520881417433
CDMS-XX-6B-SPUCA-CorrEtiq.txt,170.0,79.0,169.0,29.0,35.0,0.0,6.0,8.0,79.0,79.0,4.2784810126582276,0.042758205359831374,6.0,3.3099642973060694,0.12896507286751188
CSO-10-4A-ICAPA-CorrEtiq.txt,170.0,72.0,168.0,31.5,36.5,1.0,5.0,10.5,72.0,71.5,4.698069498069498,0.05310424863730403,6.5,3.028524645644211,0.1796454856019208
CSO-10-4A-KCOMO-CorrEtiq.txt,170.0,72.0,169.0,30.0,34.0,2.0,5.0,9.0,72.0,72.0,4.694444444444445,0.05271629778672032,7.0,3.1677018633540373,0.12193461091957332
CSO-10-4A-LRAVI-CorrEtiq.txt,170.0,74.0,165.0,32.0,39.0,0.0,7.0,12.0,72.0,72.0,4.45945945945946,0.04664938911514254,7.0,3.1353677621283254,0.16380172380172384
CSO-10-4A-LSCAVA-CorrEtiq.txt,170.0,87.5,169.0,29.0,35.5,0.0,6.5,4.5,87.5,86.0,3.8731011000523834,0.03535493049540757,8.5,3.8992066175274083,0.08820943476522314
CSO-10-5A-ACAVA-CorrEtiq.txt,170.0,86.0,169.0,18.5,20.0,4.0,2.0,6.5,86.0,86.0,3.943562610229277,0.03998439831773165,8.0,3.391778591778592,0.07408485287209877
CSO-10-5A-ARACA-CorrEtiq.txt,170.0,78.5,159.0,24.5,25.0,1.0,0.5,4.0,77.5,74.5,4.0514443362544625,0.043745284251613364,8.0,3.3959636854373696,0.07274718951934142
CSO-10-5A-DABRZA-CorrEtiq.txt,170.0,69.0,169.0,37.0,41.0,2.0,5.0,10.0,69.0,69.0,4.898550724637682,0.05413469735720375,7.0,3.195618153364632,0.1289057956968405
CSO-10-5A-GZAMA-CorrEtiq.txt,170.0,76.0,169.0,25.0,26.5,0.0,1.5,8.5,76.0,76.0,4.421052631578947,0.04883116883116883,6.5,3.124860123281176,0.12208657105580119
CSO-10-5A-IPECA-CorrEtiq.txt,170.0,78.0,169.0,25.5,29.0,0.5,3.5,12.0,78.0,76.0,4.333333333333333,0.046453546453546456,7.0,3.142857142857143,0.11323512669666516
CSO-10-5A-JANORO-CorrEtiq.txt,170.0,82.5,167.0,18.0,24.5,1.0,6.5,10.0,82.0,78.5,4.050735294117647,0.04216173811296671,7.0,3.2811975812720418,0.11716115175673998
CSO-10-5A-JBUVE-CorrEtiq.txt,170.0,84.0,169.0,24.0,26.5,2.0,2.5,5.5,84.0,84.0,4.028948488718603,0.040367499282227964,6.5,3.3644045709703287,0.07599163240174434
CSO-10-5A-JJSEMO-CorrEtiq.txt,170.0,72.0,168.0,30.0,33.5,1.0,3.5,8.0,72.0,71.0,4.667181169207023,0.052255236135228415,6.0,2.9747834036180554,0.11427065119297075
CSO-10-5A-JLCARI-CorrEtiq.txt,170.0,86.0,165.0,19.0,22.0,1.0,3.0,4.0,85.0,82.0,3.8372093023255816,0.038850889192886456,7.0,3.500560224089636,0.07906279766744881
CSO-10-5A-MAARAN-CorrEtiq.txt,170.0,68.0,169.0,39.5,41.5,1.0,3.0,17.0,68.0,66.5,4.970588235294118,0.05645920925151371,6.5,2.938871862826896,0.24488656110694973
CSO-10-5A-MAOSMO-CorrEtiq.txt,170.0,85.0,169.0,20.5,23.0,0.5,2.5,5.0,85.0,82.5,3.9770210409745292,0.040496518024413466,7.5,3.5976241098849178,0.06917123022323968
CSO-10-5A-RVMOIB-CorrEtiq.txt,170.0,83.5,169.0,20.5,22.0,1.0,2.0,7.5,83.5,83.0,4.05969505178366,0.04276755908139583,6.5,3.3152516962643546,0.09234323705159436
CSO-10-5A-SVHEES-CorrEtiq.txt,170.0,71.5,169.0,27.0,29.0,4.5,2.0,11.5,71.5,71.0,4.746072270227808,0.05380775548096836,5.5,2.85825037491966,0.1441855909746263
CSO-11-5A-MDVOSPE-CorrEtiq.txt,170.0,72.0,167.0,32.0,34.0,1.0,2.0,10.0,72.0,71.0,4.694444444444445,0.05242566510172144,6.0,3.0743348982785603,0.13722650805984138
CSO-11-5A-MTAGA-CorrEtiq.txt,170.0,82.0,169.0,20.0,24.0,2.0,4.0,5.0,82.0,81.0,4.121951219512195,0.04396266184884071,8.0,3.3439893439893438,0.059964260545655894
CSO-11-6A-CAPAMU-CorrEtiq.txt,170.0,90.0,163.0,19.0,20.0,2.0,1.0,5.0,87.0,78.0,3.6222222222222222,0.03620474406991261,10.0,3.6695402298850577,0.06200231866898534
CSO-11-6A-DSCACH-CorrEtiq.txt,170.0,90.0,169.0,19.0,19.5,0.5,0.5,4.0,90.0,89.5,3.7629886194952995,0.03727033135004652,6.5,3.440673153269544,0.047022441689831156
CSO-11-6A-EROMO-CorrEtiq.txt,170.0,81.0,169.0,29.0,38.0,0.0,9.0,5.0,81.0,81.0,4.172839506172839,0.0404320987654321,7.0,3.378086419753086,0.0581154532421589
CSO-11-6A-FSOVRE-CorrEtiq.txt,170.0,72.0,169.0,32.5,35.5,2.0,4.0,10.5,72.0,70.0,4.698069498069498,0.05155754750751773,6.0,3.1003039285350185,0.13904615430875933
CSO-11-6B-ANREVA-CorrEtiq.txt,170.0,77.0,169.0,27.0,29.0,1.0,3.0,8.0,77.0,77.0,4.3896103896103895,0.04613807245386193,7.0,3.1496924128503077,0.09651452140173945
CSO-11-6B-DISEMO-CorrEtiq.txt,170.0,87.0,161.0,20.0,23.0,0.0,3.0,7.0,85.0,77.0,3.7011494252873565,0.03688853247794707,8.0,3.649299719887955,0.07589179658145176
CSO-11-6B-LHFDLACH-CorrEtiq.txt,170.0,83.0,165.0,25.0,29.0,3.0,5.0,5.0,83.0,80.0,4.024390243902439,0.03974706413730804,8.0,3.6662106703146375,0.07222757862292746
CSO-11-6B-RJGIHE-CorrEtiq.txt,170.0,78.0,169.0,21.0,22.0,3.0,3.0,16.0,78.0,75.0,4.333333333333333,0.04628704628704629,7.0,3.1175491175491175,0.19661114899210136
CSO-11-6B-SFLVA-CorrEtiq.txt,170.0,76.5,169.0,24.0,28.0,7.0,5.5,14.5,76.5,76.0,4.441257299896943,0.04678186553830663,6.5,3.2187612274065955,0.18157456033323618
CSO-11-6B-VCOMA-CorrEtiq.txt,170.0,88.5,169.0,19.5,23.0,1.5,4.0,5.5,88.5,85.5,3.8222591362126246,0.03740356011217844,8.0,3.5083494101277957,0.07201084561900181
CSO-12-6A-DGISE-CorrEtiq.txt,170.0,84.0,169.0,19.5,21.5,8.0,4.5,6.5,84.0,83.0,4.028948488718603,0.04005885730691933,7.0,3.4393881117150293,0.0757393706956099
CSO-12-6A-FJOVRE-CorrEtiq.txt,170.0,76.0,165.0,23.0,26.0,4.0,3.0,12.0,76.0,72.0,4.342105263157895,0.04736842105263158,6.0,3.0196491228070177,0.10834499669086134
CSO-12-6B-GQULO-CorrEtiq.txt,170.0,77.0,169.0,24.5,28.5,6.0,4.0,4.5,77.0,76.0,4.437510656436488,0.04651686761661186,7.5,3.3138838143953233,0.07559932959963048
CSO-12-6B-LJHEFE-CorrEtiq.txt,170.0,84.0,169.0,18.5,22.5,2.0,4.5,9.0,84.0,84.0,4.028948488718603,0.041498732761095766,6.5,3.407596379458849,0.11380678708264916
CSO-12-6B-VPAMA-CorrEtiq.txt,170.0,62.0,145.0,38.0,39.0,2.0,1.0,10.0,60.0,51.0,4.67741935483871,0.05499735589635114,7.0,3.189265536723164,0.12163920309081598
CSO-12-7A-DALRE-CorrEtiq.txt,170.0,67.0,167.0,37.0,41.0,3.0,3.0,10.0,67.0,67.0,4.985074626865671,0.05563093622795115,7.0,3.118046132971506,0.1595827576144318
CSO-12-7A-ESALA-CorrEtiq.txt,170.0,72.0,169.0,29.0,32.0,0.0,3.0,9.0,72.0,72.0,4.694444444444445,0.05359937402190924,6.0,2.930359937402191,0.09419160274423434
CSO-12-7A-IMERO-CorrEtiq.txt,170.0,80.0,169.0,23.5,27.5,2.0,5.0,8.0,80.0,79.0,4.225,0.0440654789810908,7.5,3.399343598198773,0.08703777125652126
CSO-12-7A-JHEZA-CorrEtiq.txt,170.0,89.0,163.0,17.0,20.5,3.0,4.0,7.5,87.5,83.5,3.665571284125379,0.03568539650440561,7.5,3.616539417744237,0.0980814016744175
CSO-12-7A-LSARAR-CorrEtiq.txt,170.0,72.0,169.0,33.0,39.0,0.0,6.0,11.0,72.0,72.0,4.694444444444445,0.05086071987480438,6.0,3.0629890453834117,0.17111508680136128
CSO-12-7A-SCAHO-CorrEtiq.txt,170.0,83.0,169.0,26.0,30.0,1.0,4.0,8.0,83.0,83.0,4.072289156626506,0.04055245371730826,9.0,3.7090802233323537,0.09063961473600027
CSO-12-7B-DVAGRO-CorrEtiq.txt,170.0,89.0,169.0,20.0,23.0,4.0,5.0,7.0,89.0,89.0,3.797752808988764,0.03651685393258427,7.0,3.5400919305413687,0.04891747801635161
CSO-12-7B-SMUGU-CorrEtiq.txt,170.0,74.0,169.0,25.5,26.5,2.0,1.0,9.0,74.0,72.0,4.568401826484019,0.05201139495660043,6.5,3.0283473199226623,0.097006883378358
CSO-12-7B-SSARA-CorrEtiq.txt,170.0,87.5,169.0,18.0,21.0,3.5,3.0,4.5,87.5,86.0,3.8842920935119514,0.03856923155138667,9.5,3.6393497335129688,0.037052270395454
CSO-12-7B-VHOMA-CorrEtiq.txt,170.0,91.0,169.0,19.0,18.5,3.5,1.0,4.0,91.0,90.0,3.7255329457364343,0.036227860177118584,9.0,3.6499816936920615,0.07987249954814213
CSO-12-8A-YTOME-CorrEtiq.txt,170.0,71.5,169.0,29.0,32.5,0.5,3.5,11.5,71.5,71.0,4.746072270227808,0.05441214977742864,5.5,3.014500226142017,0.17542093824655808
CSO-13-6A-ANASA-CorrEtiq.txt,170.0,84.0,169.0,28.0,34.0,1.0,3.0,4.0,84.0,82.0,4.023809523809524,0.03982892274792836,7.0,3.4512658227848103,0.048074397512599766
CSO-13-6B-JETAVE-CorrEtiq.txt,170.0,68.0,169.0,41.0,41.0,0.0,2.0,12.0,68.0,67.0,4.970588235294118,0.0553116769095698,6.0,2.9764812302125736,0.13646022593391016
CSO-13-6B-LFMIES-CorrEtiq.txt,170.0,80.5,165.0,24.5,27.5,2.0,3.0,8.5,76.5,75.0,4.107142857142857,0.042548183163275105,8.0,3.2681799281799284,0.13538372657703407
CSO-13-6B-LJMAHU-CorrEtiq.txt,170.0,70.0,163.0,40.0,45.0,0.0,4.0,1.0,69.0,65.0,4.6571428571428575,0.04803312629399586,7.0,3.2711864406779663,0.058528383104654295
CSO-13-7A-CAPAMU-CorrEtiq.txt,170.0,79.0,167.0,24.0,31.0,5.0,6.0,7.0,79.0,76.0,4.177215189873418,0.043037974683544304,7.0,3.472249269717624,0.07187966095529122
CSO-13-7A-CDDITR-CorrEtiq.txt,170.0,85.0,169.0,20.0,21.5,0.5,1.5,8.0,85.0,85.0,3.976470588235294,0.041176470588235294,7.5,3.4081232492997198,0.07230792659858404
CSO-13-7A-JJATFL-CorrEtiq.txt,170.0,81.5,169.0,24.5,28.5,1.0,4.0,9.5,81.5,81.5,4.148644578313252,0.04254115876906825,6.5,3.059867549853629,0.13055121278765858
CSO-13-7A-KRAMA-CorrEtiq.txt,170.0,75.0,169.0,27.5,31.5,2.0,4.0,7.5,75.0,74.5,4.50987368795588,0.04896360348775633,6.5,3.0684706525550074,0.11392457128728203
CSO-13-7A-RXCHLU-CorrEtiq.txt,170.0,75.0,169.0,16.0,19.0,0.0,3.0,16.0,75.0,75.0,4.506666666666667,0.05405405405405406,5.0,2.81981981981982,0.21178496323576412
CSO-13-7A-YAMEZA-CorrEtiq.txt,170.0,79.0,169.0,21.5,25.0,1.0,4.0,9.5,79.0,78.0,4.279166666666667,0.0463411837995449,7.0,3.1979890028670517,0.09126365579010945
CSO-13-7A-YBOSO-CorrEtiq.txt,170.0,79.0,147.0,25.0,27.0,3.0,2.0,5.0,75.0,52.0,3.721518987341772,0.0379746835443038,10.0,3.887207207207207,0.09657150163479278
CSO-13-8A-KIGAGU-CorrEtiq.txt,170.0,72.5,169.0,30.0,33.0,7.5,4.5,6.5,72.5,71.0,4.662290715372907,0.04958786202756876,6.0,3.107815079211954,0.11728234504362979
CSO-13-8A-MBUAN-CorrEtiq.txt,170.0,81.0,169.0,23.0,25.0,3.0,3.0,4.0,81.0,80.0,4.172839506172839,0.0441358024691358,8.0,3.513819513819514,0.07459340659340659
CSO-13-8A-MGAAN-CorrEtiq.txt,170.0,87.0,169.0,23.0,28.0,1.0,4.0,4.0,87.0,87.0,3.8850574712643677,0.03929430633520449,6.0,3.3327987169206095,0.0812621605725054
CSO-13-8A-MGAHE-CorrEtiq.txt,170.0,78.5,169.0,24.5,25.5,1.0,1.0,6.0,78.5,77.5,4.319928362097037,0.04666570853537229,6.0,3.221699269423075,0.06637306305981006
CSO-13-8A-MJAGA-CorrEtiq.txt,170.0,69.5,169.0,37.0,37.5,11.0,7.5,10.5,69.5,69.5,4.865575807787904,0.05064840314936149,6.0,3.0697628262993235,0.12678235256097942
CSO-13-8A-VHODU-CorrEtiq.txt,170.0,76.0,169.0,19.0,22.5,2.0,4.0,12.0,76.0,75.0,4.448138528138529,0.05039133460186092,7.0,3.0190331578219105,0.1896843083227471
CSO-13-8B-FCJISA-CorrEtiq.txt,170.0,85.0,169.0,21.0,23.0,0.0,2.0,8.0,85.0,85.0,3.976470588235294,0.04089635854341737,8.0,3.364985994397759,0.09921986338395007
CSO-13-8B-JEMABE-CorrEtiq.txt,170.0,69.0,161.0,39.0,41.0,2.0,3.0,6.0,69.0,69.0,4.666666666666667,0.05029838022165388,6.0,2.976689976689977,0.12745376921578294
CSO-13-9B-DMLLLU-CorrEtiq.txt,170.0,75.0,169.0,29.0,31.0,3.0,2.0,10.0,75.0,75.0,4.506666666666667,0.04864864864864865,6.0,3.052972972972973,0.12668631173894332
CSO-14-7A-MVEBE-CorrEtiq.txt,170.0,77.0,169.0,18.0,20.0,2.0,2.0,13.0,77.0,76.0,4.3896103896103895,0.050239234449760764,6.0,2.8718386876281614,0.20432373415566693
CSO-14-7B-EALHU-CorrEtiq.txt,170.0,78.5,169.0,28.5,31.0,0.0,2.5,9.5,78.5,77.0,4.314308943089431,0.0456713624193299,6.5,3.216296621825077,0.12038566507919637
CSO-14-7B-EVEGO-CorrEtiq.txt,170.0,85.0,169.0,21.0,24.0,0.0,4.0,8.0,85.0,85.0,3.976470588235294,0.03967168262653899,8.0,3.5031347962382444,0.08725610513888025
CSO-14-8A-AQUMA-CorrEtiq.txt,170.0,77.5,169.0,19.5,24.0,1.0,4.5,11.0,77.5,76.0,4.365833333333333,0.04870880374044931,5.5,2.9211255559356823,0.1477638083307588
CSO-14-8A-MCIDOS-CorrEtiq.txt,170.0,78.0,157.0,25.0,27.5,2.0,3.5,13.0,73.5,67.0,4.0256410256410255,0.04245754245754246,7.5,3.3495876012999304,0.10877725634512965
CSO-14-8A-SZARA-CorrEtiq.txt,170.0,80.5,169.0,24.0,28.5,5.5,5.0,6.0,80.5,79.0,4.2184496124031,0.04244512638493486,7.0,3.395324928211385,0.05592098698974644
CSO-14-8B-JLLORA-CorrEtiq.txt,170.0,79.5,169.0,21.0,23.5,3.0,3.0,12.0,79.5,78.5,4.255780804561292,0.0457745435280737,6.5,3.137235025232458,0.12691301318299528
CSO-14-9A-AEDCAGO-CorrEtiq.txt,170.0,89.5,167.0,15.5,19.5,2.0,4.0,8.0,89.0,85.0,3.731960049937578,0.036732493474066506,7.5,3.51123595505618,0.07725090474911134
CSO-14-9A-HASACA-CorrEtiq.txt,170.0,82.0,169.0,21.0,25.5,1.0,4.5,3.5,82.0,80.5,4.124404761904762,0.04297896831448761,7.0,3.243326288880658,0.053064686288370494
CSO-14-9A-JSMAAL-CorrEtiq.txt,170.0,80.5,168.0,22.0,25.5,4.0,3.5,9.5,80.5,79.5,4.1742283950617285,0.04328996718237224,7.0,3.319835130489139,0.16892995251893672
CSO-14-9A-MARJA-CorrEtiq.txt,170.0,79.0,169.0,22.0,24.0,0.0,2.0,9.0,79.0,79.0,4.2784810126582276,0.04647983595352016,8.0,3.4111414900888586,0.11878416973909718
CSO-14-9A-SORZU-CorrEtiq.txt,170.0,75.0,165.0,26.0,32.0,3.0,6.0,13.0,75.0,75.0,4.506666666666667,0.0471841704718417,7.0,3.153755868544601,0.1234116994116994
CSO-14-9B-ERAGA-CorrEtiq.txt,170.0,68.0,169.0,23.0,29.0,3.0,8.0,13.0,68.0,68.0,4.970588235294118,0.0601404741000878,6.0,2.843469063987308,0.157051718759129
CSO-14-9B-MFEGA-CorrEtiq.txt,170.0,77.5,169.0,25.5,30.0,3.5,5.5,11.5,77.5,75.0,4.361471861471861,0.04571305887095361,6.5,3.219315771947351,0.10164633719729937
CSO-15-10A-LJRAGU-CorrEtiq.txt,170.0,78.0,167.0,28.0,30.0,0.0,1.0,12.0,78.0,76.0,4.282051282051282,0.04628704628704629,6.0,3.121878121878122,0.15043306497337142
CSO-15-10A-MAARLO-CorrEtiq.txt,170.0,75.0,167.0,20.0,24.0,2.0,3.0,12.0,75.0,73.0,4.453333333333333,0.05153153153153153,7.0,3.124413145539906,0.1508673746230307
CSO-15-10A-SFEGA-CorrEtiq.txt,170.0,74.0,161.0,32.0,37.5,1.5,5.5,8.5,72.0,69.5,4.351351351351352,0.045168456127360236,6.0,3.177816901408451,0.09348651260415966
CSO-15-10B-MEBUAR-CorrEtiq.txt,170.0,80.0,169.0,24.0,29.0,0.0,8.0,9.0,80.0,80.0,4.225,0.04430379746835443,7.0,3.350925925925926,0.11701692678666362
CSO-15-10B-YVBUAN-CorrEtiq.txt,170.0,80.0,166.0,20.0,21.5,1.0,1.5,9.5,79.5,78.0,4.154905335628227,0.045593892165029085,6.5,3.2053721432585283,0.11701638778900823
CSO-15-10C-ALBAHO-CorrEtiq.txt,170.0,76.0,169.0,27.0,30.0,4.0,5.0,9.0,76.0,76.0,4.447368421052632,0.04736842105263158,7.0,3.265506329113924,0.0830971805971806
CSO-15-10C-SSCAMO-CorrEtiq.txt,170.0,82.0,169.0,26.0,31.0,2.0,5.0,5.0,82.0,82.0,4.121951219512195,0.04245709123757904,7.0,3.3326673326673326,0.09187003472717759
CSO-15-11C-JETALO-CorrEtiq.txt,170.0,73.0,169.0,31.0,41.0,4.0,10.0,8.0,73.0,72.0,4.63013698630137,0.046948356807511735,6.0,3.1471048513302033,0.1298292595275025
CSO-15-8A-VBMABR-CorrEtiq.txt,170.0,75.0,169.0,29.0,32.0,0.0,4.0,8.0,75.0,74.0,4.506666666666667,0.04936936936936937,6.0,3.1733333333333333,0.1330934173039436
CSO-15-8B-KEPOGO-CorrEtiq.txt,170.0,85.0,169.0,21.5,22.0,0.5,0.5,9.5,85.0,83.0,3.9770210409745292,0.04106360952898952,7.5,3.481640927595471,0.09471452473944167
CSO-15-9B-ALRIHE-CorrEtiq.txt,170.0,83.5,169.0,22.0,23.5,3.0,1.5,7.0,83.5,83.0,4.049210903873744,0.04140711388439748,7.0,3.3246757962444238,0.11210199585347277
CSO-15-9B-AMSAGO-CorrEtiq.txt,170.0,85.5,165.0,19.5,22.0,0.0,2.5,7.5,85.5,81.5,3.864209372430803,0.039696583692655676,8.0,3.578473216067991,0.13622851296871577
CSO-15-9B-JCAPA-CorrEtiq.txt,170.0,82.0,169.0,20.0,21.0,2.0,1.0,9.0,82.0,80.0,4.121951219512195,0.04396266184884071,7.0,3.220114423366456,0.13043229057349726
CSO-15-9B-KSBEJA-CorrEtiq.txt,170.0,68.0,169.0,28.0,34.0,4.0,4.0,9.0,68.0,68.0,4.970588235294118,0.05706760316066725,6.0,3.0711150131694467,0.0853323796086954
CSO-15-9B-RMCHLU-CorrEtiq.txt,170.0,76.0,169.0,30.0,36.0,1.0,5.0,10.0,76.0,76.0,4.447368421052632,0.04631578947368421,6.0,3.1389240506329115,0.14904761904761904
CSO-15-9B-SJAGRO-CorrEtiq.txt,170.0,97.0,169.0,13.0,18.0,0.0,5.0,1.0,97.0,95.0,3.484536082474227,0.03243127147766323,7.0,3.728307560137457,0.02594009655865326
CSO-16-10A-JEGAHE-CorrEtiq.txt,170.0,76.0,169.0,27.0,32.0,1.0,4.0,8.0,76.0,75.0,4.447368421052632,0.04736842105263158,7.0,3.2158459829692707,0.1062021312021312
CSO-16-10A-MSACO-CorrEtiq.txt,170.0,88.0,169.0,13.0,16.0,1.0,2.0,10.0,88.0,86.0,3.840909090909091,0.039968652037617555,8.0,3.4648489708634056,0.10158470816104653
CSO-16-10A-SARI-CorrEtiq.txt,170.0,79.0,154.0,27.0,29.0,2.0,2.0,6.0,78.0,72.0,4.075949367088608,0.04251866277182733,6.0,3.394027913015255,0.08925167659344872
CSO-16-10A-SMOUT-CorrEtiq.txt,170.0,84.0,169.0,20.0,24.0,3.0,3.0,9.0,84.0,84.0,4.023809523809524,0.04102122776821572,8.0,3.4500860585197937,0.09722995258709544
CSO-16-10A-YKMUJO-CorrEtiq.txt,170.0,73.5,169.0,25.5,28.5,2.0,3.0,10.0,73.5,72.5,4.624534623976173,0.052790133187661556,5.5,2.901081396385961,0.13188369957171148
CSO-16-10B-JESUGU-CorrEtiq.txt,170.0,88.0,169.0,17.0,18.0,1.0,1.0,11.0,88.0,87.0,3.840909090909091,0.03918495297805643,6.0,3.243991640543365,0.12473741907231214
CSO-16-10B-LTVIFA-CorrEtiq.txt,170.0,108.5,169.0,7.0,8.0,0.0,1.0,4.0,108.5,108.0,3.116862145164032,0.027667216346461628,8.0,4.004594572519101,0.036692739411940296
CSO-16-10B-VVILI-CorrEtiq.txt,170.0,86.0,169.0,18.0,20.0,1.0,2.0,6.0,86.0,85.0,3.9302325581395348,0.04049247606019152,7.0,3.432284541723666,0.05497487009114916
CSO-16-10C-ACALGU-CorrEtiq.txt,170.0,83.5,164.0,22.0,25.5,0.0,2.5,6.5,83.5,78.0,3.8820192853091324,0.04013352825426719,7.0,3.3261223408282232,0.06581345045835721
CSO-16-10C-MAVAVE-CorrEtiq.txt,170.0,85.0,169.0,16.0,21.0,2.0,2.0,8.0,85.0,84.0,3.976470588235294,0.041176470588235294,8.0,3.4242181234963915,0.08368880115868067
CSO-16-11A-JAVABO-CorrEtiq.txt,170.0,86.5,169.0,22.5,24.0,2.0,2.0,7.0,86.5,85.0,3.9086898395721925,0.03952762923351159,7.0,3.330681133212779,0.1116699566413018
CSO-16-11A-JDMUVA-CorrEtiq.txt,170.0,86.0,169.0,22.0,25.0,1.0,4.0,5.0,86.0,85.0,3.9302325581395348,0.038850889192886456,7.0,3.2928858290304075,0.10486983602585105
CSO-16-11A-VZAOR-CorrEtiq.txt,170.0,93.0,163.0,15.5,18.5,3.0,3.5,5.5,91.5,88.0,3.522093023255814,0.033345769597479584,7.5,3.6180311847265374,0.052464577514149124
CSO-16-11B-KRORE-CorrEtiq.txt,170.0,83.5,169.0,22.0,24.5,0.5,2.5,6.5,83.5,82.0,4.05969505178366,0.04217781345673096,6.5,3.2457461242380488,0.07260774371315873
CSO-16-11B-LLOZA-CorrEtiq.txt,170.0,84.5,169.0,18.5,22.5,1.0,3.5,6.5,84.0,84.0,3.9530812324929974,0.040248388512031316,6.5,3.3327809884524546,0.07309343434343435
CSO-16-11B-YAROMO-CorrEtiq.txt,170.0,90.5,169.0,15.5,23.5,2.0,8.5,4.0,90.5,90.0,3.734920634920635,0.03542961408129947,7.0,3.646557188130222,0.05828469183780538
CSO-16-9A-JALEMO-CorrEtiq.txt,170.0,86.0,169.0,12.0,18.0,0.5,6.0,9.0,86.0,85.5,3.9387533875338754,0.041460707990350815,7.5,3.3260392666348637,0.0501182482076791
CSO-16-9A-JPROSO-CorrEtiq.txt,170.0,91.0,169.0,19.5,23.0,3.0,3.5,5.0,91.0,89.5,3.7214761040532363,0.03516931864545084,9.0,3.8630346575716024,0.05896504287104266
CSO-16-9A-JSMAGU-CorrEtiq.txt,170.0,77.0,169.0,28.5,33.0,1.0,4.5,10.0,77.0,76.0,4.396283783783783,0.04621705978563964,6.0,3.06341626870498,0.14296242731025338
CSO-16-9B-SJPAJI-CorrEtiq.txt,170.0,77.5,169.0,23.5,26.5,1.0,2.5,9.5,77.5,76.0,4.361471861471861,0.048061587535271746,6.5,3.0579415889275046,0.11882719853499074
CSO-17-10A-YVGOCA-CorrEtiq.txt,170.0,75.0,169.0,21.0,29.0,1.0,7.0,12.0,75.0,75.0,4.506666666666667,0.04972972972972973,6.0,3.1151898734177217,0.1294386169386169
CSO-17-10B-EHECO-CorrEtiq.txt,170.0,88.0,166.0,20.0,23.0,0.5,3.0,3.5,87.0,81.0,3.775193798449612,0.03732594858342257,9.0,3.4952789389504524,0.06765948528914686
CSO-17-10B-YCQUVE.txt,170.0,75.5,168.0,28.5,32.5,1.0,4.0,8.5,75.0,74.5,4.4503508771929825,0.048530109056424846,6.5,3.1467387647200193,0.10468931842151658
CSO-17-11A-DJAPA-CorrEtiq.txt,170.0,82.0,169.0,23.0,26.0,1.0,3.0,7.0,81.0,80.0,4.121951219512195,0.04607046070460705,7.0,3.21680216802168,0.09242870950188024
CSO-17-11A-JDAMO-CorrEtiq.txt,170.0,76.0,169.0,25.5,26.5,0.0,1.0,6.0,76.0,75.5,4.459722222222222,0.050254798835205325,7.0,3.1811862383867195,0.08880087414401139
CSO-17-11A-NPAHE-CorrEtiq.txt,170.0,83.5,169.0,23.0,26.0,0.5,4.0,7.0,83.5,81.5,4.048049340218014,0.04297678518953864,6.5,3.181440045897877,0.10351739622721062
CSO-17-11A-RLPAIG-CorrEtiq.txt,170.0,76.5,169.0,24.5,31.0,4.5,7.0,8.0,76.5,76.5,4.418489405331511,0.04656869446343131,6.5,3.1918910913647753,0.14541824789439983
CSO-17-11A-SPUVA-CorrEtiq.txt,170.0,73.5,169.0,31.5,34.5,2.0,3.0,9.5,73.5,73.0,4.603965900667161,0.04971230894136751,6.0,3.0344946874227823,0.15421115122972595
CSO-17-11B-CDBEBU-CorrEtiq.txt,170.0,87.0,169.0,18.0,21.0,1.0,3.0,11.0,87.0,85.0,3.887111698612029,0.039295513915474256,7.5,3.4718892970875785,0.13314419447695247
CSO-17-11C-JDAAG-CorrEtiq.txt,170.0,90.0,169.0,16.0,18.0,0.0,2.0,9.0,90.0,89.0,3.7555555555555555,0.03770287141073658,8.0,3.5273408239700372,0.07076050427114257
CSO-17-11C-MAPAMA-CorrEtiq.txt,170.0,81.0,169.0,17.0,23.0,2.0,6.0,16.0,81.0,81.0,4.172839506172839,0.044444444444444446,6.0,3.056390977443609,0.14165912923010981
CSO-17-11C-MCAAG-CorrEtiq.txt,170.0,83.5,169.0,19.0,23.0,0.5,3.5,7.5,83.5,83.5,4.0515360321561875,0.04236265803360163,7.0,3.4280139000267305,0.06502960148714317
CSO-17-11C-SARJA-CorrEtiq.txt,170.0,77.5,169.0,21.5,25.5,0.5,4.0,12.0,77.5,76.0,4.361471861471861,0.048228087701771914,6.5,3.1515984015984015,0.10967358244411432
CSO-18-11A-ADBAHO-CorrEtiq.txt,170.0,82.5,169.0,19.5,23.0,0.0,3.5,8.5,82.5,82.5,4.100735294117647,0.043494929617416585,6.5,3.1439545438428533,0.13515520720209173
CSO-18-11B-YLLRE-CorrEtiq.txt,170.0,84.0,169.0,22.0,26.0,0.0,3.0,8.5,84.0,84.0,4.024379872430901,0.04017105519845317,7.5,3.4915085223040143,0.10321907598661674
CSO-18-9B-MAMOLO-CorrEtiq.txt,170.0,86.0,169.0,28.5,31.5,3.0,4.0,4.0,86.0,82.5,3.9302325581395348,0.03734610123119015,8.0,3.70547195622435,0.07004679020168467
CSO-8-3A-AIPRBR-CorrEtiq.txt,170.0,68.0,169.0,36.0,38.0,3.0,2.0,11.0,68.0,67.0,4.970588235294118,0.05575065847234416,6.0,2.9209833187006145,0.11994643668519099
CSO-8-3A-DAPAVA-CorrEtiq.txt,170.0,74.0,169.0,30.0,37.5,3.5,7.0,11.0,74.0,73.5,4.568401826484019,0.04939816528857625,6.5,3.2186783056348274,0.09985808767951623
CSO-8-3A-KVPECO-CorrEtiq.txt,170.0,76.5,166.0,33.5,34.5,3.0,1.0,11.5,76.0,73.5,4.3420512820512815,0.044555264555264554,7.0,3.0931259968102074,0.15998542731926582
CSO-8-4A-ARAGR-CorrEtiq.txt,170.0,82.0,165.0,18.0,22.0,2.0,5.0,8.0,82.0,82.0,4.024390243902439,0.04245709123757904,7.0,3.349894610057212,0.07539071800190883
CSO-8-4A-JRAAR-CorrEtiq.txt,170.0,69.5,163.0,28.5,32.5,1.5,4.0,11.5,69.5,66.5,4.769020596889449,0.05597735597735598,6.0,2.810945338814191,0.14036212837859685
CSO-9-2A-EXMOCO-CorrEtiq.txt,170.0,73.5,162.0,33.0,37.0,1.5,4.0,10.5,73.0,67.5,4.430938198064036,0.04689187945375363,7.0,3.1985397540709215,0.14531324432117215
CSO-9-4A-AGAPE-CorrEtiq.txt,170.0,80.0,169.0,23.0,28.0,1.0,5.0,7.0,80.0,79.0,4.225,0.04430379746835443,7.0,3.276898734177215,0.08942821067821069
CSO-9-4A-DKVIMO-CorrEtiq.txt,170.0,69.0,169.0,32.0,35.0,2.0,3.0,10.0,69.0,69.0,4.898550724637682,0.05711849957374254,6.0,2.9381926683716966,0.1526597305588902
CSO-9-4A-DSMOMU-CorrEtiq.txt,170.0,87.0,165.0,17.0,19.0,3.5,2.0,6.5,86.0,83.0,3.8349093774625693,0.03938076717761001,7.5,3.481801657505158,0.08576266964026188
CSO-9-4A-DVGATO-CorrEtiq.txt,170.0,77.0,165.0,24.5,28.5,5.5,5.0,6.5,75.0,70.0,4.303861788617886,0.045123647637102346,6.5,3.1618313808737586,0.09563128299701393
CSO-9-4A-EGCAMO-CorrEtiq.txt,170.0,80.0,169.0,25.5,30.0,2.5,4.5,11.0,80.0,79.0,4.227642276422764,0.0433181693344295,7.0,3.268978838084529,0.10330550203494691
CSO-9-4A-FAGIGA-CorrEtiq.txt,170.0,74.5,156.0,18.0,23.5,4.5,5.5,7.0,72.5,71.0,4.187207207207207,0.0467530544242873,6.0,3.15737078483075,0.10155329183270359
CSO-9-4A-GSBRCO-CorrEtiq.txt,170.0,66.0,169.0,37.0,38.5,6.5,3.0,12.5,66.0,66.0,5.121212121212121,0.05897435897435897,6.0,2.9636225957897926,0.1425900727375775
CSO-9-4A-KEMOCO-CorrEtiq.txt,170.0,70.0,169.0,29.0,32.0,2.0,4.0,12.0,70.0,69.0,4.828571428571428,0.055900621118012424,6.0,2.9300207039337476,0.16357960221596587
CSO-9-4A-LCOMO-CorrEtiq.txt,170.0,87.0,169.0,18.0,22.0,2.0,5.0,10.0,87.0,87.0,3.8850574712643677,0.04143277198609997,8.0,3.3477679764768777,0.08848803973803973
CSO-9-4A-MLORO-CorrEtiq.txt,170.0,70.0,169.0,28.0,30.0,2.0,2.0,13.0,70.0,70.0,4.828571428571428,0.0567287784679089,6.0,2.975983436853002,0.15295918367346936
CSO-9-4A-MPAME-CorrEtiq.txt,170.0,75.0,169.0,30.0,35.0,2.0,5.0,7.0,75.0,74.0,4.506666666666667,0.04756756756756757,6.0,3.086846846846847,0.10325750066926537
CSO-9-4A-NSARPA-CorrEtiq.txt,170.0,80.0,167.0,21.5,27.0,2.5,5.5,9.5,79.5,77.5,4.176277543366151,0.04354526548619375,7.0,3.232246024018176,0.07940981774366634
CSO-9-4A-SLOCA-CorrEtiq.txt,170.0,75.0,169.0,30.0,33.0,3.0,2.0,13.0,75.0,74.0,4.506666666666667,0.04756468797564688,7.0,3.0403603603603604,0.15443122890181712
CSO-9-4A-YVDITR-CorrEtiq.txt,170.0,67.5,167.0,41.5,45.0,0.0,3.5,15.5,67.0,66.0,4.964568661971831,0.05443075117370892,7.0,3.1569185645272606,0.15518978196846883
