file,wc,nodes,edges,re,pe,l1,l2,l3,lcc,lsc,atd,density,diameter,asp,cc
CDMS-10-4A-JURAN-CorrEtiq.txt,190,92,189,20,27,1,7,5,92,91,4.108695652173913,0.038461538461538464,7.0,3.3471094123268035,0.08082406723711072
CDMS-10-5A-HEPIHO-CorrEtiq.txt,190,96,187,23,29,0,6,3,96,92,3.8958333333333335,0.03464912280701754,8.0,3.4903508771929825,0.04943505720643879
CDMS-10-5A-HEPIHO-CorrEtiq.txt,190,91,185,20,25,0,5,8,89,89,4.065934065934066,0.03907203907203907,6.0,3.1698161389172625,0.09809532204490189
CDMS-10-5A-HEPIHO-CorrEtiq.txt,190,79,185,29,32,0,3,17,76,76,4.6835443037974684,0.04965920155793573,5.0,2.851578947368421,0.1655504782694499
CDMS-10-5A-HEPIHO-CorrEtiq.txt,190,94,189,21,22,0,1,10,94,93,4.0212765957446805,0.038206360100663465,7.0,3.280256234271334,0.09062657219234518
CDMS-10-5A-KSRAGU-CorrEtiq.txt,190,85,189,25,29,3,4,7,85,84,4.447058823529412,0.04397759103641457,6.0,3.1296918767507003,0.06217398134353152
CDMS-10-5A-SROPU-CorrEtiq.txt,190,84,189,38,42,3,6,4,84,83,4.5,0.04130808950086059,8.0,3.3881239242685024,0.07678677531618708
CDMS-10-5A-SZURO-CorrEtiq.txt,190,90,189,22,23,2,1,6,90,88,4.2,0.04094881398252185,7.0,3.3563046192259676,0.09822159322159321
CDMS-10-5A-SZURO-CorrEtiq.txt,190,79,189,42,44,0,2,9,79,77,4.784810126582278,0.04706264199935086,8.0,3.4732229795520935,0.08253624013117684
CDMS-10-5A-SZURO-CorrEtiq.txt,190,82,189,44,46,0,2,9,82,81,4.609756097560975,0.04305931948208371,6.0,3.2737127371273713,0.08605398666374277
CDMS-10-5B-SRAJA-CorrEtiq.txt,190,86,189,27,30,1,3,14,86,86,4.395348837209302,0.04322845417236662,6.0,2.983310533515732,0.15388850886919317
CDMS-10-5C-DAAUSA-CorrEtiq.txt,190,93,189,26,36,1,10,11,93,92,4.064516129032258,0.035530621785881254,8.0,3.3887330528284245,0.1259538223237588
CDMS-10-5C-DAAUSA-CorrEtiq.txt,190,76,189,35,42,3,8,18,76,73,4.973684210526316,0.05052631578947368,6.0,2.9596491228070176,0.20634834224128668
CDMS-10-5C-DAAUSA-CorrEtiq.txt,190,84,189,38,39,2,2,9,84,81,4.5,0.042455536431440045,7.0,3.201950659781985,0.08991256176130126
CDMS-10-5C-JFALGI-CorrEtiq.txt,190,84,189,32,36,0,4,11,84,84,4.5,0.04388984509466437,7.0,3.0983935742971886,0.19588028624358675
CDMS-10-5C-MAORTO-CorrEtiq.txt,190,71,189,40,48,3,8,17,71,71,5.323943661971831,0.055533199195171024,6.0,2.8772635814889336,0.15677139761646808
CDMS-10-5C-MAORTO-CorrEtiq.txt,190,65,189,46,52,6,7,16,65,65,5.815384615384615,0.06298076923076923,6.0,2.7096153846153848,0.18479163348728567
CDMS-10-5C-MAORTO-CorrEtiq.txt,190,79,189,31,37,5,6,12,79,79,4.784810126582278,0.04771178188899708,6.0,2.9396299902629015,0.11989428048866684
CDMS-10-5C-NBEMO-CorrEtiq.txt,190,84,189,29,31,5,3,9,84,84,4.5,0.04388984509466437,6.0,3.1606425702811247,0.10735015645729931
CDMS-10-5C-NBEMO-CorrEtiq.txt,190,76,189,36,41,6,6,11,76,76,4.973684210526316,0.04982456140350877,6.0,2.9403508771929823,0.1304562066579339
CDMS-10-5C-NBEMO-CorrEtiq.txt,190,79,189,35,39,8,5,12,79,76,4.784810126582278,0.04608893216488153,7.0,3.1382667964946447,0.10986403854491794
CDMS-10-6B-ASCACO-CorrEtiq.txt,190,72,189,42,43,0,1,18,72,71,5.25,0.05712050078247261,6.0,2.799687010954617,0.20930946569533526
CDMS-10-6B-JJMOBE-CorrEtiq.txt,190,80,189,31,35,0,4,11,80,79,4.725,0.048734177215189876,7.0,3.0844936708860757,0.08253395909645911
CDMS-10-6B-JJMOBE-CorrEtiq.txt,190,80,189,28,35,0,7,10,80,80,4.725,0.048734177215189876,6.0,3.0762658227848103,0.0694439567785156
CDMS-11-4A-GACHSA-CorrEtiq.txt,190,82,189,39,45,2,6,6,82,80,4.609756097560975,0.042758205359831374,7.0,3.3733815115928936,0.09097880439343853
CDMS-11-4A-GACHSA-CorrEtiq.txt,190,81,189,36,40,2,4,3,81,80,4.666666666666667,0.04537037037037037,6.0,3.270679012345679,0.0865284235654606
CDMS-11-4A-GACHSA-CorrEtiq.txt,190,72,189,49,50,1,1,11,72,72,5.25,0.0539906103286385,6.0,3.0273865414710484,0.1114045767232042
CDMS-11-4A-GACHSA-CorrEtiq.txt,190,70,189,44,46,4,4,20,70,70,5.4,0.05755693581780538,6.0,2.803312629399586,0.2229982398553827
CDMS-11-4A-GACHSA-CorrEtiq.txt,190,72,189,40,44,5,6,22,72,71,5.25,0.054773082942097026,5.0,2.7726917057902973,0.3182151458879484
CDMS-11-5A-EAARCA-CorrEtiq.txt,190,85,189,33,36,1,3,11,85,85,4.447058823529412,0.04257703081232493,6.0,3.204481792717087,0.1327500363413676
CDMS-11-5A-MGTHAR-CorrEtiq.txt,190,74,189,40,43,5,4,11,74,72,5.108108108108108,0.05220288781932617,6.0,2.9689004072565717,0.12592788548670902
CDMS-11-5A-MGTHAR-CorrEtiq.txt,190,72,189,43,46,4,4,15,72,72,5.25,0.05438184663536776,6.0,2.9499217527386543,0.15740935883479742
CDMS-11-6A-DFVEBE-CorrEtiq.txt,190,89,187,22,21,10,4,9,89,87,4.202247191011236,0.03983656792645557,7.0,3.2402962206332995,0.10255934856067045
CDMS-11-6A-DFVEBE-CorrEtiq.txt,190,90,187,23,24,5,2,10,90,83,4.155555555555556,0.03945068664169788,10.0,3.459176029962547,0.11586652236652235
CDMS-11-6A-NMREPR-CorrEtiq.txt,190,101,189,22,25,0,3,8,101,100,3.742574257425743,0.032475247524752476,9.0,3.8687128712871286,0.07738329101171268
CDMS-11-6A-NMREPR-CorrEtiq.txt,190,84,189,33,36,0,3,12,84,83,4.5,0.04388984509466437,8.0,3.291164658634538,0.13003787373535272
CDMS-11-6B-ARAHE-CorrEtiq.txt,190,81,189,28,26,4,0,10,81,81,4.666666666666667,0.049074074074074076,7.0,3.082098765432099,0.06560875606769326
CDMS-11-6B-ARAHE-CorrEtiq.txt,190,77,185,41,42,5,2,6,76,73,4.805194805194805,0.047163362952836636,7.0,3.1996491228070174,0.046634337142358526
CDMS-11-6B-AVROTO-CorrEtiq.txt,190,94,189,14,16,0,2,9,94,93,4.0212765957446805,0.03957904369709449,7.0,3.3395104095172727,0.07962315462315463
CDMS-11-6B-EAFESA-CorrEtiq.txt,190,82,189,26,32,2,6,10,82,81,4.609756097560975,0.04667268894911172,6.0,3.070761818729298,0.1172184542701042
CDMS-11-6B-EAFESA-CorrEtiq.txt,190,80,189,41,46,2,5,9,80,79,4.725,0.044620253164556964,7.0,3.3259493670886076,0.10366071428571426
CDMS-11-6B-EAFESA-CorrEtiq.txt,190,74,189,47,51,1,4,8,74,74,5.108108108108108,0.050721954831543875,7.0,3.155127730470196,0.09203221505853085
CDMS-11-6B-EAFESA-CorrEtiq.txt,190,80,189,40,44,3,4,8,80,80,4.725,0.04493670886075949,8.0,3.356645569620253,0.11694747450262155
CDMS-11-6B-EAFESA-CorrEtiq.txt,190,81,189,36,38,3,2,5,81,81,4.666666666666667,0.04567901234567901,7.0,3.33179012345679,0.07546777034794462
CDMS-11-6B-EFRGR-CorrEtiq.txt,190,79,189,43,45,3,2,7,79,78,4.784810126582278,0.045764362220058426,7.0,3.377799415774099,0.0671919501033425
CDMS-11-6B-EFRGR-CorrEtiq.txt,190,77,189,43,42,4,1,13,77,76,4.909090909090909,0.04887218045112782,6.0,3.1725905673274095,0.12708617246432372
CDMS-11-6B-EFRGR-CorrEtiq.txt,190,73,189,46,47,4,3,15,73,71,5.178082191780822,0.05251141552511415,6.0,2.8972602739726026,0.23977580938647997
CDMS-11-6B-EROCO-CorrEtiq.txt,190,74,185,31,36,1,5,20,73,72,5.0,0.0547945205479452,6.0,2.9665144596651447,0.16418432997380367
CDMS-11-6B-JACUPE-CorrEtiq.txt,190,75,173,29,34,8,6,12,75,71,4.613333333333333,0.047207207207207204,8.0,3.131171171171171,0.16665998329156223
CDMS-11-6B-JACUPE-CorrEtiq.txt,190,72,181,30,36,9,7,13,71,70,5.027777777777778,0.053208137715179966,5.0,2.936016096579477,0.1259945301611968
CDMS-11-6B-JACUPE-CorrEtiq.txt,190,67,189,34,43,9,11,18,67,67,5.641791044776119,0.06196291270918137,6.0,2.7869742198100407,0.1625089669865789
CDMS-11-6B-JACUPE-CorrEtiq.txt,190,68,189,39,47,8,11,16,68,67,5.5588235294117645,0.058823529411764705,6.0,2.8968393327480246,0.13090103630384964
CDMS-11-6B-JACUPE-CorrEtiq.txt,190,80,189,32,41,6,10,19,80,78,4.725,0.04493670886075949,6.0,3.0490506329113924,0.1641887361005008
CDMS-11-6B-JDCHBA-CorrEtiq.txt,190,82,189,30,37,3,7,14,82,82,4.609756097560975,0.044866004215597714,6.0,3.1135200240891296,0.10995102458517095
CDMS-11-6B-JDCHBA-CorrEtiq.txt,190,86,189,24,31,7,10,4,86,85,4.395348837209302,0.04131326949384405,7.0,3.2774281805745553,0.08782567842224061
CDMS-11-6B-JDCHBA-CorrEtiq.txt,190,76,189,37,45,7,11,16,76,76,4.973684210526316,0.04807017543859649,7.0,3.1094736842105264,0.17749710006105635
CDMS-11-6B-JDCHBA-CorrEtiq.txt,190,67,189,51,57,6,8,17,67,67,5.641791044776119,0.05698778833107191,6.0,2.997738579828132,0.14393775466045697
CDMS-11-6B-JDCHBA-CorrEtiq.txt,190,82,189,34,38,5,5,16,82,81,4.609756097560975,0.04396266184884071,7.0,3.1963264077085216,0.22929836383925337
CDMS-11-6B-JFSAHE-CorrEtiq.txt,190,91,189,22,26,0,4,3,91,91,4.153846153846154,0.0398046398046398,6.0,3.2424908424908425,0.027621197304455225
CDMS-11-6B-JFSAHE-CorrEtiq.txt,190,89,189,27,32,0,5,5,89,88,4.247191011235955,0.040091930541368746,6.0,3.267620020429009,0.0607233617492533
CDMS-11-6B-JFSAHE-CorrEtiq.txt,190,89,187,22,26,0,4,11,89,89,4.202247191011236,0.04111338100102145,6.0,3.1396833503575077,0.06730596494641439
CDMS-11-6B-JLPENA-CorrEtiq.txt,190,91,185,20,23,3,4,11,90,87,4.065934065934066,0.03882783882783883,7.0,3.348314606741573,0.08744630009701254
CDMS-11-6B-JLPENA-CorrEtiq.txt,190,71,179,31,34,2,3,19,70,67,5.042253521126761,0.05754527162977867,6.0,2.915527950310559,0.13489370336926257
CDMS-11-6B-JMARME-CorrEtiq.txt,190,74,187,35,46,1,11,12,74,73,5.054054054054054,0.0518326545723806,6.0,3.0285079600148093,0.17229825256141046
CDMS-11-6B-JMARME-CorrEtiq.txt,190,87,183,25,31,1,6,8,86,84,4.206896551724138,0.04036353916065223,7.0,3.1967168262653898,0.09639249639249636
CDMS-11-6B-JMARME-CorrEtiq.txt,190,88,185,19,23,0,4,6,87,85,4.204545454545454,0.04231974921630094,7.0,3.2047580860732423,0.08154420340425127
CDMS-11-6B-JMARME-CorrEtiq.txt,190,81,189,26,29,0,3,10,81,80,4.666666666666667,0.04938271604938271,7.0,3.047222222222222,0.15236080590111087
CDMS-11-6B-JMARME-CorrEtiq.txt,190,83,189,33,35,0,2,14,83,82,4.554216867469879,0.04525418748163385,6.0,3.100205700852189,0.17239662683543466
CDMS-11-6B-JMARME-CorrEtiq.txt,190,79,189,41,46,1,5,18,79,77,4.784810126582278,0.04608893216488153,6.0,3.2207075624797143,0.17101860867683652
CDMS-11-6B-JPSAMA-CorrEtiq.txt,190,93,187,19,22,2,3,11,93,90,4.021505376344086,0.03810191678354371,7.0,3.3120617110799437,0.14475836378113416
CDMS-11-6B-JPSAMA-CorrEtiq.txt,190,90,187,26,30,1,4,6,90,88,4.155555555555556,0.03895131086142322,7.0,3.448439450686642,0.10055590560492522
CDMS-11-6B-LESTA-CorrEtiq.txt,190,74,189,34,38,2,4,12,74,73,5.108108108108108,0.05516475379489078,6.0,2.9385412810070344,0.0852052381464146
CDMS-11-6B-LESTA-CorrEtiq.txt,190,78,189,33,38,0,5,14,78,78,4.846153846153846,0.05028305028305028,5.0,2.9916749916749916,0.12562959078796182
CDMS-11-6B-MAGIMU-CorrEtiq.txt,190,69,189,35,39,0,4,22,69,68,5.478260869565218,0.0639386189258312,6.0,2.821398124467178,0.21958597668316338
CDMS-11-6B-MAGIMU-CorrEtiq.txt,190,74,189,41,48,1,7,20,74,73,5.108108108108108,0.0518326545723806,5.0,2.957423176601259,0.15841459754503232
CDMS-11-6B-MMAMO-CorrEtiq.txt,190,87,189,19,22,5,4,8,87,87,4.344827586206897,0.04330392943063352,7.0,3.284683239775461,0.06188224291672568
CDMS-11-6B-MMAMO-CorrEtiq.txt,190,88,189,19,24,2,6,13,88,86,4.295454545454546,0.04258098223615465,6.0,3.0608672936259143,0.13997644512350396
CDMS-11-6B-MMAMO-CorrEtiq.txt,190,87,189,28,30,0,2,12,87,87,4.344827586206897,0.042502004811547714,6.0,3.0638866613205025,0.16925971916529375
CDMS-11-6B-RSECA-CorrEtiq.txt,190,74,189,32,36,0,4,12,74,73,5.108108108108108,0.05664568678267309,6.0,2.798963346908552,0.1292282218752807
CDMS-11-6B-RSECA-CorrEtiq.txt,190,80,189,33,40,1,7,14,80,77,4.725,0.04683544303797468,6.0,3.006645569620253,0.12857383650920803
CDMS-11-6B-SCAPA-CorrEtiq.txt,190,91,189,28,29,0,1,10,91,91,4.153846153846154,0.03907203907203907,7.0,3.23980463980464,0.07165444757218307
CDMS-11-6B-VZAPE-CorrEtiq.txt,190,76,189,39,45,4,6,15,76,75,4.973684210526316,0.04912280701754386,7.0,3.0649122807017544,0.08185914962230752
CDMS-11-6B-YLNIME-CorrEtiq.txt,190,88,189,24,27,0,3,10,88,87,4.295454545454546,0.04231974921630094,6.0,3.132183908045977,0.09051992830401923
CDMS-11-6B-YLNIME-CorrEtiq.txt,190,80,189,32,35,0,3,9,80,79,4.725,0.048734177215189876,7.0,3.1490506329113925,0.12717740592740592
CDMS-11-7C-ICARE-CorrEtiq.txt,190,82,189,29,32,1,3,17,82,81,4.609756097560975,0.04697380307136405,7.0,3.125564588979223,0.14896459351265662
CDMS-11-7C-ICARE-CorrEtiq.txt,190,83,189,29,34,1,5,16,83,80,4.554216867469879,0.04525418748163385,6.0,3.1824860417278873,0.16888753816464658
CDMS-11-7C-IMOIB-CorrEtiq.txt,190,90,189,22,28,2,6,7,90,90,4.2,0.039700374531835204,7.0,3.3433208489388266,0.08188624737644344
CDMS-11-7C-IMOIB-CorrEtiq.txt,190,91,189,24,27,4,3,6,91,91,4.153846153846154,0.038583638583638585,6.0,3.231746031746032,0.07278149201226125
CDMS-11-7C-IMOIB-CorrEtiq.txt,190,86,189,24,27,3,3,10,86,85,4.395348837209302,0.04350205198358413,7.0,3.332421340629275,0.11330755807499997
CDMS-11-7C-SALMA-CorrEtiq.txt,190,86,189,30,34,0,4,10,86,86,4.395348837209302,0.04240766073871409,7.0,3.189876880984952,0.08719136840311871
CDMS-11-7C-SALMA-CorrEtiq.txt,190,79,189,42,45,0,3,11,79,79,4.784810126582278,0.04673807205452775,6.0,3.086335605322947,0.13318280468513646
CDMS-11-7C-SALMA-CorrEtiq.txt,190,84,189,42,43,0,1,12,84,84,4.5,0.04188181296615032,7.0,3.1348250143430865,0.12467360681646397
CDMS-11-7C-SPGAVE-CorrEtiq.txt,190,89,185,24,29,4,5,11,87,86,4.157303370786517,0.03881511746680286,7.0,3.5228548516439453,0.12888921315887608
CDMS-12-5A-SRIGO-CorrEtiq.txt,190,95,189,17,23,0,6,2,95,93,3.9789473684210526,0.03717805151175812,8.0,3.4488241881298993,0.03148408685804808
CDMS-12-5A-SRIGO-CorrEtiq.txt,190,89,189,26,31,3,5,7,89,87,4.247191011235955,0.03958120531154239,7.0,3.378447395301328,0.10355841742160315
CDMS-12-5A-SRIGO-CorrEtiq.txt,190,76,189,38,38,5,1,7,76,76,4.973684210526316,0.051228070175438595,6.0,3.011228070175439,0.08950941344517198
CDMS-12-5A-SRIGO-CorrEtiq.txt,190,87,189,34,33,2,0,10,87,86,4.344827586206897,0.04116546377973804,6.0,3.1887195936915265,0.12282426105421727
CDMS-12-6A-FAROPA-CorrEtiq.txt,190,90,189,26,27,3,2,7,90,89,4.2,0.039700374531835204,6.0,3.2107365792759053,0.10225039847588868
CDMS-12-6A-FAROPA-CorrEtiq.txt,190,84,189,30,33,2,3,9,84,84,4.5,0.04417670682730924,7.0,3.244406196213425,0.13405975413107213
CDMS-12-6A-JGIGA-CorrEtiq.txt,190,81,189,29,35,2,6,7,81,81,4.666666666666667,0.04691358024691358,7.0,3.1447530864197533,0.06471408241560746
CDMS-12-6A-JSOTGU-CorrEtiq.txt,190,72,189,32,33,3,2,11,72,71,5.25,0.05985915492957746,7.0,2.971830985915493,0.12246333364109423
CDMS-12-6A-JSOTGU-CorrEtiq.txt,190,77,189,36,36,4,1,12,77,76,4.909090909090909,0.05092276144907724,7.0,3.231373889268626,0.115864294435723
CDMS-12-6A-JSOTGU-CorrEtiq.txt,190,76,189,36,36,2,0,18,76,75,4.973684210526316,0.052982456140350874,7.0,3.137543859649123,0.1760964912280702
CDMS-12-6A-JSOTGU-CorrEtiq.txt,190,78,189,33,37,2,4,15,78,78,4.846153846153846,0.04995004995004995,7.0,2.9936729936729938,0.20084998041628505
CDMS-12-6A-JSOTGU-CorrEtiq.txt,190,83,189,33,38,1,5,13,83,80,4.554216867469879,0.044078754040552455,8.0,3.124595944754628,0.1288433613996736
CDMS-12-6A-SROAL-CorrEtiq.txt,190,83,189,30,32,1,2,15,83,80,4.554216867469879,0.04584190420217455,7.0,3.1207757860711136,0.16044559963393193
CDMS-12-6A-SROAL-CorrEtiq.txt,190,81,189,34,37,1,3,12,81,81,4.666666666666667,0.04660493827160494,5.0,2.985493827160494,0.09422753247229897
CDMS-12-6A-SROAL-CorrEtiq.txt,190,90,189,32,34,2,2,2,90,88,4.2,0.038202247191011236,8.0,3.49438202247191,0.03009440813362382
CDMS-12-6B-IJDAGA-CorrEtiq.txt,190,71,189,31,35,8,7,15,71,71,5.323943661971831,0.05875251509054326,6.0,2.85271629778672,0.09875352751339321
CDMS-12-6B-IJDAGA-CorrEtiq.txt,190,76,189,31,35,11,6,12,76,76,4.973684210526316,0.05017543859649123,6.0,2.975438596491228,0.17114874741972672
CDMS-12-6B-SCLAG-CorrEtiq.txt,190,81,189,26,32,3,6,10,81,79,4.666666666666667,0.047530864197530866,7.0,3.2867283950617283,0.04964774594404225
CDMS-12-6B-SCLAG-CorrEtiq.txt,190,80,189,37,41,2,4,13,80,80,4.725,0.046202531645569624,7.0,3.2835443037974685,0.1238388347763348
CDMS-12-6B-SCLAG-CorrEtiq.txt,190,71,189,38,44,5,8,15,71,71,5.323943661971831,0.056338028169014086,6.0,2.981086519114688,0.1672818574227025
CDMS-12-6B-SCLAG-CorrEtiq.txt,190,81,189,24,28,5,5,11,81,81,4.666666666666667,0.04814814814814815,6.0,3.0589506172839505,0.08048977028738524
CDMS-12-7C-ARAHE-CorrEtiq.txt,190,86,189,25,32,0,7,16,86,83,4.395348837209302,0.04295485636114911,6.0,3.0850889192886455,0.17217868338557996
CDMS-12-7C-CATRAR-CorrEtiq.txt,190,72,187,41,46,0,5,14,71,71,5.194444444444445,0.05516431924882629,6.0,3.0382293762575454,0.07270958888605947
CDMS-12-7C-CATRAR-CorrEtiq.txt,190,86,185,27,32,0,5,14,85,84,4.3023255813953485,0.04186046511627907,7.0,3.2605042016806722,0.0806859237433793
CDMS-12-7C-CATRAR-CorrEtiq.txt,190,93,187,22,27,0,5,11,93,91,4.021505376344086,0.03740065451145395,7.0,3.3377746610565686,0.07517956537730831
CDMS-12-7C-CATRAR-CorrEtiq.txt,190,87,187,29,32,0,3,12,86,84,4.2988505747126435,0.04143277198609997,7.0,3.1521203830369355,0.07940558466874256
CDMS-12-7C-DLOLO-CorrEtiq.txt,190,86,189,34,35,1,1,8,86,85,4.395348837209302,0.04186046511627907,7.0,3.2850889192886457,0.13879352881260865
CDMS-12-7C-DLOLO-CorrEtiq.txt,190,81,189,33,34,1,1,18,81,80,4.666666666666667,0.047530864197530866,7.0,3.0185185185185186,0.21924657061761715
CDMS-12-7C-MAROBE-CorrEtiq.txt,190,89,189,21,28,0,7,11,89,88,4.247191011235955,0.04111338100102145,7.0,3.2247191011235956,0.14830511495206944
CDMS-12-7C-MAROBE-CorrEtiq.txt,190,87,189,30,34,0,4,8,87,86,4.344827586206897,0.04143277198609997,6.0,3.306067896284416,0.11449068173206105
CDMS-12-7C-VQURA-CorrEtiq.txt,190,91,189,25,29,1,4,9,91,90,4.153846153846154,0.03882783882783883,6.0,3.232967032967033,0.13007130591164204
CDMS-12-7C-VQURA-CorrEtiq.txt,190,94,185,20,21,1,1,7,94,92,3.9361702127659575,0.03729123770304278,6.0,3.2942118508350493,0.08346151484449356
CDMS-12-7C-VQURA-CorrEtiq.txt,190,88,185,26,29,0,3,11,88,85,4.204545454545454,0.04075235109717868,8.0,3.3087774294670846,0.09293644619601556
CDMS-12-7C-VQURA-CorrEtiq.txt,190,86,189,28,33,0,5,9,86,86,4.395348837209302,0.0426812585499316,7.0,3.3203830369357044,0.08673908930406876
CDMS-12-7C-VQURA-CorrEtiq.txt,190,87,185,28,33,0,5,11,84,81,4.252873563218391,0.04063084736701417,7.0,3.2905909351692486,0.09163665198147958
CDMS-13-6B-ASUMO-CorrEtiq.txt,190,87,179,21,26,2,5,16,87,78,4.114942528735632,0.04036353916065223,8.0,3.2705159048382786,0.1348572076259703
CDMS-13-6B-JDTAHE-CorrEtiq.txt,190,85,185,20,24,3,5,11,84,82,4.352941176470588,0.044257703081232495,6.0,3.1778542742398166,0.09726397785221315
CDMS-13-6B-JDTAHE-CorrEtiq.txt,190,93,181,24,27,3,3,9,90,87,3.89247311827957,0.03529686769518466,8.0,3.446941323345818,0.10158027368653555
CDMS-13-7C-MVEAR-CorrEtiq.txt,190,74,189,29,32,6,3,10,74,72,5.108108108108108,0.055905220288781934,5.0,2.870788596815994,0.10981014657485244
CDMS-13-7C-MVEAR-CorrEtiq.txt,190,80,185,22,22,9,2,10,79,77,4.625,0.048734177215189876,6.0,2.964946445959104,0.10445687278407867
CDMS-13-7C-MVEAR-CorrEtiq.txt,190,75,185,26,28,10,5,13,74,71,4.933333333333334,0.05297297297297297,6.0,2.882265827471307,0.1525227611512441
CDMS-13-7C-MVEAR-CorrEtiq.txt,190,74,189,29,31,7,4,20,74,73,5.108108108108108,0.055905220288781934,5.0,2.828211773417253,0.22969269768805373
CDMS-13-7C-SSOSLO-CorrEtiq.txt,190,83,185,25,28,7,4,15,82,79,4.457831325301205,0.044078754040552455,6.0,3.177958446251129,0.14351866339818148
CDMS-13-7C-SSOSLO-CorrEtiq.txt,190,89,185,22,25,3,3,8,88,84,4.157303370786517,0.040091930541368746,6.0,3.171891327063741,0.06421146477326252
CDMS-13-7C-SSOSLO-CorrEtiq.txt,190,75,189,37,40,5,4,16,75,73,5.04,0.05189189189189189,6.0,2.9931531531531532,0.1249107207435381
CDMS-13-7C-SSOSLO-CorrEtiq.txt,190,73,189,45,50,6,6,22,73,73,5.178082191780822,0.05060882800608828,7.0,3.0962709284627095,0.2221154492387369
CDMS-13-7C-SSOSLO-CorrEtiq.txt,190,82,189,31,36,2,5,15,82,82,4.609756097560975,0.04546823246010238,6.0,3.1358024691358026,0.14104630927480732
CDMS-14-10A-IMORTO-CorrEtiq.txt,190,82,189,33,37,0,4,8,82,82,4.609756097560975,0.045769346582354715,6.0,3.19873532068654,0.07628000088545282
CDMS-14-10A-IMORTO-CorrEtiq.txt,190,73,189,39,45,1,6,11,73,73,5.178082191780822,0.05441400304414003,6.0,3.0658295281582952,0.10924129143307226
CDMS-14-10A-JCVANI-CorrEtiq.txt,190,105,189,15,22,2,7,6,105,105,3.6,0.03021978021978022,9.0,3.871794871794872,0.09530238906178755
CDMS-14-10A-JCVANI-CorrEtiq.txt,190,98,189,22,26,3,4,2,98,98,3.857142857142857,0.033662949715968865,9.0,3.6913528297917106,0.03968004784331315
CDMS-14-10A-JCVANI-CorrEtiq.txt,190,93,189,24,30,1,6,5,93,88,4.064516129032258,0.03693314633006078,8.0,3.4270687237026647,0.07031373644276873
CDMS-14-5A-LSDUCO-CorrEtiq.txt,190,82,189,24,32,1,8,14,82,81,4.609756097560975,0.04697380307136405,5.0,3.0421559771153266,0.14966071868510888
CDMS-14-5A-LSDUCO-CorrEtiq.txt,190,67,189,45,52,3,7,15,67,67,5.641791044776119,0.06060606060606061,5.0,2.905020352781547,0.1722989195495087
CDMS-14-6B-KDCAHE-CorrEtiq.txt,190,91,189,20,27,3,7,16,91,89,4.153846153846154,0.03882783882783883,8.0,3.448840048840049,0.11581218040664167
CDMS-14-6B-KDCAHE-CorrEtiq.txt,190,81,189,30,35,5,7,14,81,81,4.666666666666667,0.045987654320987656,6.0,3.218827160493827,0.10685632323059222
CDMS-14-6B-KDCAHE-CorrEtiq.txt,190,73,187,34,40,6,8,14,73,71,5.123287671232877,0.05365296803652968,7.0,3.036149162861492,0.10933889870443585
CDMS-14-6B-KDCAHE-CorrEtiq.txt,190,87,187,30,35,3,5,12,87,83,4.2988505747126435,0.03982892274792836,7.0,3.525527933707565,0.10937989213851282
CDMS-15-10A-AMALOS-CorrEtiq.txt,190,95,189,19,24,6,5,6,95,95,3.9789473684210526,0.03561030235162374,7.0,3.399104143337066,0.05750257997936017
CDMS-15-10A-AMALOS-CorrEtiq.txt,190,89,189,22,29,7,8,3,89,89,4.247191011235955,0.039070480081716034,6.0,3.228804902962206,0.05439102096405467
CDMS-15-10A-AMALOS-CorrEtiq.txt,190,82,189,26,33,3,8,7,82,82,4.609756097560975,0.04607046070460705,7.0,3.1616982836495033,0.056925594730472776
CDMS-15-10A-AMALOS-CorrEtiq.txt,190,80,189,29,34,4,5,9,80,78,4.725,0.047784810126582276,6.0,3.1477848101265824,0.07658802798508682
CDMS-15-10A-AMALOS-CorrEtiq.txt,190,88,189,25,29,5,4,5,88,87,4.295454545454546,0.04049111807732497,6.0,3.1640543364681295,0.0574108322604312
CDMS-15-10A-JJMACH-CorrEtiq.txt,190,86,189,21,26,0,5,12,86,85,4.395348837209302,0.04459644322845417,7.0,3.059917920656635,0.1916303319723292
CDMS-15-10A-JJMACH-CorrEtiq.txt,190,95,189,20,24,1,4,12,95,95,3.9789473684210526,0.036730123180291153,6.0,3.1699888017917135,0.1401631546240511
CDMS-15-10A-JJMACH-CorrEtiq.txt,190,91,189,18,20,4,3,9,91,90,4.153846153846154,0.040293040293040296,7.0,3.1255189255189255,0.0966317652076166
CDMS-15-10A-JJMACH-CorrEtiq.txt,190,95,189,13,15,3,3,6,95,95,3.9789473684210526,0.03829787234042553,6.0,3.2167973124300113,0.0471375807940905
CDMS-15-10A-JJMACH-CorrEtiq.txt,190,95,189,24,26,1,2,6,95,93,3.9789473684210526,0.03628219484882419,6.0,3.3599104143337066,0.04451331949783963
CDMS-15-10A-JJMACH-CorrEtiq.txt,190,91,189,26,29,2,3,11,91,90,4.153846153846154,0.038583638583638585,6.0,3.1921855921855924,0.10915163636304724
CDMS-15-10A-JJMACH-CorrEtiq.txt,190,91,185,26,27,2,1,7,90,86,4.065934065934066,0.0380952380952381,7.0,3.2232209737827717,0.06626659374337393
CDMS-15-10A-JJMACH-CorrEtiq.txt,190,93,185,23,24,1,1,7,92,90,3.978494623655914,0.03740065451145395,7.0,3.317009077878643,0.0970791981228414
CDMS-15-10A-MAALCA-CorrEtiq.txt,190,79,189,28,36,1,8,10,79,79,4.784810126582278,0.04933463161311263,7.0,3.0003245699448233,0.12145936714067763
CDMS-15-10A-MAALCA-CorrEtiq.txt,190,82,189,26,31,2,5,12,82,80,4.609756097560975,0.04697380307136405,6.0,3.0258958145137007,0.08329085628224796
CDMS-15-10A-MAALCA-CorrEtiq.txt,190,94,189,20,21,2,1,7,94,91,4.0212765957446805,0.037977579501258296,7.0,3.2651567147105927,0.06991401289866477
CDMS-15-10A-MAALRI-CorrEtiq.txt,190,92,189,19,26,1,7,9,92,92,4.108695652173913,0.03870043000477783,7.0,3.367892976588629,0.05378112225938312
CDMS-15-10A-MAALRI-CorrEtiq.txt,190,94,189,22,29,2,7,12,94,92,4.0212765957446805,0.03614733470601693,9.0,3.6154198123999084,0.09177439164923522
CDMS-15-10A-MAALRI-CorrEtiq.txt,190,85,189,25,31,2,6,10,85,84,4.447058823529412,0.043697478991596636,8.0,3.2596638655462185,0.1376088617265088
CDMS-15-10A-SGOMO-CorrEtiq.txt,190,98,189,22,23,2,1,9,98,98,3.857142857142857,0.034504523458868085,7.0,3.4670734273090678,0.0914007582983068
CDMS-15-10A-SGOMO-CorrEtiq.txt,190,93,189,24,26,1,2,10,93,93,4.064516129032258,0.037868162692847124,7.0,3.302945301542777,0.11973420844388585
CDMS-15-10A-SHEGA-CorrEtiq.txt,190,79,189,24,28,0,4,26,79,79,4.784810126582278,0.05225576111652061,6.0,2.9467705290490103,0.20255376805225925
CDMS-15-10A-SHEGA-CorrEtiq.txt,190,79,189,30,34,1,4,12,79,79,4.784810126582278,0.049983771502758845,6.0,2.966893865628043,0.16734802321078135
CDMS-15-10A-SHEGA-CorrEtiq.txt,190,86,189,23,27,1,4,16,86,86,4.395348837209302,0.04404924760601915,6.0,3.0008207934336526,0.1555234700979535
CDMS-15-11B-JEMOLO-CorrEtiq.txt,190,89,189,29,33,2,4,2,89,87,4.247191011235955,0.03932584269662921,7.0,3.3633810010214504,0.051389247456663185
CDMS-15-11B-JEMOLO-CorrEtiq.txt,190,90,189,27,32,7,7,6,90,88,4.2,0.03745318352059925,7.0,3.4431960049937578,0.06297720797720797
CDMS-15-11B-JEMOLO-CorrEtiq.txt,190,89,189,19,22,6,4,10,89,87,4.247191011235955,0.04111338100102145,7.0,3.3304392236976508,0.08554421212959495
CDMS-15-11B-JEMOLO-CorrEtiq.txt,190,84,189,31,34,1,3,9,84,84,4.5,0.04417670682730924,7.0,3.2969018932874357,0.0706999466453248
CDMS-15-11B-JEMOLO-CorrEtiq.txt,190,91,189,28,32,1,4,9,91,90,4.153846153846154,0.0380952380952381,7.0,3.220757020757021,0.07262181042400824
CDMS-15-11B-JEMOLO-CorrEtiq.txt,190,94,189,21,28,0,7,6,94,91,4.0212765957446805,0.03683367650423244,7.0,3.286204529855868,0.09016601011281862
CDMS-15-11B-JEMOLO-CorrEtiq.txt,190,101,189,14,20,0,6,8,101,99,3.742574257425743,0.03346534653465347,7.0,3.4174257425742574,0.09272900974307957
CDMS-15-11B-JEMOLO-CorrEtiq.txt,190,87,189,29,31,1,2,7,87,87,4.344827586206897,0.04196738839882384,6.0,3.301790964982625,0.08178915592708695
CDMS-15-11B-JEMOLO-CorrEtiq.txt,190,82,189,33,34,3,2,6,82,81,4.609756097560975,0.045769346582354715,7.0,3.22583559168925,0.07256314146558049
CDMS-15-11B-JEMOLO-CorrEtiq.txt,190,87,189,26,29,2,4,8,87,87,4.344827586206897,0.04223469660518578,6.0,3.211975407645015,0.05430445146469487
CDMS-15-11B-JEMOLO-CorrEtiq.txt,190,81,189,32,36,0,4,11,81,81,4.666666666666667,0.04722222222222222,6.0,3.1493827160493826,0.07872328018526849
CDMS-15-11B-JEMOLO-CorrEtiq.txt,190,80,189,39,42,2,3,10,80,79,4.725,0.04588607594936709,7.0,3.286075949367089,0.08377119408369407
CDMS-15-11B-JEMOLO-CorrEtiq.txt,190,83,189,37,37,3,1,9,83,83,4.554216867469879,0.043784895680282106,6.0,3.273288275051425,0.11781799191437746
CDMS-15-11B-VSAHO-CorrEtiq.txt,190,89,189,31,35,3,5,6,89,88,4.247191011235955,0.038559754851889685,8.0,3.4101123595505616,0.06516879938280432
CDMS-15-11B-VSAHO-CorrEtiq.txt,190,82,189,31,33,3,3,9,82,81,4.609756097560975,0.04607046070460705,6.0,3.0734718458295696,0.1411699451512938
CDMS-16-10A-SGALO-CorrEtiq.txt,190,90,189,15,20,1,5,13,90,89,4.2,0.041947565543071164,7.0,3.247940074906367,0.1177462660795994
CDMS-16-10A-SGALO-CorrEtiq.txt,190,92,189,19,23,0,4,11,92,91,4.108695652173913,0.03965599617773531,7.0,3.4061156235069276,0.14113181504485853
CDMS-16-10A-SGALO-CorrEtiq.txt,190,82,189,30,35,0,5,7,82,82,4.609756097560975,0.04637157482685938,6.0,3.1547726588376994,0.0649670611801549
CDMS-16-11B-NGABE-CorrEtiq.txt,190,90,185,20,21,1,1,12,89,87,4.111111111111111,0.04069912609238452,7.0,3.2129724208375894,0.08831048094205989
CDMS-16-11B-NGABE-CorrEtiq.txt,190,100,185,16,20,2,4,5,99,95,3.7,0.032929292929292926,8.0,3.4444444444444446,0.04840679908326967
CDMS-16-11B-NGABE-CorrEtiq.txt,190,98,189,15,21,1,6,4,98,95,3.857142857142857,0.0351357037660425,8.0,3.5192509993688197,0.07100319648338856
CDMS-16-11B-NGABE-CorrEtiq.txt,190,93,189,23,28,0,5,8,93,91,4.064516129032258,0.03763440860215054,7.0,3.367928938756428,0.12379331370642666
CDMS-17-10A-ASSAMO-CorrEtiq.txt,190,98,189,17,19,0,2,10,98,95,3.857142857142857,0.03576688407321692,6.0,3.3368398905954133,0.10644972940891306
CDMS-17-10A-ASSAMO-CorrEtiq.txt,190,107,189,15,16,0,1,9,107,106,3.532710280373832,0.0305060835831423,8.0,3.5149003703050608,0.09513765051148228
CDMS-18-7C-VVECA-CorrEtiq.txt,190,89,187,34,38,1,4,3,88,88,4.202247191011236,0.03779366700715015,8.0,3.3774817136886104,0.06790499652363499
CDMS-18-7C-VVECA-CorrEtiq.txt,190,85,189,35,38,1,3,17,85,84,4.447058823529412,0.04201680672268908,7.0,3.2296918767507004,0.21248402350704138
CDMS-8-4A-DBEVA-CorrEtiq.txt,190,72,189,30,35,5,6,23,72,71,5.25,0.05829420970266041,5.0,2.8466353677621283,0.15531287430797236
CDMS-8-4A-DBEVA-CorrEtiq.txt,190,75,189,36,41,2,5,17,75,74,5.04,0.05261261261261261,5.0,2.7722522522522524,0.1866838831389915
CDMS-8-4A-DJAVDA-CorrEtiq.txt,190,70,189,42,49,8,7,14,70,70,5.4,0.0546583850931677,7.0,2.8857142857142857,0.16163896327761873
CDMS-8-4A-DOSTR-CorrEtiq.txt,190,88,189,26,33,2,7,11,88,86,4.295454545454546,0.040229885057471264,8.0,3.333855799373041,0.15139743629576163
CDMS-8-4A-DOSTR-CorrEtiq.txt,190,82,189,35,42,3,8,13,82,81,4.609756097560975,0.04336043360433604,7.0,3.232761216501054,0.1258437481536477
CDMS-8-4A-DOSTR-CorrEtiq.txt,190,75,189,40,46,4,7,16,75,74,5.04,0.05009009009009009,7.0,3.0691891891891894,0.15882993809309595
CDMS-8-4A-DOSTR-CorrEtiq.txt,190,71,189,48,49,9,4,14,71,68,5.323943661971831,0.05271629778672032,6.0,3.0148893360160964,0.13762344648186015
CDMS-8-4A-DOSTR-CorrEtiq.txt,190,73,189,47,49,9,5,14,73,72,5.178082191780822,0.04984779299847793,8.0,3.2233637747336377,0.1459252315416699
CDMS-8-4A-LGOPA-CorrEtiq.txt,190,81,185,35,43,5,9,12,80,76,4.567901234567901,0.042283950617283954,9.0,3.5354430379746837,0.09670672263264855
CDMS-8-4A-LGOPA-CorrEtiq.txt,190,72,189,47,53,0,6,17,72,71,5.25,0.053208137715179966,6.0,3.036776212832551,0.165078979662313
CDMS-8-4C-JDBUTU-CorrEtiq.txt,190,79,187,33,37,7,7,8,79,79,4.734177215189874,0.046413502109704644,6.0,2.9633235962349884,0.11840709220456054
CDMS-8-4C-JDBUTU-CorrEtiq.txt,190,71,189,39,46,11,10,16,71,71,5.323943661971831,0.05311871227364185,5.0,2.8064386317907446,0.2344874739240936
CDMS-9-4A-ACDUTR-CorrEtiq.txt,190,86,189,26,30,4,4,14,86,86,4.395348837209302,0.04240766073871409,6.0,3.0733242134062926,0.14973617353918312
CDMS-9-4A-ACDUTR-CorrEtiq.txt,190,76,189,39,41,5,3,15,76,75,4.973684210526316,0.05017543859649123,5.0,2.8687719298245615,0.16399850149850148
CDMS-9-4A-CARGA-CorrEtiq.txt,190,83,189,35,34,4,1,7,83,83,4.554216867469879,0.044372612400822804,6.0,3.2256832206876287,0.09794596300620396
CDMS-9-4A-CARGA-CorrEtiq.txt,190,73,189,45,48,1,3,15,73,73,5.178082191780822,0.0532724505327245,6.0,2.8751902587519025,0.22642861749227586
CDMS-9-4A-CARGA-CorrEtiq.txt,190,86,189,27,29,2,3,14,86,82,4.395348837209302,0.04322845417236662,8.0,3.1477428180574556,0.15730041038879436
CDMS-9-4A-CRAAG-CorrEtiq.txt,190,74,185,37,41,4,4,24,73,70,5.0,0.0518326545723806,6.0,2.9075342465753424,0.26435967935967936
CDMS-9-4A-CRAAG-CorrEtiq.txt,190,72,189,45,47,5,3,16,72,71,5.25,0.05359937402190924,7.0,2.8806729264475743,0.18342298133964804
CDMS-9-4A-EROHI-CorrEtiq.txt,190,78,189,32,35,5,4,10,78,77,4.846153846153846,0.049617049617049616,7.0,3.1315351315351316,0.10988246084399933
CDMS-9-4A-EROHI-CorrEtiq.txt,190,78,189,31,33,6,3,14,78,78,4.846153846153846,0.04995004995004995,6.0,3.1435231435231437,0.13674537712999252
CDMS-9-4A-ILOSE-CorrEtiq.txt,190,72,189,43,46,0,3,9,72,72,5.25,0.05594679186228482,6.0,2.9315336463223787,0.0788560976060976
CDMS-9-4A-ILOSE-CorrEtiq.txt,190,71,189,48,49,0,1,14,71,69,5.323943661971831,0.056338028169014086,6.0,2.870422535211268,0.12256718772424258
CDMS-9-4A-TGAFR-CorrEtiq.txt,190,82,189,33,40,3,8,15,82,82,4.609756097560975,0.04396266184884071,5.0,2.8867810900331223,0.15855109405694864
CDMS-9-4C-SCAMO-CorrEtiq.txt,190,94,185,25,26,1,1,7,93,91,3.9361702127659575,0.03614733470601693,8.0,3.516362786348761,0.06373425628744778
CDMS-9-5A-ABERO-CorrEtiq.txt,190,83,187,21,28,5,7,10,83,81,4.506024096385542,0.04525418748163385,6.0,3.212459594475463,0.09239391799632762
CDMS-9-5A-ABERO-CorrEtiq.txt,190,78,187,30,33,6,3,2,78,75,4.794871794871795,0.04928404928404929,7.0,3.1082251082251084,0.045714713474894475
CDMS-9-5A-ABERO-CorrEtiq.txt,190,69,189,50,53,3,4,10,69,69,5.478260869565218,0.056692242114237,6.0,2.889173060528559,0.13014774569492568
CDMS-9-5A-ABERO-CorrEtiq.txt,190,79,189,44,47,4,4,9,79,79,4.784810126582278,0.044790652385589096,7.0,3.3008763388510225,0.06656451846325266
CDMS-9-5A-PAGACO-CorrEtiq.txt,190,79,189,26,33,3,7,10,79,78,4.784810126582278,0.04965920155793573,7.0,3.157416423239208,0.08492990834762984
CDMS-9-5A-PAGACO-CorrEtiq.txt,190,81,189,28,32,3,4,11,81,81,4.666666666666667,0.047530864197530866,6.0,3.195679012345679,0.08323938628949522
CDMS-9-5A-VVAAR-CorrEtiq.txt,190,79,189,35,42,2,7,14,79,78,4.784810126582278,0.04706264199935086,7.0,3.100616682895164,0.14927510879629755
CDMS-9-5C-JDMADE-CorrEtiq.txt,190,85,189,33,34,10,5,6,85,84,4.447058823529412,0.04061624649859944,7.0,3.298879551820728,0.10660375572140277
CDMS-9-5C-LVIZAC-CorrEtiq.txt,190,89,189,27,31,2,4,12,89,88,4.247191011235955,0.03983656792645557,7.0,3.4458631256384065,0.1203746206059491
CDMS-9-5C-LVIZAC-CorrEtiq.txt,190,90,189,26,30,4,4,12,90,90,4.2,0.03870162297128589,8.0,3.3685393258426966,0.0725034595034595
CDMS-9-5C-MLOGO-CorrEtiq.txt,190,83,189,32,33,4,1,18,83,81,4.554216867469879,0.044666470761093154,9.0,3.3826035850719953,0.11973961545187627
CDMS-9-5C-MLOGO-CorrEtiq.txt,190,80,189,37,39,3,3,21,80,79,4.725,0.04651898734177215,8.0,3.207594936708861,0.24889126314861607
CDMS-9-5C-SCAAG-CorrEtiq.txt,190,82,185,25,28,1,3,14,79,78,4.512195121951219,0.04697380307136405,6.0,3.092502434274586,0.1028537579111467
CDMS-9-5C-SCAAG-CorrEtiq.txt,190,80,189,36,40,2,4,11,80,79,4.725,0.04651898734177215,7.0,3.2341772151898733,0.09272765246449458
CDMS-XX-10A-VGILO-CorrEtiq.txt,190,88,189,20,21,6,2,9,88,87,4.295454545454546,0.04231974921630094,6.0,3.1436781609195403,0.12791064265346563
CDMS-XX-10A-VGILO-CorrEtiq.txt,190,85,185,27,25,9,0,9,84,77,4.352941176470588,0.042296918767507005,7.0,3.2205966724039015,0.11136043179386834
CDMS-XX-5C-MJSARU-CorrEtiq.txt,190,90,189,26,35,1,9,5,90,89,4.2,0.038202247191011236,7.0,3.272409488139825,0.06104579382701158
CDMS-XX-5C-MJSARU-CorrEtiq.txt,190,90,189,29,35,2,6,9,90,88,4.2,0.037952559300873906,8.0,3.4279650436953806,0.12108953882947691
CDMS-XX-5C-MPCAQU-CorrEtiq.txt,190,75,189,35,38,0,3,14,75,75,5.04,0.054414414414414414,5.0,2.9142342342342342,0.1381996151996152
CDMS-XX-6A-MAGICA-CorrEtiq.txt,190,94,187,19,22,1,3,11,94,93,3.978723404255319,0.03752001830244795,7.0,3.3308167467398766,0.08326326017189596
CDMS-XX-6A-MAGICA-CorrEtiq.txt,190,91,187,21,23,1,2,12,91,89,4.1098901098901095,0.0398046398046398,7.0,3.311111111111111,0.08663746445701333
CDMS-XX-6A-MAGICA-CorrEtiq.txt,190,95,187,16,18,0,2,11,95,94,3.9368421052631577,0.037849944008958566,7.0,3.426875699888018,0.09268140707499975
CDMS-XX-6A-MAGICA-CorrEtiq.txt,190,90,189,26,30,1,4,8,90,87,4.2,0.03945068664169788,8.0,3.495131086142322,0.06924925951241741
CDMS-XX-6A-MAGICA-CorrEtiq.txt,190,89,189,33,37,1,4,5,89,89,4.247191011235955,0.038559754851889685,8.0,3.6396833503575077,0.05638886706302437
CDMS-XX-6A-MAGICA-CorrEtiq.txt,190,84,189,35,36,0,1,4,84,82,4.5,0.04388984509466437,7.0,3.3514056224899598,0.059441352298495176
CDMS-XX-6A-MAGICA-CorrEtiq.txt,190,82,189,32,34,0,2,11,82,80,4.609756097560975,0.04667268894911172,6.0,3.0924420355314663,0.1181659982771891
CDMS-XX-6B-SPUCA-CorrEtiq.txt,190,98,189,15,19,0,4,10,98,97,3.857142857142857,0.03576688407321692,7.0,3.4933726067746687,0.1353487066698667
CDMS-XX-6B-SPUCA-CorrEtiq.txt,190,89,189,26,31,1,5,9,89,86,4.247191011235955,0.040091930541368746,8.0,3.4126659856996935,0.116386703184456
CDMS-XX-6B-SPUCA-CorrEtiq.txt,190,86,189,33,40,1,7,11,86,85,4.395348837209302,0.04049247606019152,6.0,3.1830369357045143,0.13836705929729184
CDMS-XX-6B-SPUCA-CorrEtiq.txt,190,83,189,40,47,0,7,3,83,82,4.554216867469879,0.041727887158389654,6.0,3.1654422568322067,0.057995302201538916
CSO-10-4A-ICAPA-CorrEtiq.txt,190,82,187,37,43,1,6,6,82,82,4.560975609756097,0.04305931948208371,6.0,3.134598012646793,0.10139068690235181
CSO-10-4A-ICAPA-CorrEtiq.txt,190,75,189,46,52,1,6,9,75,72,5.04,0.04900900900900901,7.0,3.0796396396396397,0.18012764818027976
CSO-10-4A-ICAPA-CorrEtiq.txt,190,74,189,37,43,1,6,17,74,74,5.108108108108108,0.05368382080710848,5.0,2.853387634209552,0.27217999637235063
CSO-10-4A-ICAPA-CorrEtiq.txt,190,78,189,40,46,0,6,18,78,78,4.846153846153846,0.047619047619047616,5.0,2.8757908757908757,0.27244900693176555
CSO-10-4A-KCOMO-CorrEtiq.txt,190,79,189,25,34,4,9,12,79,79,4.784810126582278,0.049010061668289515,7.0,3.0042194092827006,0.11800499689877786
CSO-10-4A-KCOMO-CorrEtiq.txt,190,74,189,39,43,4,5,8,74,74,5.108108108108108,0.05257312106627175,6.0,2.884116993706035,0.12004319254319254
CSO-10-4A-KCOMO-CorrEtiq.txt,190,77,189,35,39,2,4,12,77,76,4.909090909090909,0.050580997949419004,7.0,3.0847573479152426,0.1095554360941148
CSO-10-4A-KCOMO-CorrEtiq.txt,190,84,189,31,38,1,7,11,84,84,4.5,0.043029259896729774,7.0,3.1944922547332184,0.16636082949108158
CSO-10-4A-LRAVI-CorrEtiq.txt,190,80,185,36,44,0,8,14,78,78,4.625,0.044620253164556964,7.0,3.0203130203130204,0.18159964626876393
CSO-10-4A-LSCAVA-CorrEtiq.txt,190,98,189,27,36,0,9,6,98,97,3.857142857142857,0.032190195665895226,9.0,3.8809173153797603,0.09081825204274184
CSO-10-4A-LSCAVA-CorrEtiq.txt,190,93,189,34,40,1,6,5,93,92,4.064516129032258,0.0345956054230949,8.0,3.7201963534361853,0.08404164533196792
CSO-10-5A-ACAVA-CorrEtiq.txt,190,98,189,20,22,4,2,7,98,98,3.857142857142857,0.03429413002314328,8.0,3.609509783294761,0.05906360037749436
CSO-10-5A-ACAVA-CorrEtiq.txt,190,88,189,23,24,6,2,8,88,87,4.295454545454546,0.041536050156739814,8.0,3.1784221525600835,0.12649962196797235
CSO-10-5A-ARACA-CorrEtiq.txt,190,85,175,29,30,1,1,4,84,82,4.117647058823529,0.040336134453781515,6.0,3.3195639701663797,0.08539434421787363
CSO-10-5A-ARACA-CorrEtiq.txt,190,85,181,26,27,6,2,7,84,80,4.258823529411765,0.04145658263305322,8.0,3.397877223178428,0.0788044308632544
CSO-10-5A-DABRZA-CorrEtiq.txt,190,85,187,37,40,0,3,9,85,84,4.4,0.041176470588235294,8.0,3.430532212885154,0.08856246952222183
CSO-10-5A-DABRZA-CorrEtiq.txt,190,67,187,48,55,1,7,16,67,67,5.582089552238806,0.05924920850293985,6.0,2.9678878335594754,0.16851394873782932
CSO-10-5A-DABRZA-CorrEtiq.txt,190,72,189,43,51,3,8,19,72,72,5.25,0.0528169014084507,6.0,2.942488262910798,0.23923384552913537
CSO-10-5A-DABRZA-CorrEtiq.txt,190,80,189,37,43,5,6,9,80,79,4.725,0.044620253164556964,7.0,3.2177215189873416,0.12588343437608143
CSO-10-5A-DABRZA-CorrEtiq.txt,190,73,189,42,47,5,6,16,73,72,5.178082191780822,0.05213089802130898,7.0,3.0342465753424657,0.14787667789279396
CSO-10-5A-GZAMA-CorrEtiq.txt,190,76,187,35,36,0,1,17,76,75,4.921052631578948,0.052982456140350874,7.0,3.0049122807017543,0.21366779419410997
CSO-10-5A-GZAMA-CorrEtiq.txt,190,87,187,25,27,0,2,8,87,87,4.2988505747126435,0.04276931301790965,7.0,3.2614274258219726,0.1091017284120732
CSO-10-5A-GZAMA-CorrEtiq.txt,190,88,189,27,28,0,1,6,88,88,4.295454545454546,0.04205851619644723,6.0,3.1820794148380354,0.06937096719705417
CSO-10-5A-GZAMA-CorrEtiq.txt,190,86,189,27,32,2,5,8,86,86,4.395348837209302,0.04240766073871409,6.0,3.1652530779753763,0.08820805921412594
CSO-10-5A-GZAMA-CorrEtiq.txt,190,79,189,30,38,2,8,11,79,79,4.784810126582278,0.0483609217786433,6.0,3.0253164556962027,0.12216103165470252
CSO-10-5A-IPECA-CorrEtiq.txt,190,82,189,30,35,1,5,14,82,82,4.609756097560975,0.04607046070460705,6.0,3.0981632038542606,0.11358925826285939
CSO-10-5A-IPECA-CorrEtiq.txt,190,87,189,26,28,0,2,15,87,85,4.344827586206897,0.043036621224271585,6.0,3.028869286287089,0.12457800256988899
CSO-10-5A-JANORO-CorrEtiq.txt,190,88,189,23,30,1,7,13,88,87,4.295454545454546,0.041274817136886105,7.0,3.2413793103448274,0.12940266618408328
CSO-10-5A-JANORO-CorrEtiq.txt,190,91,185,21,26,1,5,11,90,86,4.065934065934066,0.038583638583638585,7.0,3.308114856429463,0.11172734469437767
CSO-10-5A-JBUVE-CorrEtiq.txt,190,94,189,24,26,3,3,5,94,92,4.0212765957446805,0.036604895904827274,7.0,3.4493250972317546,0.07154981890588899
CSO-10-5A-JBUVE-CorrEtiq.txt,190,88,189,28,32,2,4,9,88,87,4.295454545454546,0.04049111807732497,6.0,3.209508881922675,0.07763060802833531
CSO-10-5A-JJSEMO-CorrEtiq.txt,190,79,187,35,39,1,4,9,79,78,4.734177215189874,0.04771178188899708,6.0,3.003245699448231,0.09808084964549281
CSO-10-5A-JLCARI-CorrEtiq.txt,190,94,185,22,25,2,3,6,93,91,3.9361702127659575,0.03614733470601693,7.0,3.5388031790556336,0.08438786390914049
CSO-10-5A-MAARAN-CorrEtiq.txt,190,72,189,50,51,1,1,17,72,71,5.25,0.05359937402190924,8.0,3.246087636932707,0.22536104509143723
CSO-10-5A-MAARAN-CorrEtiq.txt,190,73,189,50,52,2,2,15,73,71,5.178082191780822,0.05136986301369863,7.0,2.9140030441400304,0.22368911936922892
CSO-10-5A-MAARAN-CorrEtiq.txt,190,75,189,39,42,1,3,22,75,75,5.04,0.05261261261261261,6.0,2.8464864864864863,0.2273822811290304
CSO-10-5A-MAOSMO-CorrEtiq.txt,190,94,189,21,25,1,4,5,94,93,4.0212765957446805,0.03729123770304278,7.0,3.4678563257835737,0.04304153293514995
CSO-10-5A-MAOSMO-CorrEtiq.txt,190,81,189,27,29,1,2,7,81,80,4.666666666666667,0.049074074074074076,6.0,3.0027777777777778,0.08537091690686462
CSO-10-5A-MAOSMO-CorrEtiq.txt,190,90,189,24,27,0,3,6,90,89,4.2,0.04044943820224719,8.0,3.5380774032459428,0.0531984681984682
CSO-10-5A-RVMOIB-CorrEtiq.txt,190,92,189,20,21,1,1,6,92,92,4.108695652173913,0.03989488772097468,6.0,3.169374104156713,0.08138638499891697
CSO-10-5A-RVMOIB-CorrEtiq.txt,190,87,189,28,30,0,2,11,87,87,4.344827586206897,0.042502004811547714,8.0,3.3247794707297516,0.1268882458537631
CSO-10-5A-RVMOIB-CorrEtiq.txt,190,86,189,24,28,1,4,14,86,86,4.395348837209302,0.04377564979480164,6.0,3.090013679890561,0.07678650918445001
CSO-10-5A-SVHEES-CorrEtiq.txt,190,87,189,18,19,6,2,14,87,87,4.344827586206897,0.04383854584335739,7.0,3.165463779738038,0.14250576095535963
CSO-10-5A-SVHEES-CorrEtiq.txt,190,80,189,29,32,6,3,11,80,77,4.725,0.047784810126582276,8.0,3.060759493670886,0.15180371956474897
CSO-10-5A-SVHEES-CorrEtiq.txt,190,68,189,45,48,4,4,12,68,67,5.5588235294117645,0.0601404741000878,4.0,2.696663740122915,0.1404810903194622
CSO-11-5A-MDVOSPE-CorrEtiq.txt,190,85,187,30,32,2,2,7,85,83,4.4,0.04285714285714286,7.0,3.146498599439776,0.11442132646284896
CSO-11-5A-MDVOSPE-CorrEtiq.txt,190,71,187,39,42,1,3,15,71,70,5.267605633802817,0.0579476861167002,6.0,2.8531187122736417,0.15623728200364487
CSO-11-5A-MDVOSPE-CorrEtiq.txt,190,86,189,30,33,1,3,13,86,86,4.395348837209302,0.04240766073871409,8.0,3.3939808481532148,0.12162824255847511
CSO-11-5A-MTAGA-CorrEtiq.txt,190,96,189,22,26,4,4,7,96,95,3.9375,0.034868421052631576,8.0,3.6660087719298247,0.0569166366041366
CSO-11-5A-MTAGA-CorrEtiq.txt,190,80,189,33,38,2,5,5,80,79,4.725,0.04715189873417722,6.0,3.1294303797468355,0.07484428969723088
CSO-11-6A-CAPAMU-CorrEtiq.txt,190,101,179,17,18,3,1,5,97,90,3.5445544554455446,0.03128712871287129,10.0,3.8756443298969074,0.04523738088094524
CSO-11-6A-CAPAMU-CorrEtiq.txt,190,91,181,27,28,1,1,8,89,83,3.978021978021978,0.03711843711843712,10.0,3.5554136874361593,0.05622869194297765
CSO-11-6A-CAPAMU-CorrEtiq.txt,190,89,185,24,25,2,1,13,88,86,4.157303370786517,0.04034729315628192,6.0,3.0987460815047023,0.13326537786220535
CSO-11-6A-DSCACH-CorrEtiq.txt,190,97,189,18,19,1,1,6,97,97,3.8969072164948453,0.03629725085910653,6.0,3.3423539518900345,0.06277731432370608
CSO-11-6A-DSCACH-CorrEtiq.txt,190,91,189,27,28,0,1,7,91,91,4.153846153846154,0.039316239316239315,7.0,3.4036630036630036,0.06891748271838767
CSO-11-6A-EROMO-CorrEtiq.txt,190,88,189,31,40,0,9,6,88,88,4.295454545454546,0.038923719958202714,6.0,3.2774294670846396,0.07924241162877527
CSO-11-6A-FSOVRE-CorrEtiq.txt,190,83,185,32,40,3,8,5,82,78,4.457831325301205,0.041727887158389654,6.0,3.2261367058115025,0.0645869191049914
CSO-11-6A-FSOVRE-CorrEtiq.txt,190,75,189,41,44,2,3,11,75,75,5.04,0.05153153153153153,6.0,3.0864864864864865,0.12387582787582789
CSO-11-6A-FSOVRE-CorrEtiq.txt,190,72,189,39,45,0,6,19,72,71,5.25,0.056338028169014086,5.0,2.890845070422535,0.22837528756646405
CSO-11-6B-ANREVA-CorrEtiq.txt,190,91,189,27,30,1,3,13,91,91,4.153846153846154,0.038583638583638585,7.0,3.352136752136752,0.11392433063690195
CSO-11-6B-ANREVA-CorrEtiq.txt,190,80,189,35,38,2,3,10,80,80,4.725,0.04715189873417722,6.0,2.94873417721519,0.13095089330958895
CSO-11-6B-ANREVA-CorrEtiq.txt,190,82,189,39,42,1,3,13,82,82,4.609756097560975,0.04396266184884071,6.0,3.1439325504366153,0.16877406529273473
CSO-11-6B-DISEMO-CorrEtiq.txt,190,94,179,23,28,0,5,8,92,82,3.8085106382978724,0.03454587051018074,8.0,3.604156712852365,0.06854345418175206
CSO-11-6B-LHFDLACH-CorrEtiq.txt,190,88,185,32,36,4,4,4,88,85,4.204545454545454,0.03787878787878788,7.0,3.583855799373041,0.05646235078053259
CSO-11-6B-LHFDLACH-CorrEtiq.txt,190,89,185,25,33,3,8,7,89,85,4.157303370786517,0.03804902962206333,8.0,3.4601634320735446,0.07880300466222474
CSO-11-6B-LHFDLACH-CorrEtiq.txt,190,90,189,30,37,1,7,10,90,89,4.2,0.03770287141073658,7.0,3.3480649188514358,0.08792704826038157
CSO-11-6B-RJGIHE-CorrEtiq.txt,190,90,189,18,22,3,4,17,90,89,4.2,0.04094881398252185,7.0,3.111860174781523,0.18548110967989265
CSO-11-6B-RJGIHE-CorrEtiq.txt,190,81,189,25,26,3,1,21,81,79,4.666666666666667,0.04938271604938271,5.0,2.883641975308642,0.25917564059326514
CSO-11-6B-SFLVA-CorrEtiq.txt,190,85,189,23,26,7,5,15,85,84,4.447058823529412,0.043697478991596636,6.0,3.142296918767507,0.15966689424620584
CSO-11-6B-SFLVA-CorrEtiq.txt,190,76,189,38,44,9,8,13,76,76,4.973684210526316,0.047719298245614036,7.0,3.1396491228070174,0.19010692101066062
CSO-11-6B-VCOMA-CorrEtiq.txt,190,98,189,20,24,3,5,4,98,97,3.857142857142857,0.03408373658741847,7.0,3.470439722280665,0.04544690003873677
CSO-11-6B-VCOMA-CorrEtiq.txt,190,92,189,26,30,0,4,12,92,89,4.108695652173913,0.03798375537505972,6.0,3.189679885332059,0.1337959334881283
CSO-12-6A-DGISE-CorrEtiq.txt,190,93,189,20,19,10,3,7,93,93,4.064516129032258,0.03740065451145395,7.0,3.380551659654044,0.0724369488126604
CSO-12-6A-DGISE-CorrEtiq.txt,190,83,189,34,40,6,7,7,83,80,4.554216867469879,0.04202174551866,7.0,3.347046723479283,0.08142607058269707
CSO-12-6A-FJOVRE-CorrEtiq.txt,190,82,185,22,27,4,5,11,81,77,4.512195121951219,0.04637157482685938,6.0,2.950925925925926,0.07659509309437573
CSO-12-6A-FJOVRE-CorrEtiq.txt,190,86,185,27,32,1,5,13,85,82,4.3023255813953485,0.04158686730506156,7.0,3.0823529411764707,0.1303767972453623
CSO-12-6B-GQULO-CorrEtiq.txt,190,86,189,17,20,9,3,4,86,86,4.395348837209302,0.04377564979480164,7.0,3.2087551299589605,0.05033952515592662
CSO-12-6B-GQULO-CorrEtiq.txt,190,77,189,41,47,5,6,8,77,77,4.909090909090909,0.0468215994531784,7.0,3.163362952836637,0.10929705215419501
CSO-12-6B-LJHEFE-CorrEtiq.txt,190,97,189,13,17,3,4,6,97,97,3.8969072164948453,0.03629725085910653,7.0,3.368127147766323,0.08621098561413267
CSO-12-6B-LJHEFE-CorrEtiq.txt,190,94,189,13,19,3,6,10,94,94,4.0212765957446805,0.038206360100663465,6.0,3.2383893845801874,0.10877890631043172
CSO-12-6B-LJHEFE-CorrEtiq.txt,190,85,189,29,35,1,6,12,85,81,4.447058823529412,0.04285714285714286,8.0,3.2521008403361344,0.1507087683558272
CSO-12-6B-LJHEFE-CorrEtiq.txt,190,91,189,27,30,1,3,9,91,91,4.153846153846154,0.038583638583638585,7.0,3.3343101343101345,0.12524993482194174
CSO-12-6B-VPAMA-CorrEtiq.txt,190,69,165,42,43,2,1,12,67,55,4.782608695652174,0.05115089514066496,8.0,3.2632293080054273,0.10337102511015553
CSO-12-7A-DALRE-CorrEtiq.txt,190,75,187,38,42,3,4,13,75,75,4.986666666666666,0.05117117117117117,7.0,3.215135135135135,0.11638038649803356
CSO-12-7A-DALRE-CorrEtiq.txt,190,75,187,43,48,3,5,11,75,74,4.986666666666666,0.04900900900900901,6.0,3.1135135135135137,0.11847064482358602
CSO-12-7A-DALRE-CorrEtiq.txt,190,71,187,48,51,2,3,10,71,71,5.267605633802817,0.053923541247484906,5.0,2.995573440643863,0.12907872758742686
CSO-12-7A-DALRE-CorrEtiq.txt,190,72,189,49,51,5,3,14,72,72,5.25,0.05203442879499218,7.0,3.1134585289514867,0.2460665831989361
CSO-12-7A-ESALA-CorrEtiq.txt,190,78,189,36,39,0,3,11,78,77,4.846153846153846,0.04995004995004995,6.0,2.938061938061938,0.10915864850134915
CSO-12-7A-IMERO-CorrEtiq.txt,190,86,189,25,28,4,3,9,86,85,4.395348837209302,0.04295485636114911,8.0,3.3482900136798905,0.08180601698043558
CSO-12-7A-IMERO-CorrEtiq.txt,190,85,189,25,29,4,4,12,85,84,4.447058823529412,0.043697478991596636,8.0,3.357142857142857,0.14111430342888145
CSO-12-7A-IMERO-CorrEtiq.txt,190,86,189,25,32,3,7,11,86,86,4.395348837209302,0.04213406292749658,8.0,3.2517099863201095,0.12914634954648635
CSO-12-7A-IMERO-CorrEtiq.txt,190,90,189,25,34,1,9,7,90,88,4.2,0.03845193508114857,8.0,3.4756554307116105,0.07672179672179673
CSO-12-7A-IMERO-CorrEtiq.txt,190,97,189,24,29,0,5,5,97,96,3.8969072164948453,0.03436426116838488,7.0,3.5670103092783507,0.05060987122842793
CSO-12-7A-JHEZA-CorrEtiq.txt,190,96,181,24,27,2,3,6,94,89,3.7708333333333335,0.03333333333333333,8.0,3.6398993365362617,0.07315188045886575
CSO-12-7A-JHEZA-CorrEtiq.txt,190,100,183,14,18,6,5,13,99,90,3.66,0.03212121212121212,10.0,3.750773036487322,0.14908142124473392
CSO-12-7A-LSARAR-CorrEtiq.txt,190,80,189,36,42,0,6,12,80,79,4.725,0.04651898734177215,6.0,3.0341772151898736,0.15528491041552187
CSO-12-7A-SCAHO-CorrEtiq.txt,190,92,189,28,33,0,5,10,92,92,4.108695652173913,0.037267080745341616,10.0,3.626134734830387,0.08605720437561869
CSO-12-7A-SCAHO-CorrEtiq.txt,190,89,189,32,38,1,6,9,89,89,4.247191011235955,0.03830439223697651,8.0,3.508937691521961,0.08216450216450216
CSO-12-7A-SCAHO-CorrEtiq.txt,190,89,189,29,32,1,3,9,89,87,4.247191011235955,0.03983656792645557,8.0,3.2880490296220635,0.09200684513337178
CSO-12-7B-DVAGRO-CorrEtiq.txt,190,98,189,20,25,4,6,7,98,97,3.857142857142857,0.033662949715968865,7.0,3.6698926993477805,0.04925445369623041
CSO-12-7B-DVAGRO-CorrEtiq.txt,190,86,189,29,33,4,4,9,86,86,4.395348837209302,0.04158686730506156,6.0,3.1562243502051985,0.06976367638652775
CSO-12-7B-SMUGU-CorrEtiq.txt,190,79,189,29,31,2,2,11,79,79,4.784810126582278,0.05063291139240506,6.0,2.9987017202207076,0.12007469893780982
CSO-12-7B-SSARA-CorrEtiq.txt,190,101,189,15,18,4,3,2,101,99,3.742574257425743,0.03306930693069307,9.0,3.596831683168317,0.03899818553283899
CSO-12-7B-SSARA-CorrEtiq.txt,190,87,189,28,31,4,4,10,87,80,4.344827586206897,0.04116546377973804,12.0,3.6872493985565358,0.034486075865386205
CSO-12-7B-VHOMA-CorrEtiq.txt,190,90,189,25,28,2,3,8,90,90,4.2,0.039700374531835204,8.0,3.352808988764045,0.13846036679370013
CSO-12-7B-VHOMA-CorrEtiq.txt,190,92,189,27,28,2,1,5,92,92,4.108695652173913,0.03798375537505972,7.0,3.2527472527472527,0.08679693881521179
CSO-12-7B-VHOMA-CorrEtiq.txt,190,108,189,17,15,5,0,3,108,107,3.5,0.029248875043267567,8.0,3.808238144686743,0.035148056675834455
CSO-12-7B-VHOMA-CorrEtiq.txt,190,105,189,17,19,5,4,7,105,104,3.6,0.03021978021978022,8.0,3.8124542124542122,0.0709604898680529
CSO-12-8A-YTOME-CorrEtiq.txt,190,79,189,31,34,0,3,16,79,79,4.784810126582278,0.05030834144758196,6.0,3.072379097695553,0.1609246405382315
CSO-12-8A-YTOME-CorrEtiq.txt,190,79,189,34,38,1,4,14,79,77,4.784810126582278,0.04868549172346641,6.0,2.950340798442064,0.1912707264605999
CSO-13-6A-ANASA-CorrEtiq.txt,190,95,189,20,23,1,3,5,95,93,3.9789473684210526,0.036954087346024636,7.0,3.348488241881299,0.043855084589156615
CSO-13-6A-ANASA-CorrEtiq.txt,190,102,189,23,26,1,3,1,102,102,3.7058823529411766,0.0314502038439138,7.0,3.693263443991458,0.02178649237472767
CSO-13-6A-ANASA-CorrEtiq.txt,190,91,189,29,37,0,8,6,91,89,4.153846153846154,0.03711843711843712,7.0,3.3682539682539683,0.06452809562053259
CSO-13-6A-ANASA-CorrEtiq.txt,190,81,189,39,45,0,6,11,81,81,4.666666666666667,0.044444444444444446,7.0,3.1339506172839506,0.12231637885232656
CSO-13-6A-ANASA-CorrEtiq.txt,190,88,189,30,34,1,4,4,88,85,4.295454545454546,0.040229885057471264,7.0,3.2991118077324972,0.05950413223140496
CSO-13-6A-ANASA-CorrEtiq.txt,190,92,189,28,31,1,3,4,92,92,4.108695652173913,0.037505972288580984,8.0,3.516722408026756,0.05260838195620804
CSO-13-6B-JETAVE-CorrEtiq.txt,190,89,189,28,30,0,2,13,89,89,4.247191011235955,0.040602655771195095,7.0,3.2860061287027578,0.09229816113317002
CSO-13-6B-JETAVE-CorrEtiq.txt,190,80,189,39,42,0,3,13,80,77,4.725,0.04651898734177215,6.0,3.0800632911392407,0.13321844821844825
CSO-13-6B-JETAVE-CorrEtiq.txt,190,74,189,48,48,2,1,15,74,74,5.108108108108108,0.05146242132543503,5.0,2.8826360607182524,0.1821962497154313
CSO-13-6B-JETAVE-CorrEtiq.txt,190,74,189,51,53,2,3,11,74,74,5.108108108108108,0.04961125509070714,6.0,2.9925953350610883,0.1356429410777237
CSO-13-6B-LFMIES-CorrEtiq.txt,190,89,185,27,31,3,4,11,83,82,4.157303370786517,0.038559754851889685,9.0,3.272406699970614,0.14529682901599972
CSO-13-6B-LFMIES-CorrEtiq.txt,190,83,185,33,36,2,3,11,79,78,4.457831325301205,0.04319717895974141,6.0,2.9711132749107434,0.15288767457442154
CSO-13-6B-LJMAHU-CorrEtiq.txt,190,90,179,24,28,0,4,6,89,84,3.977777777777778,0.03770287141073658,7.0,3.2811542390194077,0.0855018075606311
CSO-13-6B-LJMAHU-CorrEtiq.txt,190,61,181,77,82,0,5,1,60,60,5.934426229508197,0.054098360655737705,7.0,3.2175141242937855,0.04586024176188111
CSO-13-7A-CAPAMU-CorrEtiq.txt,190,83,187,25,32,5,8,6,83,83,4.506024096385542,0.044078754040552455,7.0,3.262709374081693,0.0960254939170602
CSO-13-7A-CAPAMU-CorrEtiq.txt,190,85,187,26,33,5,7,9,85,84,4.4,0.041736694677871146,7.0,3.370028011204482,0.09985733221027336
CSO-13-7A-CAPAMU-CorrEtiq.txt,190,88,187,30,37,5,7,7,88,87,4.25,0.03787878787878788,8.0,3.680512016718913,0.04803391053391053
CSO-13-7A-CAPAMU-CorrEtiq.txt,190,86,185,29,36,2,7,5,86,84,4.3023255813953485,0.04021887824897401,7.0,3.441313269493844,0.06450582940791019
CSO-13-7A-CAPAMU-CorrEtiq.txt,190,87,185,34,40,1,6,10,87,83,4.252873563218391,0.038492381716118684,8.0,3.6337877572841486,0.08495572116261771
CSO-13-7A-CDDITR-CorrEtiq.txt,190,88,189,26,27,1,1,10,88,88,4.295454545454546,0.04205851619644723,7.0,3.4088296760710555,0.10540612032836914
CSO-13-7A-JJATFL-CorrEtiq.txt,190,90,189,27,32,1,5,10,90,90,4.2,0.03895131086142322,6.0,3.0556803995006243,0.11653819945486611
CSO-13-7A-JJATFL-CorrEtiq.txt,190,87,189,31,34,1,3,13,87,86,4.344827586206897,0.04116546377973804,6.0,2.996257685110933,0.16134515698410223
CSO-13-7A-KRAMA-CorrEtiq.txt,190,80,189,29,33,3,4,10,80,78,4.725,0.04841772151898734,6.0,3.0740506329113924,0.11323876899244545
CSO-13-7A-RXCHLU-CorrEtiq.txt,190,80,189,22,26,0,4,17,80,80,4.725,0.051582278481012656,5.0,2.8170886075949366,0.22420169186902594
CSO-13-7A-YAMEZA-CorrEtiq.txt,190,86,189,22,28,1,6,15,86,85,4.395348837209302,0.04377564979480164,7.0,3.2311901504787963,0.1200444903933276
CSO-13-7A-YAMEZA-CorrEtiq.txt,190,86,189,31,34,1,3,9,86,85,4.395348837209302,0.04213406292749658,7.0,3.229001367989056,0.09572433210744102
CSO-13-7A-YAMEZA-CorrEtiq.txt,190,87,189,28,30,1,2,7,87,87,4.344827586206897,0.04223469660518578,6.0,3.112536754878375,0.06450542466876406
CSO-13-7A-YAMEZA-CorrEtiq.txt,190,90,189,22,27,4,6,7,90,90,4.2,0.03945068664169788,7.0,3.263171036204744,0.09424883758217092
CSO-13-7A-YAMEZA-CorrEtiq.txt,190,83,189,32,36,5,5,8,83,83,4.554216867469879,0.043491037320011756,6.0,3.1783720246841023,0.10001725182448074
CSO-13-7A-YBOSO-CorrEtiq.txt,190,83,163,30,33,3,3,6,79,56,3.927710843373494,0.03732001175433441,10.0,3.780915287244401,0.09415875289369265
CSO-13-8A-KIGAGU-CorrEtiq.txt,190,77,189,38,41,8,5,7,77,77,4.909090909090909,0.04784688995215311,6.0,3.085440874914559,0.11131529534890879
CSO-13-8A-MBUAN-CorrEtiq.txt,190,99,185,25,29,3,4,4,97,97,3.7373737373737375,0.03153988868274583,8.0,3.774914089347079,0.057934321570685204
CSO-13-8A-MBUAN-CorrEtiq.txt,190,88,189,26,30,4,5,8,88,87,4.295454545454546,0.04049111807732497,7.0,3.5289968652037618,0.05158931977113796
CSO-13-8A-MBUAN-CorrEtiq.txt,190,75,189,37,41,3,5,7,75,75,5.04,0.05225225225225225,6.0,3.1304504504504505,0.0877069597069597
CSO-13-8A-MBUAN-CorrEtiq.txt,190,87,189,29,32,1,3,4,87,87,4.344827586206897,0.04170008019246191,8.0,3.425554664528201,0.0639601402278887
CSO-13-8A-MGAAN-CorrEtiq.txt,190,94,189,22,27,2,5,4,94,93,4.0212765957446805,0.036604895904827274,6.0,3.350491878288721,0.07464178847157571
CSO-13-8A-MGAAN-CorrEtiq.txt,190,94,189,30,35,0,5,5,94,93,4.0212765957446805,0.035232212308396245,7.0,3.389155799588195,0.07969741597137683
CSO-13-8A-MGAAN-CorrEtiq.txt,190,99,189,24,31,2,7,7,99,98,3.8181818181818183,0.032158317872603585,7.0,3.496598639455782,0.09602637152044267
CSO-13-8A-MGAHE-CorrEtiq.txt,190,90,189,27,29,2,2,3,90,90,4.2,0.03945068664169788,6.0,3.251685393258427,0.025699784964490848
CSO-13-8A-MGAHE-CorrEtiq.txt,190,86,189,28,28,1,0,8,86,85,4.395348837209302,0.04377564979480164,6.0,3.2251709986320107,0.10080049149816592
CSO-13-8A-MGAHE-CorrEtiq.txt,190,79,189,29,30,1,1,15,79,78,4.784810126582278,0.05128205128205128,6.0,3.0305095748133724,0.13130636427360182
CSO-13-8A-MJAGA-CorrEtiq.txt,190,74,189,41,42,10,8,12,74,74,5.108108108108108,0.050721954831543875,6.0,2.998148833765272,0.1221550839197898
CSO-13-8A-MJAGA-CorrEtiq.txt,190,77,189,37,37,11,6,15,77,76,4.909090909090909,0.04818865345181134,6.0,3.0338345864661656,0.13346757076288415
CSO-13-8A-VHODU-CorrEtiq.txt,190,86,189,22,26,3,4,12,86,86,4.395348837209302,0.04377564979480164,6.0,3.074965800273598,0.14292362674085618
CSO-13-8A-VHODU-CorrEtiq.txt,190,85,189,26,31,2,5,15,85,85,4.447058823529412,0.043697478991596636,8.0,3.127170868347339,0.1925435579414818
CSO-13-8A-VHODU-CorrEtiq.txt,190,82,189,27,32,2,5,14,82,82,4.609756097560975,0.04667268894911172,6.0,2.964769647696477,0.17384161590043942
CSO-13-8B-FCJISA-CorrEtiq.txt,190,90,189,29,33,0,4,9,90,90,4.2,0.03895131086142322,8.0,3.339825218476904,0.09504562182838758
CSO-13-8B-JEMABE-CorrEtiq.txt,190,78,181,40,43,3,3,5,75,72,4.641025641025641,0.04495504495504495,7.0,3.1682882882882883,0.1079147327450495
CSO-13-8B-JEMABE-CorrEtiq.txt,190,73,181,50,52,2,3,10,70,67,4.958904109589041,0.04832572298325723,7.0,2.9801242236024845,0.16465219711795054
CSO-13-8B-JEMABE-CorrEtiq.txt,190,77,189,48,50,1,2,8,77,77,4.909090909090909,0.047163362952836636,6.0,2.9945317840054684,0.11843921039490174
CSO-13-9B-DMLLLU-CorrEtiq.txt,190,81,189,34,36,3,2,13,81,81,4.666666666666667,0.046296296296296294,6.0,3.025,0.1251508257949482
CSO-14-7B-EALHU-CorrEtiq.txt,190,83,189,29,33,0,4,11,83,82,4.554216867469879,0.04584190420217455,6.0,3.212459594475463,0.13834384963017138
CSO-14-7B-EALHU-CorrEtiq.txt,190,85,189,38,40,1,2,9,85,85,4.447058823529412,0.04145658263305322,7.0,3.165546218487395,0.0917443210384387
CSO-14-7B-EVEGO-CorrEtiq.txt,190,92,189,22,26,1,4,4,92,90,4.108695652173913,0.03870043000477783,9.0,3.5635451505016724,0.08725960030307858
CSO-14-7B-EVEGO-CorrEtiq.txt,190,94,189,26,30,0,4,6,94,91,4.0212765957446805,0.0363761153054221,7.0,3.479752916952642,0.06309754075711523
CSO-14-7B-EVEGO-CorrEtiq.txt,190,94,189,28,30,0,2,10,94,93,4.0212765957446805,0.0363761153054221,6.0,3.4758636467627544,0.10992023094486701
CSO-14-7B-EVEGO-CorrEtiq.txt,190,98,189,28,31,0,3,9,98,98,3.857142857142857,0.03324216284451925,9.0,3.6048811277088153,0.10831070241008128
CSO-14-7B-EVEGO-CorrEtiq.txt,190,96,189,31,34,0,3,8,96,96,3.9375,0.03399122807017544,7.0,3.532017543859649,0.10182050384256265
CSO-14-7B-EVEGO-CorrEtiq.txt,190,90,189,23,27,0,4,11,90,90,4.2,0.04044943820224719,6.0,3.251685393258427,0.12339326795209149
CSO-14-7B-EVEGO-CorrEtiq.txt,190,89,189,22,28,1,6,9,89,87,4.247191011235955,0.04085801838610827,8.0,3.335035750766088,0.09675923327608721
CSO-14-7B-EVEGO-CorrEtiq.txt,190,91,189,25,29,2,4,12,91,91,4.153846153846154,0.038583638583638585,9.0,3.469108669108669,0.12477811565723657
CSO-14-8A-AQUMA-CorrEtiq.txt,190,81,189,23,29,1,6,12,81,80,4.666666666666667,0.049074074074074076,6.0,2.867283950617284,0.12914896823677727
CSO-14-8A-MCIDOS-CorrEtiq.txt,190,82,173,26,30,2,5,17,77,70,4.219512195121951,0.04245709123757904,7.0,3.2713602187286397,0.10590073882756809
CSO-14-8A-MCIDOS-CorrEtiq.txt,190,84,181,36,37,2,2,11,80,74,4.309523809523809,0.04073436603557085,7.0,3.211392405063291,0.09845268332663291
CSO-14-8A-SZARA-CorrEtiq.txt,190,90,189,19,25,5,6,8,90,90,4.2,0.039700374531835204,7.0,3.2429463171036206,0.053764383764383764
CSO-14-8A-SZARA-CorrEtiq.txt,190,78,189,38,42,6,5,9,78,78,4.846153846153846,0.04695304695304695,7.0,3.220779220779221,0.10676823176823177
CSO-14-8B-JLLORA-CorrEtiq.txt,190,86,189,28,32,2,4,10,86,86,4.395348837209302,0.04240766073871409,7.0,3.2109439124487005,0.11299142344123986
CSO-14-8B-JLLORA-CorrEtiq.txt,190,83,189,27,29,4,3,19,83,83,4.554216867469879,0.04584190420217455,6.0,2.8736409050837497,0.15354393932707186
CSO-14-9A-AEDCAGO-CorrEtiq.txt,190,98,185,15,20,1,5,7,97,92,3.7755102040816326,0.034504523458868085,7.0,3.4615549828178693,0.07584816310806708
CSO-14-9A-AEDCAGO-CorrEtiq.txt,190,99,187,15,22,3,7,6,99,96,3.7777777777777777,0.03339517625231911,8.0,3.5223665223665224,0.07118487277976912
CSO-14-9A-AEDCAGO-CorrEtiq.txt,190,95,189,22,25,3,3,13,95,95,3.9789473684210526,0.036058230683090706,7.0,3.340873460246361,0.09172201144500311
CSO-14-9A-HASACA-CorrEtiq.txt,190,88,189,25,31,1,6,3,88,88,4.295454545454546,0.04101358411703239,6.0,3.2053291536050157,0.038835911563184285
CSO-14-9A-JSMAAL-CorrEtiq.txt,190,88,188,25,28,7,5,11,88,86,4.2727272727272725,0.039968652037617555,7.0,3.338296760710554,0.17015077725304997
CSO-14-9A-JSMAAL-CorrEtiq.txt,190,86,187,29,32,6,5,10,86,84,4.348837209302325,0.04076607387140903,8.0,3.3482900136798905,0.1454038345715212
CSO-14-9A-JSMAAL-CorrEtiq.txt,190,87,189,28,30,2,2,15,87,87,4.344827586206897,0.04196738839882384,6.0,3.2419139267575514,0.19807392479806277
CSO-14-9A-JSMAAL-CorrEtiq.txt,190,89,189,26,30,0,4,6,89,87,4.247191011235955,0.040602655771195095,7.0,3.2668539325842696,0.11692623305313324
CSO-14-9A-MARJA-CorrEtiq.txt,190,89,189,26,30,0,4,13,89,88,4.247191011235955,0.040602655771195095,8.0,3.3881511746680286,0.10633389889834037
CSO-14-9A-MARJA-CorrEtiq.txt,190,88,189,28,30,0,2,12,88,87,4.295454545454546,0.041536050156739814,7.0,3.361807732497388,0.1171388697458216
CSO-14-9A-SORZU-CorrEtiq.txt,190,92,179,26,28,3,2,9,88,84,3.891304347826087,0.035355948399426664,8.0,3.666144200626959,0.08664529914529914
CSO-14-9A-SORZU-CorrEtiq.txt,190,79,185,32,40,4,8,19,79,78,4.6835443037974684,0.045764362220058426,6.0,3.1019149626744564,0.1568616145779537
CSO-14-9B-ERAGA-CorrEtiq.txt,190,69,189,36,45,2,9,16,69,69,5.478260869565218,0.060528559249786874,6.0,2.8073316283034955,0.12923240442422027
CSO-14-9B-ERAGA-CorrEtiq.txt,190,69,189,31,39,4,8,15,69,69,5.478260869565218,0.06223358908780904,5.0,2.7634271099744248,0.18938018976382143
CSO-14-9B-ERAGA-CorrEtiq.txt,190,89,185,26,29,4,3,14,88,83,4.157303370786517,0.03881511746680286,7.0,3.335423197492163,0.15653833205055942
CSO-14-9B-MFEGA-CorrEtiq.txt,190,81,189,30,34,7,7,12,81,80,4.666666666666667,0.04567901234567901,6.0,3.186111111111111,0.10833642271550765
CSO-15-10A-LJRAGU-CorrEtiq.txt,190,86,183,26,29,1,3,6,86,85,4.255813953488372,0.04186046511627907,8.0,3.384404924760602,0.10160701701399376
CSO-15-10A-LJRAGU-CorrEtiq.txt,190,87,187,29,32,1,3,13,87,85,4.2988505747126435,0.04116546377973804,7.0,3.1379310344827585,0.1616572369107866
CSO-15-10A-LJRAGU-CorrEtiq.txt,190,81,187,34,36,0,2,21,81,81,4.617283950617284,0.04660493827160494,6.0,3.0598765432098767,0.1540536543259855
CSO-15-10A-LJRAGU-CorrEtiq.txt,190,74,187,47,48,0,1,17,74,74,5.054054054054054,0.05146242132543503,5.0,2.9403924472417624,0.17988493749363316
CSO-15-10A-MAARLO-CorrEtiq.txt,190,85,187,23,25,3,3,17,85,81,4.4,0.04453781512605042,7.0,3.0689075630252103,0.1832195298175994
CSO-15-10A-MAARLO-CorrEtiq.txt,190,78,185,23,27,3,4,13,78,74,4.743589743589744,0.051615051615051616,7.0,3.1305361305361306,0.13849611507982545
CSO-15-10A-SFEGA-CorrEtiq.txt,190,78,181,38,44,1,6,8,76,74,4.641025641025641,0.04528804528804529,5.0,3.122105263157895,0.07404511442972982
CSO-15-10A-SFEGA-CorrEtiq.txt,190,83,181,33,40,2,7,12,81,80,4.36144578313253,0.040846312077578606,7.0,3.174382716049383,0.14979246873293647
CSO-15-10B-MEBUAR-CorrEtiq.txt,190,87,189,30,34,0,4,10,87,87,4.344827586206897,0.04143277198609997,7.0,3.228281208233093,0.1458254999484385
CSO-15-10B-MEBUAR-CorrEtiq.txt,190,85,189,31,42,0,11,10,85,85,4.447058823529412,0.041176470588235294,8.0,3.4599439775910366,0.12107212480614014
CSO-15-10B-YVBUAN-CorrEtiq.txt,190,81,185,27,29,1,2,13,80,79,4.567901234567901,0.047839506172839504,6.0,3.054113924050633,0.13108643152216137
CSO-15-10C-ALBAHO-CorrEtiq.txt,190,85,189,28,28,7,5,13,85,84,4.447058823529412,0.043137254901960784,7.0,3.261064425770308,0.08710692830897436
CSO-15-10C-ALBAHO-CorrEtiq.txt,190,82,189,29,33,4,5,7,82,80,4.609756097560975,0.045769346582354715,9.0,3.4305931948208372,0.07492636802649641
CSO-15-10C-ALBAHO-CorrEtiq.txt,190,87,189,24,30,2,6,14,87,87,4.344827586206897,0.04196738839882384,7.0,3.2459235498529804,0.17554038441462375
CSO-15-10C-SSCAMO-CorrEtiq.txt,190,84,189,31,37,3,6,8,84,84,4.5,0.04274239816408491,7.0,3.172403901319564,0.11965460222039172
CSO-15-10C-SSCAMO-CorrEtiq.txt,190,81,189,35,43,2,8,6,81,81,4.666666666666667,0.044444444444444446,7.0,3.16141975308642,0.05754794709043075
CSO-15-10C-SSCAMO-CorrEtiq.txt,190,100,189,26,29,2,3,5,100,95,3.78,0.03191919191919192,11.0,3.86,0.07243101343101344
CSO-15-11C-JETALO-CorrEtiq.txt,190,78,189,37,46,6,10,9,78,77,4.846153846153846,0.045621045621045624,6.0,3.1521811521811522,0.13608845486673543
CSO-15-11C-JETALO-CorrEtiq.txt,190,79,189,39,51,5,13,8,79,79,4.784810126582278,0.04316780266147355,6.0,3.1707237909769557,0.13478771580037405
CSO-15-11C-JETALO-CorrEtiq.txt,190,83,189,31,42,3,11,11,83,83,4.554216867469879,0.04231560387893035,7.0,3.196885101381134,0.14107142168800565
CSO-15-11C-JETALO-CorrEtiq.txt,190,83,189,28,39,2,11,13,83,83,4.554216867469879,0.043491037320011756,6.0,3.061416397296503,0.11512583408401976
CSO-15-11C-JETALO-CorrEtiq.txt,190,88,189,23,32,3,9,9,88,88,4.295454545454546,0.040229885057471264,6.0,3.154388714733542,0.08740431551436335
CSO-15-8A-VBMABR-CorrEtiq.txt,190,82,189,30,35,0,5,10,82,82,4.609756097560975,0.04637157482685938,6.0,3.172538392050587,0.13319355600560767
CSO-15-8A-VBMABR-CorrEtiq.txt,190,83,189,29,33,0,4,12,83,80,4.554216867469879,0.04584190420217455,7.0,3.1566265060240966,0.12565529442089388
CSO-15-8A-VBMABR-CorrEtiq.txt,190,77,189,40,45,1,5,11,77,77,4.909090909090909,0.04887218045112782,6.0,3.1230348598769653,0.1268426378815989
CSO-15-8A-VBMABR-CorrEtiq.txt,190,77,189,40,44,1,4,9,77,77,4.909090909090909,0.04921394395078606,7.0,3.1869446343130554,0.10259720544288915
CSO-15-8B-KEPOGO-CorrEtiq.txt,190,93,189,26,27,0,1,11,93,91,4.064516129032258,0.037868162692847124,9.0,3.6173445535296866,0.09491782376032849
CSO-15-8B-KEPOGO-CorrEtiq.txt,190,99,189,17,17,1,0,11,99,99,3.8181818181818183,0.03525046382189239,8.0,3.456194599051742,0.09761209609694457
CSO-15-9B-ALRIHE-CorrEtiq.txt,190,88,189,29,30,3,1,11,88,88,4.295454545454546,0.04075235109717868,7.0,3.367032392894462,0.11572596669521804
CSO-15-9B-ALRIHE-CorrEtiq.txt,190,92,189,23,27,3,4,9,92,92,4.108695652173913,0.03798375537505972,8.0,3.26899187768753,0.13453917695411083
CSO-15-9B-AMSAGO-CorrEtiq.txt,190,90,183,24,27,0,3,8,90,86,4.066666666666666,0.03895131086142322,7.0,3.460674157303371,0.1293956043956044
CSO-15-9B-AMSAGO-CorrEtiq.txt,190,98,187,20,22,0,2,10,98,96,3.816326530612245,0.03471491689459289,8.0,3.60025247212287,0.12725964511678797
CSO-15-9B-JCAPA-CorrEtiq.txt,190,86,189,25,27,2,2,12,86,86,4.395348837209302,0.04377564979480164,6.0,3.1655266757865936,0.1783303939362691
CSO-15-9B-JCAPA-CorrEtiq.txt,190,83,189,28,31,3,3,9,83,83,4.554216867469879,0.0455480458419042,7.0,3.24360858066412,0.09370969142594343
CSO-15-9B-JCAPA-CorrEtiq.txt,190,90,189,23,24,2,1,9,90,89,4.2,0.04069912609238452,7.0,3.2187265917602996,0.13361826645624372
CSO-15-9B-KSBEJA-CorrEtiq.txt,190,74,189,33,40,5,7,12,74,73,5.108108108108108,0.053313587560162905,7.0,3.02258422806368,0.12240483110048328
CSO-15-9B-KSBEJA-CorrEtiq.txt,190,66,189,45,49,4,4,10,66,66,5.7272727272727275,0.06340326340326341,6.0,2.7123543123543126,0.1462179035743629
CSO-15-9B-RMCHLU-CorrEtiq.txt,190,83,189,32,38,1,6,7,83,83,4.554216867469879,0.044078754040552455,7.0,3.1175433441081397,0.14066711571840446
CSO-15-9B-RMCHLU-CorrEtiq.txt,190,76,189,37,45,0,8,14,76,76,4.973684210526316,0.05052631578947368,5.0,2.8550877192982456,0.15534835534835534
CSO-15-9B-SJAGRO-CorrEtiq.txt,190,102,189,15,22,0,7,3,102,100,3.7058823529411766,0.0324208891477383,7.0,3.5785284410794023,0.04861157361157361
CSO-16-10A-JEGAHE-CorrEtiq.txt,190,77,189,35,39,1,4,6,77,77,4.909090909090909,0.05092276144907724,6.0,3.012987012987013,0.09977568904230479
CSO-16-10A-JEGAHE-CorrEtiq.txt,190,81,189,38,42,1,4,8,81,81,4.666666666666667,0.04506172839506173,7.0,3.2271604938271605,0.13465074020629575
CSO-16-10A-JEGAHE-CorrEtiq.txt,190,84,189,30,33,1,3,10,84,84,4.5,0.0444635685599541,8.0,3.203958691910499,0.19901503919361063
CSO-16-10A-JEGAHE-CorrEtiq.txt,190,83,189,26,32,1,6,8,83,83,4.554216867469879,0.04584190420217455,5.0,3.0088157508081106,0.13007932692553528
CSO-16-10A-JEGAHE-CorrEtiq.txt,190,86,189,34,38,1,4,6,86,85,4.395348837209302,0.04103967168262654,7.0,3.2957592339261286,0.029907172930428747
CSO-16-10A-MSACO-CorrEtiq.txt,190,97,189,15,18,0,3,11,97,95,3.8969072164948453,0.03672680412371134,7.0,3.3118556701030926,0.09770130199257902
CSO-16-10A-MSACO-CorrEtiq.txt,190,95,189,18,18,1,0,12,95,93,3.9789473684210526,0.03807390817469205,7.0,3.3079507278835387,0.10832849668029725
CSO-16-10A-SARI-CorrEtiq.txt,190,85,177,29,33,1,4,6,85,75,4.1647058823529415,0.04005602240896359,7.0,3.414565826330532,0.07049104490280961
CSO-16-10A-SARI-CorrEtiq.txt,190,82,167,33,34,1,1,6,81,74,4.073170731707317,0.03974706413730804,6.0,3.3,0.10583041420559354
CSO-16-10A-SMOUT-CorrEtiq.txt,190,91,189,26,29,3,3,10,91,90,4.153846153846154,0.03833943833943834,7.0,3.4395604395604398,0.11166135451849739
CSO-16-10A-SMOUT-CorrEtiq.txt,190,87,189,30,32,3,2,13,87,87,4.344827586206897,0.04116546377973804,7.0,3.441860465116279,0.12670305428926118
CSO-16-10A-SMOUT-CorrEtiq.txt,190,87,189,27,34,4,7,13,87,86,4.344827586206897,0.04036353916065223,7.0,3.4768778401496925,0.08912041779555391
CSO-16-10A-SMOUT-CorrEtiq.txt,190,93,189,20,25,3,6,10,93,93,4.064516129032258,0.03763440860215054,8.0,3.5088826554464703,0.08062404065209114
CSO-16-10A-YKMUJO-CorrEtiq.txt,190,84,189,25,29,4,4,10,84,84,4.5,0.04475043029259897,6.0,3.033849684452094,0.10824063224439164
CSO-16-10B-LTVIFA-CorrEtiq.txt,190,120,189,5,6,0,1,4,120,119,3.15,0.025630252100840335,8.0,3.865826330532213,0.02585220822062927
CSO-16-10B-VVILI-CorrEtiq.txt,190,94,189,17,18,4,2,6,94,94,4.0212765957446805,0.038206360100663465,7.0,3.4490963166323496,0.048491933598316585
CSO-16-10B-VVILI-CorrEtiq.txt,190,94,189,23,26,2,3,7,94,92,4.0212765957446805,0.03683367650423244,7.0,3.5291695264241594,0.061824109696450115
CSO-16-10B-VVILI-CorrEtiq.txt,190,85,189,28,36,1,8,10,85,84,4.447058823529412,0.04257703081232493,7.0,3.2549019607843137,0.1279649212156952
CSO-16-10C-ACALGU-CorrEtiq.txt,190,83,185,39,42,0,3,8,83,80,4.457831325301205,0.04202174551866,7.0,3.34440199823685,0.05404575696268784
CSO-16-10C-ACALGU-CorrEtiq.txt,190,84,181,32,36,0,4,6,84,79,4.309523809523809,0.04159495123350545,7.0,3.380952380952381,0.07685707927304566
CSO-16-10C-ACALGU-CorrEtiq.txt,190,89,181,27,30,0,3,10,89,83,4.067415730337078,0.038559754851889685,7.0,3.3258426966292136,0.10653788028122742
CSO-16-10C-MAVAVE-CorrEtiq.txt,190,92,189,18,22,2,4,6,92,91,4.108695652173913,0.039417104634495936,6.0,3.31438127090301,0.05648071735028257
CSO-16-10C-MAVAVE-CorrEtiq.txt,190,102,189,12,15,2,3,11,102,102,3.7058823529411766,0.0333915744515628,8.0,3.576587070471753,0.06414266561325385
CSO-16-10C-MAVAVE-CorrEtiq.txt,190,85,189,27,30,3,3,18,85,84,4.447058823529412,0.043697478991596636,7.0,3.4207282913165264,0.11067899420840596
CSO-16-10C-MAVAVE-CorrEtiq.txt,190,85,189,25,29,2,4,14,85,81,4.447058823529412,0.044257703081232495,9.0,3.417927170868347,0.1290430753406532
CSO-16-11A-JAVABO-CorrEtiq.txt,190,94,189,29,30,2,1,6,94,93,4.0212765957446805,0.03591855410661176,7.0,3.496682681308625,0.0699105980238646
CSO-16-11A-JAVABO-CorrEtiq.txt,190,90,189,27,30,2,3,8,90,90,4.2,0.03920099875156055,7.0,3.365792759051186,0.12110775934305344
CSO-16-11A-JAVABO-CorrEtiq.txt,190,92,189,24,27,4,4,9,92,90,4.108695652173913,0.03774486383182035,7.0,3.2202580028666987,0.14924368399432336
CSO-16-11A-JDMUVA-CorrEtiq.txt,190,95,189,25,29,1,4,9,95,90,3.9789473684210526,0.03561030235162374,8.0,3.552071668533035,0.09812278211170178
CSO-16-11A-JDMUVA-CorrEtiq.txt,190,91,189,24,28,2,4,15,91,91,4.153846153846154,0.03882783882783883,8.0,3.275213675213675,0.17043964518227098
CSO-16-11A-VZAOR-CorrEtiq.txt,190,107,185,15,16,3,2,7,106,103,3.457943925233645,0.0292717333803562,9.0,3.795507637017071,0.04590679310305478
CSO-16-11B-KRORE-CorrEtiq.txt,190,95,189,27,29,0,2,7,95,93,3.9789473684210526,0.03583426651735722,6.0,3.383650615901456,0.06636574467843818
CSO-16-11B-LLOZA-CorrEtiq.txt,190,100,189,17,19,0,2,9,100,100,3.78,0.03434343434343434,7.0,3.5313131313131314,0.1018550061050061
CSO-16-11B-LLOZA-CorrEtiq.txt,190,96,189,22,29,3,7,7,96,93,3.9375,0.03442982456140351,7.0,3.4109649122807015,0.1148973401827504
CSO-16-11B-LLOZA-CorrEtiq.txt,190,86,185,26,31,3,5,10,85,84,4.3023255813953485,0.04131326949384405,6.0,3.1406162464985994,0.10056200069879959
CSO-16-11B-LLOZA-CorrEtiq.txt,190,94,185,19,22,0,3,5,93,93,3.9361702127659575,0.03729123770304278,7.0,3.316035530621786,0.05032603951976852
CSO-16-11B-LLOZA-CorrEtiq.txt,190,94,189,26,29,2,3,6,94,94,4.0212765957446805,0.03614733470601693,6.0,3.378403111416152,0.034878581043194704
CSO-16-11B-YAROMO-CorrEtiq.txt,190,97,189,19,28,2,10,4,97,96,3.8969072164948453,0.03414948453608247,7.0,3.5882731958762886,0.05578213310172073
CSO-16-11B-YAROMO-CorrEtiq.txt,190,96,189,20,29,4,10,7,96,95,3.9375,0.034210526315789476,7.0,3.504605263157895,0.07661772620654199
CSO-16-9A-JALEMO-CorrEtiq.txt,190,97,189,15,22,0,7,6,97,97,3.8969072164948453,0.035867697594501716,7.0,3.446950171821306,0.033992754095846886
CSO-16-9A-JALEMO-CorrEtiq.txt,190,85,189,22,28,1,6,15,85,83,4.447058823529412,0.04481792717086835,7.0,3.111764705882353,0.08004373173923346
CSO-16-9A-JPROSO-CorrEtiq.txt,190,104,189,22,26,4,4,4,104,104,3.6346153846153846,0.029686333084391336,10.0,4.114824495892457,0.04326120240995807
CSO-16-9A-JSMAGU-CorrEtiq.txt,190,85,189,29,35,2,7,10,85,84,4.447058823529412,0.04257703081232493,6.0,3.0907563025210085,0.10855782433637107
CSO-16-9A-JSMAGU-CorrEtiq.txt,190,82,189,35,39,1,4,11,82,81,4.609756097560975,0.044866004215597714,6.0,3.032219211081,0.13789986671747012
CSO-16-9B-SJPAJI-CorrEtiq.txt,190,84,189,24,26,2,2,9,84,83,4.5,0.04618473895582329,7.0,3.1006884681583475,0.1349369942227085
CSO-16-9B-SJPAJI-CorrEtiq.txt,190,79,189,32,35,2,3,11,79,78,4.784810126582278,0.04933463161311263,6.0,3.0340798442064263,0.1264811321498168
CSO-16-9B-SJPAJI-CorrEtiq.txt,190,76,189,34,37,0,3,14,76,76,4.973684210526316,0.05333333333333334,6.0,2.836842105263158,0.14829818350985396
CSO-17-10A-YVGOCA-CorrEtiq.txt,190,77,189,30,37,1,7,12,77,77,4.909090909090909,0.05160628844839371,7.0,2.992822966507177,0.1613664662617258
CSO-17-10A-YVGOCA-CorrEtiq.txt,190,83,189,20,27,1,7,15,83,82,4.554216867469879,0.0473111960035263,6.0,3.0246841022627096,0.1398460563768856
CSO-17-10B-EHECO-CorrEtiq.txt,190,97,185,25,30,1,5,2,96,91,3.814432989690722,0.03307560137457045,8.0,3.537280701754386,0.054200544224003416
CSO-17-10B-EHECO-CorrEtiq.txt,190,93,189,21,24,0,3,4,93,92,4.064516129032258,0.038569424964936885,6.0,3.183496961196821,0.08740287987599815
CSO-17-10B-YCQUVE.txt,190,89,185,26,29,1,3,6,88,84,4.157303370786517,0.03958120531154239,8.0,3.610240334378265,0.07700844723316633
CSO-17-10B-YCQUVE.txt,190,85,187,27,36,0,9,9,84,79,4.4,0.042296918767507005,8.0,3.2578886976477337,0.12093960057627876
CSO-17-10B-YCQUVE.txt,190,76,187,32,43,1,11,10,75,73,4.921052631578948,0.05017543859649123,6.0,3.003243243243243,0.15186341051992017
CSO-17-10B-YCQUVE.txt,190,75,189,37,41,1,4,13,75,74,5.04,0.05297297297297297,6.0,2.9646846846846846,0.11378052379909964
CSO-17-10B-YCQUVE.txt,190,85,189,33,34,1,1,10,85,84,4.447058823529412,0.043137254901960784,7.0,3.2932773109243696,0.06181221508211127
CSO-17-11A-DJAPA-CorrEtiq.txt,190,87,189,19,21,1,2,7,87,87,4.344827586206897,0.044640470462443196,6.0,3.166265704357124,0.1237119202636444
CSO-17-11A-DJAPA-CorrEtiq.txt,190,90,187,24,26,1,2,4,89,89,4.155555555555556,0.039950062421972535,6.0,3.187946884576098,0.06651348651348651
CSO-17-11A-DJAPA-CorrEtiq.txt,190,86,187,27,34,0,7,8,85,80,4.348837209302325,0.04186046511627907,9.0,3.327450980392157,0.09618856935258402
CSO-17-11A-DJAPA-CorrEtiq.txt,190,84,189,32,41,1,9,13,84,84,4.5,0.04216867469879518,6.0,3.172117039586919,0.11842057335754812
CSO-17-11A-JDAMO-CorrEtiq.txt,190,85,189,26,26,0,0,4,85,85,4.447058823529412,0.045658263305322126,7.0,3.196918767507003,0.05421317244846657
CSO-17-11A-JDAMO-CorrEtiq.txt,190,74,189,41,43,0,2,11,74,71,5.108108108108108,0.05405405405405406,7.0,3.0862643465383193,0.13233252049041522
CSO-17-11A-NPAHE-CorrEtiq.txt,190,91,189,23,24,0,1,3,91,90,4.153846153846154,0.040293040293040296,7.0,3.2798534798534797,0.07810595997409184
CSO-17-11A-NPAHE-CorrEtiq.txt,190,87,189,36,41,1,5,6,87,86,4.344827586206897,0.03929430633520449,6.0,3.2956428762363004,0.07696583720657597
CSO-17-11A-NPAHE-CorrEtiq.txt,190,82,189,35,39,1,4,13,82,82,4.609756097560975,0.044866004215597714,5.0,2.925323697681421,0.1777043241269625
CSO-17-11A-RLPAIG-CorrEtiq.txt,190,93,189,21,24,4,4,6,93,93,4.064516129032258,0.03763440860215054,7.0,3.288218793828892,0.07989212628681319
CSO-17-11A-RLPAIG-CorrEtiq.txt,190,78,189,34,44,5,12,12,78,77,4.846153846153846,0.046620046620046623,6.0,3.053946053946054,0.1493184295131187
CSO-17-11A-RLPAIG-CorrEtiq.txt,190,79,189,36,44,5,9,13,79,78,4.784810126582278,0.04543979227523531,7.0,3.119441739694904,0.20498250013671104
CSO-17-11A-RLPAIG-CorrEtiq.txt,190,88,187,27,27,6,3,6,88,87,4.25,0.040229885057471264,7.0,3.3207941483803554,0.11420705334475388
CSO-17-11A-SPUVA-CorrEtiq.txt,190,79,189,37,39,2,2,12,79,78,4.784810126582278,0.04803635183382019,6.0,2.995131450827653,0.195619769970203
CSO-17-11A-SPUVA-CorrEtiq.txt,190,77,189,46,50,2,4,9,77,77,4.909090909090909,0.0468215994531784,6.0,2.979835953520164,0.1482993538700989
CSO-17-11B-CDBEBU-CorrEtiq.txt,190,95,189,21,24,0,3,15,95,95,3.9789473684210526,0.036954087346024636,7.0,3.445464725643897,0.15843247929446397
CSO-17-11B-CDBEBU-CorrEtiq.txt,190,90,189,27,30,2,3,10,90,90,4.2,0.03920099875156055,7.0,3.3610486891385767,0.13504649671316335
CSO-17-11C-JDAAG-CorrEtiq.txt,190,102,189,15,17,0,2,9,102,102,3.7058823529411766,0.0333915744515628,7.0,3.557561638516793,0.06378458143164024
CSO-17-11C-JDAAG-CorrEtiq.txt,190,95,189,21,25,0,4,11,95,94,3.9789473684210526,0.036730123180291153,8.0,3.4920492721164615,0.07524644945697578
CSO-17-11C-MAPAMA-CorrEtiq.txt,190,95,189,15,21,4,6,7,95,95,3.9789473684210526,0.036730123180291153,6.0,3.3608062709966404,0.08201722254353833
CSO-17-11C-MAPAMA-CorrEtiq.txt,190,87,189,25,31,2,6,18,87,83,4.344827586206897,0.04170008019246191,6.0,3.0670943597968456,0.15081349516921205
CSO-17-11C-MCAAG-CorrEtiq.txt,190,92,189,24,27,1,3,11,92,91,4.108695652173913,0.038461538461538464,7.0,3.390826564739608,0.0868463661941923
CSO-17-11C-MCAAG-CorrEtiq.txt,190,91,189,20,26,1,6,7,91,90,4.153846153846154,0.03956043956043956,7.0,3.3692307692307693,0.0683918645457107
CSO-17-11C-MCAAG-CorrEtiq.txt,190,87,189,24,27,0,3,10,87,83,4.344827586206897,0.04330392943063352,8.0,3.3138198342689122,0.04280194675732202
CSO-17-11C-MCAAG-CorrEtiq.txt,190,88,189,31,35,0,4,8,88,88,4.295454545454546,0.040229885057471264,6.0,3.300156739811912,0.09191968162556398
CSO-17-11C-SARJA-CorrEtiq.txt,190,82,189,21,25,1,4,15,82,82,4.609756097560975,0.04908160192713038,6.0,3.0403492923818125,0.10839715839715841
CSO-18-11A-ADBAHO-CorrEtiq.txt,190,87,189,27,30,0,3,9,87,87,4.344827586206897,0.042502004811547714,6.0,3.125100240577386,0.15611431990742336
CSO-18-11A-ADBAHO-CorrEtiq.txt,190,93,189,17,21,0,4,13,93,92,4.064516129032258,0.03927068723702665,6.0,3.139784946236559,0.19304254407174956
CSO-18-11B-YLLRE-CorrEtiq.txt,190,94,189,27,32,0,5,11,94,94,4.0212765957446805,0.03591855410661176,7.0,3.5120109814687717,0.0920109146172976
CSO-18-11B-YLLRE-CorrEtiq.txt,190,97,189,28,32,0,4,7,97,95,3.8969072164948453,0.03371993127147766,9.0,3.6331615120274914,0.09191226269359748
CSO-18-11B-YLLRE-CorrEtiq.txt,190,92,189,29,31,0,2,7,92,89,4.108695652173913,0.03774486383182035,7.0,3.415910176779742,0.10901231999630168
CSO-18-11B-YLLRE-CorrEtiq.txt,190,97,189,19,21,0,2,12,97,97,3.8969072164948453,0.03608247422680412,7.0,3.4022766323024056,0.1081203110614875
CSO-18-9B-MAMOLO-CorrEtiq.txt,190,93,189,35,39,3,5,4,93,92,4.064516129032258,0.034361851332398316,9.0,3.7293127629733522,0.051428798202991746
CSO-18-9B-MAMOLO-CorrEtiq.txt,190,99,189,31,34,7,4,4,99,99,3.8181818181818183,0.030509173366316224,11.0,4.467326324469181,0.033042546678910316
CSO-18-9B-MAMOLO-CorrEtiq.txt,190,93,189,31,34,6,3,7,93,92,4.064516129032258,0.03482935951379149,8.0,3.593501636278635,0.062295410682507456
CSO-18-9B-MAMOLO-CorrEtiq.txt,190,86,189,36,40,3,4,5,86,84,4.395348837209302,0.0399452804377565,6.0,3.1310533515731875,0.07793915311015175
CSO-18-9B-MAMOLO-CorrEtiq.txt,190,93,189,40,47,2,7,3,93,92,4.064516129032258,0.03272557269752221,9.0,3.849462365591398,0.07000341355180065
CSO-18-9B-MAMOLO-CorrEtiq.txt,190,92,189,35,41,1,6,6,92,90,4.108695652173913,0.03511705685618729,8.0,3.8418537983755376,0.09902181152181151
CSO-18-9B-MAMOLO-CorrEtiq.txt,190,90,189,29,33,4,4,6,90,86,4.2,0.037952559300873906,7.0,3.5066167290886394,0.08867385700719033
CSO-8-3A-AIPRBR-CorrEtiq.txt,190,82,189,23,28,3,5,15,82,82,4.609756097560975,0.04757603131586871,6.0,3.0617283950617282,0.12445046705386045
CSO-8-3A-AIPRBR-CorrEtiq.txt,190,72,189,43,45,5,2,15,72,72,5.25,0.05438184663536776,6.0,2.948356807511737,0.1651148072200704
CSO-8-3A-DAPAVA-CorrEtiq.txt,190,91,189,14,17,4,3,11,91,90,4.153846153846154,0.041025641025641026,7.0,3.3311355311355313,0.09913859034738154
CSO-8-3A-DAPAVA-CorrEtiq.txt,190,76,189,31,37,3,6,15,76,76,4.973684210526316,0.05228070175438596,6.0,3.0943859649122807,0.11749449381028328
CSO-8-3A-DAPAVA-CorrEtiq.txt,190,74,189,36,47,1,11,17,74,74,5.108108108108108,0.05220288781932617,6.0,3.075157349129952,0.10910857358225778
CSO-8-3A-DAPAVA-CorrEtiq.txt,190,75,189,34,43,6,12,23,75,74,5.04,0.05045045045045045,6.0,3.0875675675675676,0.1091048581048581
CSO-8-3A-DAPAVA-CorrEtiq.txt,190,81,189,38,41,8,7,10,81,81,4.666666666666667,0.043209876543209874,8.0,3.346296296296296,0.10146822434404135
CSO-8-3A-KVPECO-CorrEtiq.txt,190,83,185,40,41,3,1,8,82,81,4.457831325301205,0.041434028798119305,7.0,3.1933152664859983,0.1292124892195764
CSO-8-3A-KVPECO-CorrEtiq.txt,190,76,187,37,40,4,3,17,76,75,4.921052631578948,0.05017543859649123,5.0,2.8312280701754386,0.1801742360952887
CSO-8-4A-ARAGR-CorrEtiq.txt,190,87,185,24,28,2,5,8,87,87,4.252873563218391,0.04143277198609997,7.0,3.3156909917134456,0.07334101177914566
CSO-8-4A-JRAAR-CorrEtiq.txt,190,83,181,24,29,2,5,13,83,80,4.36144578313253,0.044078754040552455,6.0,2.9165442256832206,0.14937696700537537
CSO-8-4A-JRAAR-CorrEtiq.txt,190,71,185,42,47,1,5,11,71,69,5.211267605633803,0.055130784708249496,5.0,2.728370221327968,0.1468793115568505
CSO-9-2A-EXMOCO-CorrEtiq.txt,190,85,181,35,38,2,3,9,84,78,4.258823529411765,0.03949579831932773,7.0,3.240103270223752,0.09937559941020149
CSO-9-2A-EXMOCO-CorrEtiq.txt,190,75,179,37,42,1,5,20,75,69,4.773333333333333,0.04900900900900901,7.0,3.077117117117117,0.22522903581215606
CSO-9-4A-AGAPE-CorrEtiq.txt,190,84,189,28,34,1,6,8,84,83,4.5,0.04417670682730924,7.0,3.17039586919105,0.10755418911931516
CSO-9-4A-DKVIMO-CorrEtiq.txt,190,75,187,29,34,2,5,10,75,75,4.986666666666666,0.054414414414414414,5.0,2.7437837837837837,0.1574108070578659
CSO-9-4A-DKVIMO-CorrEtiq.txt,190,72,189,38,41,1,3,12,72,72,5.25,0.057511737089201875,6.0,2.844679186228482,0.16455354381695972
CSO-9-4A-DKVIMO-CorrEtiq.txt,190,74,189,39,40,3,1,11,74,74,5.108108108108108,0.05405405405405406,6.0,2.9837097371343946,0.10322313234212549
CSO-9-4A-DSMOMU-CorrEtiq.txt,190,98,181,22,25,1,3,2,96,92,3.693877551020408,0.03261098253734483,8.0,3.739912280701754,0.020909022949839276
CSO-9-4A-DSMOMU-CorrEtiq.txt,190,89,185,25,25,4,1,7,88,87,4.157303370786517,0.03983656792645557,7.0,3.3868861024033436,0.09380684307981069
CSO-9-4A-DSMOMU-CorrEtiq.txt,190,94,189,17,19,3,3,13,94,91,4.0212765957446805,0.038206360100663465,8.0,3.387783115991764,0.17667092054978228
CSO-9-4A-DVGATO-CorrEtiq.txt,190,84,185,31,35,5,5,7,82,78,4.404761904761905,0.04159495123350545,7.0,3.250828063836194,0.07118907617027918
CSO-9-4A-EGCAMO-CorrEtiq.txt,190,82,189,30,36,2,6,15,82,81,4.609756097560975,0.04546823246010238,7.0,3.057813911472448,0.12082224009053277
CSO-9-4A-EGCAMO-CorrEtiq.txt,190,89,189,33,38,3,5,11,89,88,4.247191011235955,0.03779366700715015,7.0,3.2985188968335035,0.11351298514219862
CSO-9-4A-FAGIGA-CorrEtiq.txt,190,79,171,19,25,4,6,9,77,74,4.329113924050633,0.04608893216488153,6.0,3.1630211893369786,0.13610810881845878
CSO-9-4A-GSBRCO-CorrEtiq.txt,190,73,189,35,35,9,3,15,73,73,5.178082191780822,0.05517503805175038,6.0,3.04261796042618,0.14246284201965104
CSO-9-4A-GSBRCO-CorrEtiq.txt,190,65,189,51,50,10,3,15,65,65,5.815384615384615,0.06201923076923077,6.0,2.981730769230769,0.14484277160747752
CSO-9-4A-GSBRCO-CorrEtiq.txt,190,69,189,50,54,4,5,16,69,68,5.478260869565218,0.05583972719522592,6.0,2.867433930093777,0.2050858424602331
CSO-9-4A-KEMOCO-CorrEtiq.txt,190,78,189,34,36,3,3,13,78,78,4.846153846153846,0.04995004995004995,7.0,3.033966033966034,0.18966194690176588
CSO-9-4A-KEMOCO-CorrEtiq.txt,190,75,189,32,36,2,5,11,75,75,5.04,0.054414414414414414,6.0,2.898018018018018,0.15350431634642162
CSO-9-4A-LCOMO-CorrEtiq.txt,190,95,189,11,16,1,5,13,95,95,3.9789473684210526,0.038521836506159014,7.0,3.307278835386338,0.10029408843650331
CSO-9-4A-LCOMO-CorrEtiq.txt,190,86,189,26,32,2,6,9,86,86,4.395348837209302,0.04240766073871409,8.0,3.361969904240766,0.08046165720584325
CSO-9-4A-MLORO-CorrEtiq.txt,190,77,189,33,35,2,2,13,77,77,4.909090909090909,0.05194805194805195,6.0,2.977101845522898,0.15072618579112085
CSO-9-4A-MPAME-CorrEtiq.txt,190,85,189,34,39,2,5,9,85,84,4.447058823529412,0.04145658263305322,7.0,3.1285714285714286,0.1141477373675516
CSO-9-4A-NSARPA-CorrEtiq.txt,190,90,185,27,33,2,6,10,89,84,4.111111111111111,0.03745318352059925,8.0,3.4323289070480083,0.07250978133589073
CSO-9-4A-NSARPA-CorrEtiq.txt,190,87,189,22,28,3,6,13,87,85,4.344827586206897,0.04223469660518578,6.0,3.1352579524191393,0.09571523119617492
CSO-9-4A-SLOCA-CorrEtiq.txt,190,81,189,34,37,3,3,12,81,80,4.666666666666667,0.045987654320987656,6.0,3.039506172839506,0.182175614436823
CSO-9-4A-SLOCA-CorrEtiq.txt,190,81,189,42,45,2,3,17,81,75,4.666666666666667,0.043827160493827164,10.0,3.2885802469135803,0.23861698429599662
CSO-9-4A-YVDITR-CorrEtiq.txt,190,75,185,41,45,0,4,19,74,73,4.933333333333334,0.05045045045045045,8.0,3.2169566827101073,0.18862972776016254
CSO-9-4A-YVDITR-CorrEtiq.txt,190,71,189,57,60,0,3,12,71,70,5.323943661971831,0.05191146881287726,6.0,3.088933601609658,0.14285773118241615
