file,wc,nodes,edges,re,pe,l1,l2,l3,lcc,lsc,atd,density,diameter,asp,cc
CDMS-10-4A-JURAN-CorrEtiq.txt,200,96,199,23,30,1,7,5,96,95,4.145833333333333,0.03684210526315789,7.0,3.3267543859649122,0.07699089105339105
CDMS-10-5A-HEPIHO-CorrEtiq.txt,200,100,197,25,31,0,6,4,100,96,3.94,0.033535353535353536,8.0,3.452121212121212,0.07782892590501286
CDMS-10-5A-HEPIHO-CorrEtiq.txt,200,94,195,25,29,0,4,10,92,92,4.148936170212766,0.037977579501258296,6.0,3.1614906832298137,0.10306967640970671
CDMS-10-5A-HEPIHO-CorrEtiq.txt,200,86,195,29,33,0,4,19,83,82,4.534883720930233,0.04432284541723666,5.0,2.9027328827505143,0.17393009110281457
CDMS-10-5A-HEPIHO-CorrEtiq.txt,200,98,199,18,20,0,2,12,98,98,4.061224489795919,0.03766042499474016,7.0,3.1908268462023983,0.09830012257983446
CDMS-10-5A-KSRAGU-CorrEtiq.txt,200,87,199,25,29,3,4,10,87,86,4.574712643678161,0.044640470462443196,6.0,3.0807270783213045,0.07789626854962607
CDMS-10-5A-SROPU-CorrEtiq.txt,200,91,199,38,42,3,6,4,91,86,4.373626373626373,0.037606837606837605,11.0,3.617094017094017,0.06355089103957881
CDMS-10-5A-SZURO-CorrEtiq.txt,200,92,199,25,26,2,1,6,92,92,4.326086956521739,0.04085045389393215,7.0,3.2978977544194934,0.08886049301650326
CDMS-10-5A-SZURO-CorrEtiq.txt,200,78,199,50,52,0,2,9,78,78,5.102564102564102,0.04895104895104895,8.0,3.402930402930403,0.08243259589413436
CDMS-10-5B-SRAJA-CorrEtiq.txt,200,89,199,29,32,1,3,14,89,89,4.47191011235955,0.042390194075587334,6.0,2.9433094994892746,0.14822428962580472
CDMS-10-5C-DAAUSA-CorrEtiq.txt,200,97,199,27,37,1,10,11,97,96,4.103092783505154,0.03457903780068729,8.0,3.375,0.1118010777567294
CDMS-10-5C-DAAUSA-CorrEtiq.txt,200,80,199,38,45,3,8,17,80,80,4.975,0.047784810126582276,6.0,2.982911392405063,0.17862039512774802
CDMS-10-5C-DAAUSA-CorrEtiq.txt,200,86,199,40,41,2,2,10,86,85,4.627906976744186,0.0426812585499316,6.0,3.150478796169631,0.08218021908172386
CDMS-10-5C-JFALGI-CorrEtiq.txt,200,88,199,34,38,0,4,12,88,87,4.5227272727272725,0.04205851619644723,7.0,3.0172413793103448,0.20315557735802042
CDMS-10-5C-MAORTO-CorrEtiq.txt,200,74,199,42,50,3,8,18,74,73,5.378378378378378,0.05405405405405406,6.0,2.862273232136246,0.1683001911262781
CDMS-10-5C-MAORTO-CorrEtiq.txt,200,72,199,48,54,6,7,18,72,68,5.527777777777778,0.05438184663536776,7.0,2.915492957746479,0.17926265092931765
CDMS-10-5C-MAORTO-CorrEtiq.txt,200,84,199,31,37,6,6,15,84,84,4.738095238095238,0.04475043029259897,6.0,2.9727481353987377,0.1476021080368906
CDMS-10-5C-NBEMO-CorrEtiq.txt,200,89,199,31,33,5,3,9,89,87,4.47191011235955,0.04111338100102145,6.0,3.1744126659856997,0.11153740692736067
CDMS-10-5C-NBEMO-CorrEtiq.txt,200,77,199,42,47,6,6,12,77,76,5.1688311688311686,0.04989747095010253,6.0,2.933356117566644,0.12994559129012911
CDMS-10-6B-ASCACO-CorrEtiq.txt,200,75,199,45,47,0,2,19,75,74,5.306666666666667,0.05477477477477478,6.0,2.7805405405405406,0.21601288341288344
CDMS-10-6B-JJMOBE-CorrEtiq.txt,200,83,199,33,38,0,5,11,83,82,4.795180722891566,0.0473111960035263,7.0,3.0719952982662355,0.08871909622302498
CDMS-10-6B-JJMOBE-CorrEtiq.txt,200,82,199,32,39,0,7,11,82,82,4.853658536585366,0.04817825956037338,6.0,3.0761818729298405,0.09568019856757304
CDMS-11-4A-GACHSA-CorrEtiq.txt,200,84,199,41,47,2,6,7,84,83,4.738095238095238,0.043029259896729774,7.0,3.321572002294894,0.10393426018426018
CDMS-11-4A-GACHSA-CorrEtiq.txt,200,85,199,37,41,2,4,4,85,83,4.682352941176471,0.043697478991596636,6.0,3.2291316526610645,0.10508720038131804
CDMS-11-4A-GACHSA-CorrEtiq.txt,200,72,199,57,58,2,1,15,72,72,5.527777777777778,0.05438184663536776,6.0,2.9949139280125197,0.13588301724266635
CDMS-11-4A-GACHSA-CorrEtiq.txt,200,70,199,53,55,4,4,19,70,70,5.685714285714286,0.057971014492753624,6.0,2.777639751552795,0.23272808610623738
CDMS-11-5A-EAARCA-CorrEtiq.txt,200,88,199,35,38,1,3,14,88,88,4.5227272727272725,0.04179728317659352,6.0,3.1920062695924765,0.1678105387435531
CDMS-11-5A-MGTHAR-CorrEtiq.txt,200,76,199,44,47,5,4,12,76,75,5.2368421052631575,0.05157894736842105,6.0,2.9417543859649125,0.13820853143537715
CDMS-11-6A-DFVEBE-CorrEtiq.txt,200,95,197,22,21,10,4,9,95,92,4.147368421052631,0.03717805151175812,7.0,3.325867861142217,0.0964485669129632
CDMS-11-6A-DFVEBE-CorrEtiq.txt,200,93,197,26,27,6,2,10,93,87,4.236559139784946,0.0383356708742403,10.0,3.462599345488546,0.10622929042283881
CDMS-11-6A-NMREPR-CorrEtiq.txt,200,104,199,25,28,0,3,8,104,103,3.826923076923077,0.03192681105302465,9.0,3.8737864077669903,0.07785638820706693
CDMS-11-6A-NMREPR-CorrEtiq.txt,200,88,199,36,38,0,2,12,88,88,4.5227272727272725,0.04205851619644723,7.0,3.2280564263322886,0.1208121943416061
CDMS-11-6B-ARAHE-CorrEtiq.txt,200,84,199,31,29,4,0,12,84,84,4.738095238095238,0.047619047619047616,7.0,3.0668387837062534,0.08126620073048645
CDMS-11-6B-ARAHE-CorrEtiq.txt,200,80,195,45,46,5,2,7,79,77,4.875,0.04556962025316456,7.0,3.2002596559558585,0.05143822272498742
CDMS-11-6B-AVROTO-CorrEtiq.txt,200,95,199,19,21,0,2,12,95,94,4.189473684210526,0.03986562150055991,7.0,3.310414333706607,0.08534281171782855
CDMS-11-6B-EAFESA-CorrEtiq.txt,200,85,199,28,34,2,6,11,85,85,4.682352941176471,0.045658263305322126,6.0,3.0865546218487396,0.11897596060225818
CDMS-11-6B-EAFESA-CorrEtiq.txt,200,82,199,47,53,2,6,9,82,81,4.853658536585366,0.04336043360433604,7.0,3.3411623005118942,0.10031939605110335
CDMS-11-6B-EAFESA-CorrEtiq.txt,200,73,199,56,61,1,5,9,73,72,5.4520547945205475,0.05213089802130898,6.0,3.0464231354642313,0.09895922190442737
CDMS-11-6B-EAFESA-CorrEtiq.txt,200,84,199,41,44,3,3,9,84,82,4.738095238095238,0.04360298336201951,7.0,3.3353413654618476,0.12915864071879107
CDMS-11-6B-EAFESA-CorrEtiq.txt,200,83,199,40,41,3,1,5,83,83,4.795180722891566,0.0455480458419042,7.0,3.2903320599471053,0.07518988610413131
CDMS-11-6B-EFRGR-CorrEtiq.txt,200,81,199,46,48,3,2,7,81,80,4.91358024691358,0.04567901234567901,7.0,3.3364197530864197,0.06484701855072225
CDMS-11-6B-EFRGR-CorrEtiq.txt,200,78,199,45,44,4,1,14,78,74,5.102564102564102,0.05028305028305028,8.0,3.1595071595071595,0.1442775098645544
CDMS-11-6B-EROCO-CorrEtiq.txt,200,76,195,32,38,1,6,24,75,75,5.131578947368421,0.05473684210526316,6.0,2.8814414414414413,0.17479399255715047
CDMS-11-6B-JACUPE-CorrEtiq.txt,200,77,183,29,34,9,6,13,77,72,4.753246753246753,0.04784688995215311,8.0,3.0686944634313056,0.18825142352141666
CDMS-11-6B-JACUPE-CorrEtiq.txt,200,77,191,31,36,10,7,14,76,74,4.961038961038961,0.04955570745044429,6.0,3.0235087719298246,0.11909111175726911
CDMS-11-6B-JACUPE-CorrEtiq.txt,200,70,199,36,48,8,14,18,70,70,5.685714285714286,0.05921325051759834,5.0,2.7763975155279503,0.15892111166955886
CDMS-11-6B-JACUPE-CorrEtiq.txt,200,72,199,43,52,8,12,23,72,71,5.527777777777778,0.05438184663536776,6.0,2.9812206572769955,0.1607931261730281
CDMS-11-6B-JDCHBA-CorrEtiq.txt,200,87,199,30,37,4,7,14,87,86,4.574712643678161,0.04223469660518578,7.0,3.1475541299117884,0.11485146398939503
CDMS-11-6B-JDCHBA-CorrEtiq.txt,200,86,199,30,38,9,12,5,86,85,4.627906976744186,0.04158686730506156,7.0,3.2358413132694936,0.07504530353367563
CDMS-11-6B-JDCHBA-CorrEtiq.txt,200,75,199,45,54,7,12,18,75,72,5.306666666666667,0.04972972972972973,7.0,3.091891891891892,0.191469359673694
CDMS-11-6B-JDCHBA-CorrEtiq.txt,200,74,199,46,52,5,7,19,74,74,5.378378378378378,0.05257312106627175,6.0,2.9911144020733063,0.18185369563078543
CDMS-11-6B-JFSAHE-CorrEtiq.txt,200,93,199,27,31,0,4,4,93,93,4.279569892473118,0.03927068723702665,6.0,3.2311827956989245,0.03997927809472801
CDMS-11-6B-JFSAHE-CorrEtiq.txt,200,94,197,28,34,0,6,5,94,93,4.191489361702128,0.03729123770304278,6.0,3.3173186913749713,0.06268266115629667
CDMS-11-6B-JLPENA-CorrEtiq.txt,200,93,195,22,26,3,5,12,92,90,4.193548387096774,0.03880317905563347,7.0,3.3165312947921644,0.08736466281017059
CDMS-11-6B-JLPENA-CorrEtiq.txt,200,76,189,32,35,2,3,20,75,72,4.973684210526316,0.05333333333333334,7.0,2.978018018018018,0.14751499360632483
CDMS-11-6B-JMARME-CorrEtiq.txt,200,79,197,36,47,1,11,12,79,78,4.987341772151899,0.0483609217786433,6.0,3.0756247971437847,0.16117909775471403
CDMS-11-6B-JMARME-CorrEtiq.txt,200,92,193,23,28,1,5,8,91,90,4.195652173913044,0.03917821309125657,7.0,3.192673992673993,0.11277981889985669
CDMS-11-6B-JMARME-CorrEtiq.txt,200,87,195,24,28,0,4,8,86,86,4.482758620689655,0.044640470462443196,7.0,3.152941176470588,0.12054204471745703
CDMS-11-6B-JMARME-CorrEtiq.txt,200,83,199,34,37,0,3,12,83,83,4.795180722891566,0.04760505436379665,7.0,3.15133705553923,0.16157704410716456
CDMS-11-6B-JMARME-CorrEtiq.txt,200,85,199,39,41,0,2,13,85,85,4.682352941176471,0.044257703081232495,6.0,3.141456582633053,0.14805721969808655
CDMS-11-6B-JMARME-CorrEtiq.txt,200,83,199,41,47,2,6,19,83,80,4.795180722891566,0.044078754040552455,6.0,3.220393770202762,0.16715433161216292
CDMS-11-6B-JPSAMA-CorrEtiq.txt,200,96,197,22,27,2,5,11,96,93,4.104166666666667,0.03684210526315789,7.0,3.319517543859649,0.15049337576911107
CDMS-11-6B-JPSAMA-CorrEtiq.txt,200,96,197,28,32,1,4,6,96,92,4.104166666666667,0.035964912280701755,7.0,3.4087719298245616,0.08651465296685884
CDMS-11-6B-LESTA-CorrEtiq.txt,200,76,199,36,41,2,5,14,76,75,5.2368421052631575,0.05473684210526316,6.0,2.913684210526316,0.09584469854552957
CDMS-11-6B-MAGIMU-CorrEtiq.txt,200,71,199,38,43,0,5,24,71,70,5.605633802816901,0.06277665995975855,6.0,2.7955734406438633,0.240481313050745
CDMS-11-6B-MAGIMU-CorrEtiq.txt,200,79,199,39,46,1,7,20,79,79,5.037974683544304,0.04933463161311263,5.0,2.9607270366764036,0.13490451333049017
CDMS-11-6B-MMAMO-CorrEtiq.txt,200,89,199,21,24,5,4,11,89,89,4.47191011235955,0.04341164453524004,6.0,3.21782431052094,0.07728096607805796
CDMS-11-6B-MMAMO-CorrEtiq.txt,200,93,199,19,24,2,6,13,93,93,4.279569892473118,0.040439457690509585,6.0,3.035530621785881,0.14507286588780646
CDMS-11-6B-RSECA-CorrEtiq.txt,200,75,199,36,40,0,4,13,75,74,5.306666666666667,0.057297297297297295,5.0,2.76036036036036,0.12965155106331577
CDMS-11-6B-RSECA-CorrEtiq.txt,200,86,199,36,43,1,7,12,86,85,4.627906976744186,0.04240766073871409,7.0,3.181395348837209,0.10721920358503266
CDMS-11-6B-VZAPE-CorrEtiq.txt,200,80,199,43,49,4,6,15,80,79,4.975,0.046202531645569624,7.0,3.179746835443038,0.07776619214119215
CDMS-11-6B-YLNIME-CorrEtiq.txt,200,90,199,27,30,0,3,11,90,89,4.4222222222222225,0.04219725343320849,6.0,3.1013732833957555,0.1006355064688398
CDMS-11-6B-YLNIME-CorrEtiq.txt,200,85,199,32,35,0,3,11,85,81,4.682352941176471,0.04593837535014006,8.0,3.249299719887955,0.11308769661710835
CDMS-11-7C-ICARE-CorrEtiq.txt,200,84,199,33,36,1,3,17,84,83,4.738095238095238,0.04647160068846816,7.0,3.099827882960413,0.14943322480916466
CDMS-11-7C-IMOIB-CorrEtiq.txt,200,94,199,22,29,2,7,7,94,94,4.23404255319149,0.038435140700068635,7.0,3.3429421185083505,0.07808950887799447
CDMS-11-7C-IMOIB-CorrEtiq.txt,200,93,199,26,30,5,4,6,93,93,4.279569892473118,0.0383356708742403,7.0,3.268349696119682,0.08779685070007649
CDMS-11-7C-IMOIB-CorrEtiq.txt,200,90,199,26,29,3,3,9,90,87,4.4222222222222225,0.04169787765293383,7.0,3.3183520599250937,0.1067501634168301
CDMS-11-7C-SALMA-CorrEtiq.txt,200,88,199,35,39,0,4,11,88,88,4.5227272727272725,0.04179728317659352,7.0,3.1820794148380354,0.08710697197539302
CDMS-11-7C-SALMA-CorrEtiq.txt,200,86,199,43,46,0,3,10,86,84,4.627906976744186,0.04186046511627907,6.0,3.126675786593707,0.12867762932022417
CDMS-11-7C-SPGAVE-CorrEtiq.txt,200,91,195,25,30,7,6,11,89,88,4.285714285714286,0.038583638583638585,7.0,3.4790602655771194,0.1367392680579494
CDMS-12-5A-SRIGO-CorrEtiq.txt,200,98,199,19,25,0,6,2,98,98,4.061224489795919,0.03660845781611614,7.0,3.3707132337471073,0.04113716573437304
CDMS-12-5A-SRIGO-CorrEtiq.txt,200,90,199,32,37,3,5,6,90,90,4.4222222222222225,0.039700374531835204,7.0,3.345318352059925,0.08721949981753903
CDMS-12-5A-SRIGO-CorrEtiq.txt,200,81,199,38,38,5,1,6,81,81,4.91358024691358,0.04814814814814815,6.0,3.0540123456790123,0.08066160620626853
CDMS-12-6A-FAROPA-CorrEtiq.txt,200,93,199,27,28,3,2,7,93,93,4.279569892473118,0.03927068723702665,6.0,3.187237026647966,0.1011476523336106
CDMS-12-6A-FAROPA-CorrEtiq.txt,200,86,199,34,37,2,3,12,86,86,4.627906976744186,0.04377564979480164,7.0,3.2254445964432286,0.14478256771348424
CDMS-12-6A-JGIGA-CorrEtiq.txt,200,85,199,30,36,2,6,8,85,85,4.682352941176471,0.045098039215686274,6.0,3.066106442577031,0.07296464396810416
CDMS-12-6A-JSOTGU-CorrEtiq.txt,200,76,199,35,36,3,2,12,76,75,5.2368421052631575,0.056140350877192984,7.0,3.010877192982456,0.11740106581539692
CDMS-12-6A-JSOTGU-CorrEtiq.txt,200,79,199,38,38,4,1,13,79,79,5.037974683544304,0.050957481337228175,7.0,3.2057773450178515,0.12252230064962752
CDMS-12-6A-JSOTGU-CorrEtiq.txt,200,81,199,38,38,2,0,17,81,81,4.91358024691358,0.049074074074074076,7.0,3.199074074074074,0.15288065843621398
CDMS-12-6A-JSOTGU-CorrEtiq.txt,200,82,199,38,42,2,4,16,82,80,4.853658536585366,0.04667268894911172,7.0,3.012646793134598,0.1710130885478649
CDMS-12-6A-SROAL-CorrEtiq.txt,200,87,199,32,35,1,3,16,87,84,4.574712643678161,0.043571237636995455,7.0,3.1376637262763967,0.15649637718603235
CDMS-12-6A-SROAL-CorrEtiq.txt,200,85,199,39,42,1,3,11,85,84,4.682352941176471,0.043697478991596636,5.0,3.0140056022408963,0.09804776354648477
CDMS-12-6A-SROAL-CorrEtiq.txt,200,98,199,27,29,2,2,2,98,95,4.061224489795919,0.035346097201767304,7.0,3.592678308436777,0.028228463862191036
CDMS-12-6B-IJDAGA-CorrEtiq.txt,200,73,199,36,40,8,7,15,73,73,5.4520547945205475,0.05745814307458143,6.0,2.843607305936073,0.09602556803455908
CDMS-12-6B-IJDAGA-CorrEtiq.txt,200,85,199,30,34,11,6,15,85,82,4.682352941176471,0.043137254901960784,8.0,3.212044817927171,0.16222854635803097
CDMS-12-6B-SCLAG-CorrEtiq.txt,200,82,199,30,36,3,6,11,82,82,4.853658536585366,0.04817825956037338,7.0,3.224631135200241,0.05552800857678907
CDMS-12-6B-SCLAG-CorrEtiq.txt,200,83,199,42,46,3,5,14,83,82,4.795180722891566,0.044078754040552455,7.0,3.2844548927416986,0.13209732231702467
CDMS-12-6B-SCLAG-CorrEtiq.txt,200,77,199,39,44,6,7,13,77,77,5.1688311688311686,0.05092276144907724,6.0,3.0082023239917977,0.1478971965984953
CDMS-12-7C-ARAHE-CorrEtiq.txt,200,87,199,25,32,0,7,18,87,86,4.574712643678161,0.044640470462443196,6.0,2.957497995188452,0.1943320506585245
CDMS-12-7C-CATRAR-CorrEtiq.txt,200,75,197,46,51,0,5,14,74,74,5.253333333333333,0.05261261261261261,6.0,3.0603480192521286,0.06903413156044735
CDMS-12-7C-CATRAR-CorrEtiq.txt,200,89,195,31,37,0,6,12,88,88,4.382022471910112,0.04034729315628192,7.0,3.2763845350052248,0.06132839768001698
CDMS-12-7C-CATRAR-CorrEtiq.txt,200,97,197,23,28,0,5,13,97,94,4.061855670103093,0.03629725085910653,7.0,3.3232388316151202,0.08178965786128022
CDMS-12-7C-CATRAR-CorrEtiq.txt,200,95,197,29,33,0,4,12,94,92,4.147368421052631,0.036730123180291153,6.0,3.2450240219629376,0.09466094277239787
CDMS-12-7C-DLOLO-CorrEtiq.txt,200,90,199,37,38,1,1,8,90,89,4.4222222222222225,0.039950062421972535,7.0,3.298626716604245,0.13262492753204827
CDMS-12-7C-MAROBE-CorrEtiq.txt,200,91,199,25,32,0,7,11,91,90,4.373626373626373,0.04078144078144078,7.0,3.2012210012210014,0.14379123864375457
CDMS-12-7C-MAROBE-CorrEtiq.txt,200,90,199,34,38,0,4,8,90,89,4.4222222222222225,0.040199750312109865,6.0,3.2948813982521847,0.1114372047705381
CDMS-12-7C-VQURA-CorrEtiq.txt,200,97,199,27,31,1,4,9,97,94,4.103092783505154,0.035867697594501716,6.0,3.2916666666666665,0.11508004136145039
CDMS-12-7C-VQURA-CorrEtiq.txt,200,98,195,23,25,1,2,11,98,96,3.979591836734694,0.03555649063749211,7.0,3.397643593519882,0.09673246254878909
CDMS-12-7C-VQURA-CorrEtiq.txt,200,89,195,31,34,0,3,12,88,87,4.382022471910112,0.04111338100102145,7.0,3.255224660397074,0.09709454091476565
CDMS-12-7C-VQURA-CorrEtiq.txt,200,94,199,28,32,0,4,9,94,93,4.23404255319149,0.038206360100663465,7.0,3.4047128803477467,0.07436417010885095
CDMS-13-6B-ASUMO-CorrEtiq.txt,200,93,189,21,26,2,5,17,93,85,4.064516129032258,0.03763440860215054,8.0,3.3207106124357177,0.13835893532288218
CDMS-13-6B-JDTAHE-CorrEtiq.txt,200,90,195,22,26,3,5,12,89,85,4.333333333333333,0.0414481897627965,6.0,3.2188457609805923,0.0920223603556937
CDMS-13-6B-JDTAHE-CorrEtiq.txt,200,95,195,27,30,3,3,10,94,89,4.105263157894737,0.03628219484882419,8.0,3.373141157629833,0.10043589365570789
CDMS-13-7C-MVEAR-CorrEtiq.txt,200,76,199,33,36,6,3,10,76,76,5.2368421052631575,0.055087719298245616,5.0,2.8410526315789473,0.1065112148275746
CDMS-13-7C-MVEAR-CorrEtiq.txt,200,83,195,26,26,9,2,10,82,80,4.698795180722891,0.04701733764325595,6.0,2.9572417946401686,0.10286299258659287
CDMS-13-7C-MVEAR-CorrEtiq.txt,200,77,195,28,29,12,5,23,76,74,5.064935064935065,0.05263157894736842,6.0,2.84,0.26978367167482126
CDMS-13-7C-MVEAR-CorrEtiq.txt,200,77,199,32,36,8,6,17,77,77,5.1688311688311686,0.05297334244702666,5.0,2.8995215311004783,0.15979561351983046
CDMS-13-7C-SSOSLO-CorrEtiq.txt,200,87,195,28,31,7,4,15,86,83,4.482758620689655,0.04196738839882384,6.0,3.2355677154582763,0.13532696133895536
CDMS-13-7C-SSOSLO-CorrEtiq.txt,200,90,195,26,30,4,4,11,89,87,4.333333333333333,0.040199750312109865,6.0,3.1491317671092953,0.08486316152982819
CDMS-13-7C-SSOSLO-CorrEtiq.txt,200,78,199,38,42,5,5,18,78,77,5.102564102564102,0.050616050616050616,6.0,2.9194139194139193,0.13632509341011367
CDMS-13-7C-SSOSLO-CorrEtiq.txt,200,82,199,41,46,5,5,22,82,81,4.853658536585366,0.044564890093345376,6.0,3.174947305028606,0.19828718706767484
CDMS-13-7C-SSOSLO-CorrEtiq.txt,200,88,199,34,38,3,4,12,88,88,4.5227272727272725,0.041274817136886105,6.0,3.2210031347962382,0.13054694117528343
CDMS-14-10A-IMORTO-CorrEtiq.txt,200,84,199,37,42,0,5,8,84,84,4.738095238095238,0.045037292025243834,6.0,3.1792885829030406,0.06904000343849967
CDMS-14-10A-IMORTO-CorrEtiq.txt,200,78,199,38,44,1,6,12,78,77,5.102564102564102,0.05128205128205128,6.0,3.04029304029304,0.10495643957182417
CDMS-14-10A-JCVANI-CorrEtiq.txt,200,109,199,17,24,2,7,6,109,109,3.6513761467889907,0.029391777098199116,9.0,3.8024125042473664,0.09164292863699233
CDMS-14-10A-JCVANI-CorrEtiq.txt,200,101,199,23,26,3,3,3,101,100,3.9405940594059405,0.033663366336633666,9.0,3.6871287128712873,0.04878625225159878
CDMS-14-10A-JCVANI-CorrEtiq.txt,200,97,199,24,30,1,6,5,97,97,4.103092783505154,0.03608247422680412,6.0,3.3316151202749142,0.058126924621769986
CDMS-14-5A-LSDUCO-CorrEtiq.txt,200,85,199,26,35,1,9,15,85,84,4.682352941176471,0.045658263305322126,5.0,3.0675070028011207,0.15409846362787535
CDMS-14-5A-LSDUCO-CorrEtiq.txt,200,69,199,50,57,3,7,18,69,69,5.768115942028985,0.05924978687127025,5.0,2.893435635123615,0.18485502123946057
CDMS-14-6B-KDCAHE-CorrEtiq.txt,200,94,199,21,28,4,7,18,94,92,4.23404255319149,0.038206360100663465,8.0,3.4651109585907114,0.12432699519847927
CDMS-14-6B-KDCAHE-CorrEtiq.txt,200,84,197,31,37,5,8,14,84,83,4.690476190476191,0.0444635685599541,6.0,3.225760183591509,0.10613886600728703
CDMS-14-6B-KDCAHE-CorrEtiq.txt,200,79,197,37,43,5,8,13,79,77,4.987341772151899,0.0483609217786433,7.0,3.143135345666991,0.08495603145836324
CDMS-15-10A-AMALOS-CorrEtiq.txt,200,99,199,22,28,6,6,7,99,97,4.02020202020202,0.034013605442176874,7.0,3.421356421356421,0.05873395271790993
CDMS-15-10A-AMALOS-CorrEtiq.txt,200,91,199,25,32,6,8,4,91,91,4.373626373626373,0.039316239316239315,6.0,3.20976800976801,0.061230436230436225
CDMS-15-10A-AMALOS-CorrEtiq.txt,200,86,199,29,35,3,7,8,86,86,4.627906976744186,0.04404924760601915,6.0,3.1915184678522572,0.07202961936744066
CDMS-15-10A-AMALOS-CorrEtiq.txt,200,86,199,25,31,4,6,10,86,83,4.627906976744186,0.04487004103967168,7.0,3.186593707250342,0.09298853790987853
CDMS-15-10A-AMALOS-CorrEtiq.txt,200,85,199,30,38,6,8,6,85,85,4.682352941176471,0.04341736694677871,6.0,3.0913165266106444,0.052374684139390025
CDMS-15-10A-JJMACH-CorrEtiq.txt,200,90,199,22,27,0,5,12,90,90,4.4222222222222225,0.04294631710362047,7.0,3.0746566791510612,0.183212391094744
CDMS-15-10A-JJMACH-CorrEtiq.txt,200,100,199,20,24,2,4,14,100,100,3.98,0.03494949494949495,7.0,3.2284848484848485,0.15390567921706028
CDMS-15-10A-JJMACH-CorrEtiq.txt,200,94,199,19,21,4,3,10,94,92,4.23404255319149,0.03980782429649966,6.0,3.0949439487531456,0.09002075888891646
CDMS-15-10A-JJMACH-CorrEtiq.txt,200,96,199,21,24,2,4,8,96,96,4.145833333333333,0.03793859649122807,7.0,3.1964912280701756,0.051013735504834574
CDMS-15-10A-JJMACH-CorrEtiq.txt,200,95,199,31,35,2,4,8,95,95,4.189473684210526,0.03628219484882419,7.0,3.329451287793953,0.07133571107255317
CDMS-15-10A-JJMACH-CorrEtiq.txt,200,95,199,26,27,2,1,10,95,95,4.189473684210526,0.03807390817469205,6.0,3.188801791713326,0.10836388142482324
CDMS-15-10A-JJMACH-CorrEtiq.txt,200,97,195,26,26,1,0,9,96,93,4.020618556701031,0.03608247422680412,7.0,3.2532894736842106,0.0702596211000514
CDMS-15-10A-MAALCA-CorrEtiq.txt,200,82,199,29,37,1,8,10,82,82,4.853658536585366,0.04847937368262571,6.0,2.9445950015055704,0.11060930739912087
CDMS-15-10A-MAALCA-CorrEtiq.txt,200,85,199,29,33,2,4,13,85,84,4.682352941176471,0.04593837535014006,5.0,2.9672268907563026,0.090255442366169
CDMS-15-10A-MAALRI-CorrEtiq.txt,200,95,199,21,28,1,7,10,95,95,4.189473684210526,0.03807390817469205,7.0,3.346248600223964,0.06622909082661405
CDMS-15-10A-MAALRI-CorrEtiq.txt,200,100,199,24,31,2,7,13,100,96,3.98,0.033535353535353536,9.0,3.616767676767677,0.09634258156703979
CDMS-15-10A-MAALRI-CorrEtiq.txt,200,92,199,24,30,2,6,10,92,92,4.326086956521739,0.03989488772097468,7.0,3.247730530339226,0.12598931706483193
CDMS-15-10A-SGOMO-CorrEtiq.txt,200,102,199,25,26,2,1,10,102,102,3.9019607843137254,0.033197437390797904,7.0,3.4300135895942536,0.10734393172473668
CDMS-15-10A-SGOMO-CorrEtiq.txt,200,99,199,25,26,1,1,10,99,99,4.02020202020202,0.035456606885178314,7.0,3.337456194599052,0.11223547471900569
CDMS-15-10A-SHEGA-CorrEtiq.txt,200,81,199,25,30,0,5,27,81,81,4.91358024691358,0.052160493827160495,6.0,2.9157407407407407,0.20334118639072193
CDMS-15-10A-SHEGA-CorrEtiq.txt,200,81,199,32,36,1,4,18,81,81,4.91358024691358,0.05,5.0,2.925617283950617,0.2157107981182055
CDMS-15-10A-SHEGA-CorrEtiq.txt,200,88,199,26,29,1,3,17,88,88,4.5227272727272725,0.044148380355276906,6.0,2.940700104493208,0.15342161386085532
CDMS-15-11B-JEMOLO-CorrEtiq.txt,200,92,199,33,37,2,4,3,92,92,4.326086956521739,0.038222646918299095,7.0,3.3736263736263736,0.062072347941913165
CDMS-15-11B-JEMOLO-CorrEtiq.txt,200,96,199,27,32,7,7,5,96,96,4.145833333333333,0.03508771929824561,8.0,3.5576754385964913,0.04039033882783883
CDMS-15-11B-JEMOLO-CorrEtiq.txt,200,90,199,24,28,6,5,10,90,90,4.4222222222222225,0.04119850187265917,7.0,3.2893882646691637,0.08536256466081027
CDMS-15-11B-JEMOLO-CorrEtiq.txt,200,88,199,33,36,1,3,11,88,88,4.5227272727272725,0.04231974921630094,7.0,3.30773249738767,0.08219139928698752
CDMS-15-11B-JEMOLO-CorrEtiq.txt,200,96,199,29,33,1,4,7,96,94,4.145833333333333,0.03618421052631579,7.0,3.2521929824561404,0.06135861044149088
CDMS-15-11B-JEMOLO-CorrEtiq.txt,200,104,199,21,28,0,7,4,104,103,3.826923076923077,0.03192681105302465,8.0,3.5464899178491414,0.059870274188836066
CDMS-15-11B-JEMOLO-CorrEtiq.txt,200,102,199,14,20,1,6,11,102,102,3.9019607843137254,0.034556396816152204,7.0,3.2904290429042904,0.11807021954080778
CDMS-15-11B-JEMOLO-CorrEtiq.txt,200,86,199,32,35,1,3,9,86,86,4.627906976744186,0.04459644322845417,7.0,3.1830369357045143,0.08422118427248386
CDMS-15-11B-JEMOLO-CorrEtiq.txt,200,91,199,27,30,2,4,6,91,91,4.373626373626373,0.04078144078144078,7.0,3.291086691086691,0.05556427699284842
CDMS-15-11B-JEMOLO-CorrEtiq.txt,200,85,199,28,31,2,4,9,85,85,4.682352941176471,0.04649859943977591,6.0,3.1106442577030813,0.04999633008283528
CDMS-15-11B-JEMOLO-CorrEtiq.txt,200,80,199,43,46,2,3,13,80,80,4.975,0.047784810126582276,7.0,3.267721518987342,0.08242101648351648
CDMS-15-11B-JEMOLO-CorrEtiq.txt,200,85,199,40,41,3,2,13,85,85,4.682352941176471,0.04341736694677871,7.0,3.2521008403361344,0.112120232708468
CDMS-15-11B-VSAHO-CorrEtiq.txt,200,92,199,34,38,3,5,6,92,90,4.326086956521739,0.03774486383182035,7.0,3.3855709507883422,0.06468592821904169
CDMS-16-10A-SGALO-CorrEtiq.txt,200,91,199,19,24,1,5,13,91,91,4.373626373626373,0.04249084249084249,7.0,3.1797313797313795,0.11484993495336096
CDMS-16-10A-SGALO-CorrEtiq.txt,200,94,199,23,27,0,4,12,94,94,4.23404255319149,0.03935026309768932,7.0,3.389155799588195,0.14572425210723083
CDMS-16-10A-SGALO-CorrEtiq.txt,200,85,199,30,35,1,5,7,85,83,4.682352941176471,0.045658263305322126,6.0,3.0789915966386556,0.06254040077569492
CDMS-16-11B-NGABE-CorrEtiq.txt,200,93,195,24,25,1,1,13,92,90,4.193548387096774,0.03950444132772323,7.0,3.2486860965121833,0.08580074267680379
CDMS-16-11B-NGABE-CorrEtiq.txt,200,103,195,18,24,2,6,7,102,97,3.7864077669902914,0.03217209213782601,7.0,3.3612890700834788,0.07083573511329079
CDMS-16-11B-NGABE-CorrEtiq.txt,200,95,199,21,28,1,7,6,95,95,4.189473684210526,0.03807390817469205,7.0,3.3903695408734604,0.11311337613195196
CDMS-17-10A-ASSAMO-CorrEtiq.txt,200,103,199,19,21,0,2,10,103,101,3.8640776699029127,0.033885398819722065,6.0,3.367409099562155,0.10075889590452697
CDMS-17-10A-ASSAMO-CorrEtiq.txt,200,108,199,20,21,0,1,9,108,107,3.685185185185185,0.03080650744202146,8.0,3.525787469712703,0.0998349901127679
CDMS-18-7C-VVECA-CorrEtiq.txt,200,91,197,36,40,1,4,6,90,90,4.329670329670329,0.0380952380952381,8.0,3.3118601747815233,0.08508640899618344
CDMS-18-7C-VVECA-CorrEtiq.txt,200,86,199,39,43,1,4,16,86,86,4.627906976744186,0.04240766073871409,7.0,3.1969904240766076,0.1922298631600957
CDMS-8-4A-DBEVA-CorrEtiq.txt,200,76,199,30,35,5,6,25,76,76,5.2368421052631575,0.05578947368421053,5.0,2.8217543859649123,0.1616969326456861
CDMS-8-4A-DBEVA-CorrEtiq.txt,200,79,199,39,44,3,5,19,79,78,5.037974683544304,0.04933463161311263,5.0,2.7874066861408635,0.18756329876742353
CDMS-8-4A-DJAVDA-CorrEtiq.txt,200,73,199,44,51,9,7,17,73,73,5.4520547945205475,0.05289193302891933,7.0,2.85882800608828,0.17470876334695837
CDMS-8-4A-DOSTR-CorrEtiq.txt,200,89,199,31,39,2,8,12,89,89,4.47191011235955,0.04034729315628192,7.0,3.2627681307456586,0.1489382783587396
CDMS-8-4A-DOSTR-CorrEtiq.txt,200,84,199,41,48,3,8,15,84,84,4.738095238095238,0.042455536431440045,7.0,3.212564543889845,0.15559544882853155
CDMS-8-4A-DOSTR-CorrEtiq.txt,200,76,199,48,54,4,7,16,76,76,5.2368421052631575,0.049473684210526316,7.0,3.0533333333333332,0.1419436643507851
CDMS-8-4A-DOSTR-CorrEtiq.txt,200,80,199,46,47,8,4,14,80,80,4.975,0.04556962025316456,8.0,3.210126582278481,0.11451938670204924
CDMS-8-4A-DOSTR-CorrEtiq.txt,200,79,199,40,42,9,5,16,79,79,5.037974683544304,0.04803635183382019,7.0,3.1204154495293737,0.15882755781489957
CDMS-8-4A-LGOPA-CorrEtiq.txt,200,83,195,41,49,5,9,13,82,78,4.698795180722891,0.041434028798119305,9.0,3.531767539897621,0.09347613564481035
CDMS-8-4A-LGOPA-CorrEtiq.txt,200,77,199,47,53,0,6,18,77,77,5.1688311688311686,0.04989747095010253,6.0,3.0133287764866714,0.174808164418554
CDMS-8-4C-JDBUTU-CorrEtiq.txt,200,81,197,35,39,9,7,9,81,80,4.864197530864198,0.045987654320987656,6.0,2.95,0.12047942455349861
CDMS-8-4C-JDBUTU-CorrEtiq.txt,200,75,199,42,48,13,10,17,75,75,5.306666666666667,0.04972972972972973,6.0,2.872072072072072,0.22013610093610092
CDMS-9-4A-ACDUTR-CorrEtiq.txt,200,89,199,27,31,5,4,16,89,89,4.47191011235955,0.04162410623084781,6.0,3.0791624106230846,0.12980066477006044
CDMS-9-4A-ACDUTR-CorrEtiq.txt,200,83,199,38,40,4,2,17,83,83,4.795180722891566,0.0455480458419042,6.0,2.959447546282692,0.16659149650768296
CDMS-9-4A-CARGA-CorrEtiq.txt,200,85,199,36,35,4,1,11,85,84,4.682352941176471,0.04481792717086835,7.0,3.1918767507002803,0.114621877128271
CDMS-9-4A-CARGA-CorrEtiq.txt,200,77,199,49,51,2,3,16,77,74,5.1688311688311686,0.04989747095010253,6.0,2.8779904306220097,0.2305982070872353
CDMS-9-4A-CARGA-CorrEtiq.txt,200,91,199,28,30,2,3,12,91,91,4.373626373626373,0.04078144078144078,7.0,3.1352869352869353,0.12448271939222165
CDMS-9-4A-CRAAG-CorrEtiq.txt,200,77,195,41,44,5,4,24,76,73,5.064935064935065,0.04989747095010253,6.0,2.9063157894736844,0.2534158753562879
CDMS-9-4A-CRAAG-CorrEtiq.txt,200,77,199,48,50,5,3,17,77,77,5.1688311688311686,0.04921394395078606,7.0,2.931989063568011,0.18434690662245717
CDMS-9-4A-EROHI-CorrEtiq.txt,200,81,199,33,36,5,4,12,81,81,4.91358024691358,0.04876543209876543,7.0,3.099691358024691,0.12226685200541411
CDMS-9-4A-EROHI-CorrEtiq.txt,200,83,199,33,34,6,3,14,83,83,4.795180722891566,0.0467234792829856,7.0,3.19335880105789,0.13295048325168807
CDMS-9-4A-ILOSE-CorrEtiq.txt,200,73,199,49,52,0,3,10,73,73,5.4520547945205475,0.05593607305936073,6.0,2.9140030441400304,0.08107782628330575
CDMS-9-4A-ILOSE-CorrEtiq.txt,200,72,199,53,54,0,1,15,72,72,5.527777777777778,0.05672926447574335,6.0,2.8583724569640063,0.12804180931631912
CDMS-9-4A-TGAFR-CorrEtiq.txt,200,82,199,41,48,3,8,16,82,82,4.853658536585366,0.044564890093345376,5.0,2.856669677807889,0.1709965060843827
CDMS-9-4C-SCAMO-CorrEtiq.txt,200,96,195,26,27,1,1,7,95,93,4.0625,0.03662280701754386,6.0,3.397312430011198,0.0648561507936508
CDMS-9-5A-ABERO-CorrEtiq.txt,200,87,197,21,28,6,7,11,87,85,4.528735632183908,0.043571237636995455,6.0,3.194333066025127,0.1002047441702614
CDMS-9-5A-ABERO-CorrEtiq.txt,200,80,197,32,35,6,3,4,80,78,4.925,0.049367088607594936,7.0,3.081329113924051,0.07595607619504678
CDMS-9-5A-ABERO-CorrEtiq.txt,200,79,199,47,50,3,4,10,79,79,5.037974683544304,0.04738721194417397,6.0,3.037974683544304,0.11603262012988862
CDMS-9-5A-PAGACO-CorrEtiq.txt,200,80,199,31,38,3,7,11,80,80,4.975,0.05,6.0,3.106962025316456,0.0842173390335155
CDMS-9-5A-PAGACO-CorrEtiq.txt,200,84,199,29,34,3,5,11,84,84,4.738095238095238,0.04647160068846816,6.0,3.167814113597246,0.10238956693788627
CDMS-9-5C-JDMADE-CorrEtiq.txt,200,90,199,33,34,10,5,7,90,89,4.4222222222222225,0.03870162297128589,7.0,3.2916354556803995,0.12445674695674695
CDMS-9-5C-LVIZAC-CorrEtiq.txt,200,93,199,29,33,2,4,13,93,93,4.279569892473118,0.0383356708742403,7.0,3.4396914446002804,0.11757132699407744
CDMS-9-5C-LVIZAC-CorrEtiq.txt,200,90,199,33,37,4,4,12,90,86,4.4222222222222225,0.03945068664169788,9.0,3.295880149812734,0.06952104431516196
CDMS-9-5C-MLOGO-CorrEtiq.txt,200,87,199,34,37,4,3,20,87,83,4.574712643678161,0.04223469660518578,9.0,3.4327719860999735,0.13719184804377502
CDMS-9-5C-MLOGO-CorrEtiq.txt,200,81,199,41,43,4,3,22,81,80,4.91358024691358,0.04691358024691358,8.0,3.232716049382716,0.2384926789833985
CDMS-9-5C-SCAAG-CorrEtiq.txt,200,84,195,28,32,1,4,16,81,81,4.642857142857143,0.04647160068846816,6.0,3.0842592592592593,0.1025694381952675
CDMS-XX-10A-VGILO-CorrEtiq.txt,200,89,199,21,21,7,2,10,89,88,4.47191011235955,0.04366700715015322,6.0,3.1062308478038814,0.13414772033932296
CDMS-XX-10A-VGILO-CorrEtiq.txt,200,86,195,32,30,9,0,9,85,78,4.534883720930233,0.0426812585499316,7.0,3.1879551820728294,0.11017300562894199
CDMS-XX-5C-MJSARU-CorrEtiq.txt,200,93,199,27,36,1,9,6,93,93,4.279569892473118,0.037868162692847124,7.0,3.2017297802711546,0.05715155074737618
CDMS-XX-5C-MJSARU-CorrEtiq.txt,200,94,199,29,35,2,6,10,94,94,4.23404255319149,0.03706245710363761,8.0,3.374513841226264,0.12877067380723267
CDMS-XX-5C-MPCAQU-CorrEtiq.txt,200,79,199,38,41,0,3,14,79,79,5.037974683544304,0.05128205128205128,5.0,2.930866601752678,0.12962252234404134
CDMS-XX-6A-MAGICA-CorrEtiq.txt,200,99,197,21,24,1,3,11,99,97,3.9797979797979797,0.035456606885178314,7.0,3.4030096887239742,0.07792180751182533
CDMS-XX-6A-MAGICA-CorrEtiq.txt,200,98,197,21,23,1,2,12,98,95,4.020408163265306,0.03639806438039133,7.0,3.3930149379339363,0.0913167831235058
CDMS-XX-6A-MAGICA-CorrEtiq.txt,200,94,197,19,21,0,2,12,94,93,4.191489361702128,0.040265385495309995,7.0,3.247998169755205,0.09023467010216751
CDMS-XX-6A-MAGICA-CorrEtiq.txt,200,92,199,32,37,1,5,8,92,92,4.326086956521739,0.038461538461538464,7.0,3.4123268036311516,0.07539917811656943
CDMS-XX-6A-MAGICA-CorrEtiq.txt,200,92,199,37,41,1,4,5,92,91,4.326086956521739,0.037505972288580984,8.0,3.6622073578595318,0.07617919520093433
CDMS-XX-6A-MAGICA-CorrEtiq.txt,200,83,199,40,41,0,1,4,83,79,4.795180722891566,0.04642962092271525,8.0,3.3441081398765795,0.045204126529427735
CDMS-XX-6B-SPUCA-CorrEtiq.txt,200,102,199,17,21,0,4,11,102,101,3.9019607843137254,0.034556396816152204,7.0,3.464764123471171,0.14961026245855968
CDMS-XX-6B-SPUCA-CorrEtiq.txt,200,92,199,28,33,1,5,9,92,92,4.326086956521739,0.039417104634495936,7.0,3.359531772575251,0.12877104779278692
CDMS-XX-6B-SPUCA-CorrEtiq.txt,200,90,199,37,44,1,7,10,90,89,4.4222222222222225,0.03845193508114857,6.0,3.2019975031210985,0.10651131844114299
CDMS-XX-6B-SPUCA-CorrEtiq.txt,200,88,199,43,51,0,8,5,88,87,4.5227272727272725,0.038662486938349006,6.0,3.1698014629049114,0.060074267310229884
CSO-10-4A-ICAPA-CorrEtiq.txt,200,83,197,43,49,1,6,8,83,83,4.746987951807229,0.04319717895974141,6.0,3.116074052306788,0.10355995410212278
CSO-10-4A-ICAPA-CorrEtiq.txt,200,78,199,47,54,1,7,11,78,78,5.102564102564102,0.04795204795204795,7.0,3.0745920745920747,0.1829056564350682
CSO-10-4A-ICAPA-CorrEtiq.txt,200,78,199,38,44,1,6,21,78,78,5.102564102564102,0.05128205128205128,5.0,2.833166833166833,0.26679023181047473
CSO-10-4A-KCOMO-CorrEtiq.txt,200,80,199,30,38,5,9,12,80,80,4.975,0.049367088607594936,7.0,2.979113924050633,0.10566627454670932
CSO-10-4A-KCOMO-CorrEtiq.txt,200,76,199,44,48,4,5,9,76,73,5.2368421052631575,0.05157894736842105,8.0,2.9901754385964914,0.1228484089010405
CSO-10-4A-KCOMO-CorrEtiq.txt,200,79,199,38,42,1,4,14,79,79,5.037974683544304,0.05063291139240506,7.0,3.0908795845504704,0.13101081637130066
CSO-10-4A-KCOMO-CorrEtiq.txt,200,88,199,37,45,1,8,11,88,87,4.5227272727272725,0.039968652037617555,8.0,3.382183908045977,0.14986673679855497
CSO-10-4A-LSCAVA-CorrEtiq.txt,200,101,199,31,40,0,9,6,101,98,3.9405940594059405,0.031485148514851485,8.0,3.775049504950495,0.08773163030588774
CSO-10-4A-LSCAVA-CorrEtiq.txt,200,97,199,32,39,1,7,7,97,96,4.103092783505154,0.03414948453608247,7.0,3.640249140893471,0.09521784057866532
CSO-10-5A-ACAVA-CorrEtiq.txt,200,101,199,22,24,4,2,8,101,101,3.9405940594059405,0.033861386138613864,8.0,3.5247524752475248,0.06691853395865903
CSO-10-5A-ACAVA-CorrEtiq.txt,200,90,199,26,28,6,3,8,90,89,4.4222222222222225,0.04119850187265917,7.0,3.1091136079900124,0.13708406327971542
CSO-10-5A-ARACA-CorrEtiq.txt,200,90,185,30,31,1,1,5,89,88,4.111111111111111,0.038202247191011236,7.0,3.3776813074565886,0.09257495590828925
CSO-10-5A-ARACA-CorrEtiq.txt,200,85,191,29,30,7,2,9,84,80,4.4941176470588236,0.043137254901960784,7.0,3.27653471026965,0.09558329214038555
CSO-10-5A-DABRZA-CorrEtiq.txt,200,86,197,38,42,0,4,12,86,85,4.5813953488372094,0.04240766073871409,7.0,3.3718194254445963,0.09865636879100771
CSO-10-5A-DABRZA-CorrEtiq.txt,200,72,199,49,56,1,7,16,72,72,5.527777777777778,0.05555555555555555,6.0,3.0179968701095463,0.15062903917070583
CSO-10-5A-DABRZA-CorrEtiq.txt,200,76,199,47,53,5,7,17,76,75,5.2368421052631575,0.049473684210526316,6.0,2.93859649122807,0.20269191938242284
CSO-10-5A-DABRZA-CorrEtiq.txt,200,77,199,45,51,5,6,9,77,75,5.1688311688311686,0.04887218045112782,6.0,3.037593984962406,0.1267981050619465
CSO-10-5A-GZAMA-CorrEtiq.txt,200,78,197,37,38,0,1,18,78,77,5.051282051282051,0.052947052947052944,7.0,2.97002997002997,0.23187242482114273
CSO-10-5A-GZAMA-CorrEtiq.txt,200,90,197,30,33,0,3,9,90,90,4.377777777777778,0.04094881398252185,7.0,3.2614232209737826,0.121561113783336
CSO-10-5A-GZAMA-CorrEtiq.txt,200,92,199,28,30,0,2,7,92,91,4.326086956521739,0.040372670807453416,6.0,3.202341137123746,0.08238800949103407
CSO-10-5A-GZAMA-CorrEtiq.txt,200,87,199,25,29,2,4,12,87,87,4.574712643678161,0.04490777866880513,6.0,3.04971932638332,0.1282832575733184
CSO-10-5A-GZAMA-CorrEtiq.txt,200,82,199,36,45,2,9,14,82,82,4.853658536585366,0.045769346582354715,6.0,3.0915386931647095,0.13886471134615355
CSO-10-5A-IPECA-CorrEtiq.txt,200,84,199,34,39,1,5,14,84,84,4.738095238095238,0.04561101549053356,6.0,3.085197934595525,0.10429016983638832
CSO-10-5A-JANORO-CorrEtiq.txt,200,91,199,25,33,2,8,13,91,90,4.373626373626373,0.04004884004884005,7.0,3.233943833943834,0.1245796920166668
CSO-10-5A-JANORO-CorrEtiq.txt,200,94,195,24,29,1,5,11,93,89,4.148936170212766,0.03774879890185312,7.0,3.3641888733052827,0.09385667523965396
CSO-10-5A-JBUVE-CorrEtiq.txt,200,98,199,27,29,3,3,5,98,98,4.061224489795919,0.0351357037660425,7.0,3.4382495266147695,0.06858334707421711
CSO-10-5A-JJSEMO-CorrEtiq.txt,200,82,197,38,42,1,4,10,82,82,4.804878048780488,0.04637157482685938,6.0,2.9867509786208974,0.12006057670100034
CSO-10-5A-JLCARI-CorrEtiq.txt,200,98,195,22,26,2,4,7,97,95,3.979591836734694,0.0351357037660425,7.0,3.5146048109965635,0.09002746120093057
CSO-10-5A-MAARAN-CorrEtiq.txt,200,74,199,52,53,1,1,17,74,74,5.378378378378378,0.05368382080710848,8.0,3.163272861902999,0.23269290862170114
CSO-10-5A-MAARAN-CorrEtiq.txt,200,74,199,54,57,2,3,19,74,69,5.378378378378378,0.0518326545723806,7.0,2.8955942243613477,0.25656816446290126
CSO-10-5A-MAARAN-CorrEtiq.txt,200,79,199,41,44,1,3,24,79,77,5.037974683544304,0.049983771502758845,6.0,2.872444011684518,0.20617738120500984
CSO-10-5A-MAOSMO-CorrEtiq.txt,200,99,199,22,26,1,4,5,99,97,4.02020202020202,0.035456606885178314,7.0,3.4658833230261803,0.052424847879393326
CSO-10-5A-MAOSMO-CorrEtiq.txt,200,84,199,32,34,1,2,7,84,79,4.738095238095238,0.04704532415375789,7.0,3.0943775100401605,0.08262601660710904
CSO-10-5A-MAOSMO-CorrEtiq.txt,200,95,199,27,30,0,3,6,95,94,4.189473684210526,0.037849944008958566,8.0,3.5106382978723403,0.06534962113909483
CSO-10-5A-RVMOIB-CorrEtiq.txt,200,97,199,21,22,1,1,6,97,95,4.103092783505154,0.037800687285223365,6.0,3.1797680412371134,0.08707599926520483
CSO-10-5A-RVMOIB-CorrEtiq.txt,200,89,199,32,34,0,2,11,89,89,4.47191011235955,0.042134831460674156,7.0,3.2568947906026557,0.12599516588280632
CSO-10-5A-RVMOIB-CorrEtiq.txt,200,92,199,23,28,1,5,14,92,92,4.326086956521739,0.040611562350692784,7.0,3.169851887243192,0.06681007611314517
CSO-10-5A-SVHEES-CorrEtiq.txt,200,91,199,20,21,6,2,15,91,90,4.373626373626373,0.042002442002442006,6.0,3.1313797313797314,0.14446489197287596
CSO-10-5A-SVHEES-CorrEtiq.txt,200,80,199,31,34,6,3,12,80,79,4.975,0.05031645569620253,5.0,2.8164556962025316,0.1658908371040724
CSO-10-5A-SVHEES-CorrEtiq.txt,200,72,199,47,52,4,6,18,72,72,5.527777777777778,0.05594679186228482,4.0,2.7124413145539905,0.17450727349182726
CSO-11-5A-MDVOSPE-CorrEtiq.txt,200,87,197,34,36,2,2,10,87,87,4.528735632183908,0.042502004811547714,7.0,3.116279069767442,0.15409930824150958
CSO-11-5A-MDVOSPE-CorrEtiq.txt,200,75,197,41,44,1,3,16,75,75,5.253333333333333,0.05477477477477478,5.0,2.887207207207207,0.14664895453130747
CSO-11-5A-MTAGA-CorrEtiq.txt,200,99,199,23,27,4,4,7,99,98,4.02020202020202,0.03463203463203463,8.0,3.5922490208204496,0.054566589415074265
CSO-11-5A-MTAGA-CorrEtiq.txt,200,83,199,32,37,3,5,7,83,82,4.795180722891566,0.0467234792829856,6.0,3.077284748751102,0.08824275968145565
CSO-11-6A-CAPAMU-CorrEtiq.txt,200,105,189,18,19,3,1,6,101,94,3.6,0.030586080586080585,10.0,3.813069306930693,0.052960557960557965
CSO-11-6A-CAPAMU-CorrEtiq.txt,200,92,191,29,30,2,1,8,90,84,4.1521739130434785,0.03798375537505972,10.0,3.4741573033707867,0.09163179815353727
CSO-11-6A-CAPAMU-CorrEtiq.txt,200,89,195,26,27,2,1,16,88,85,4.382022471910112,0.042390194075587334,6.0,3.021421107628004,0.1754442223708582
CSO-11-6A-DSCACH-CorrEtiq.txt,200,99,199,22,23,1,1,7,99,98,4.02020202020202,0.03607503607503607,6.0,3.3215831787260357,0.05893413050275794
CSO-11-6A-EROMO-CorrEtiq.txt,200,90,199,33,43,0,10,8,90,90,4.4222222222222225,0.03895131086142322,6.0,3.2222222222222223,0.08516838368287644
CSO-11-6A-FSOVRE-CorrEtiq.txt,200,87,195,34,42,3,8,5,86,82,4.482758620689655,0.040096230954290296,7.0,3.2538987688098495,0.057964143511810846
CSO-11-6A-FSOVRE-CorrEtiq.txt,200,75,199,45,48,2,3,12,75,74,5.306666666666667,0.05369369369369369,6.0,3.0118918918918918,0.14006867206867207
CSO-11-6A-FSOVRE-CorrEtiq.txt,200,73,199,46,52,1,6,20,73,69,5.4520547945205475,0.05555555555555555,7.0,2.878614916286149,0.24140528291891794
CSO-11-6B-ANREVA-CorrEtiq.txt,200,94,199,28,32,1,4,14,94,94,4.23404255319149,0.037977579501258296,7.0,3.318233813772592,0.11265806092355583
CSO-11-6B-ANREVA-CorrEtiq.txt,200,82,199,38,41,2,3,13,82,82,4.853658536585366,0.04697380307136405,6.0,2.9572417946401686,0.17075546404814698
CSO-11-6B-DISEMO-CorrEtiq.txt,200,96,189,25,30,0,5,8,94,87,3.9375,0.034868421052631576,8.0,3.528940745824754,0.06602419571169571
CSO-11-6B-LHFDLACH-CorrEtiq.txt,200,94,195,32,36,4,4,4,94,92,4.148936170212766,0.03546099290780142,7.0,3.577671013498055,0.052090816984434005
CSO-11-6B-LHFDLACH-CorrEtiq.txt,200,91,195,29,37,3,8,9,91,89,4.285714285714286,0.03785103785103785,7.0,3.368986568986569,0.0907506669797011
CSO-11-6B-LHFDLACH-CorrEtiq.txt,200,91,199,33,39,1,6,10,91,90,4.373626373626373,0.03882783882783883,7.0,3.311355311355311,0.07963003180394485
CSO-11-6B-RJGIHE-CorrEtiq.txt,200,92,199,19,23,3,4,19,92,92,4.326086956521739,0.041328236980410896,6.0,2.9930721452460585,0.1856232621433512
CSO-11-6B-RJGIHE-CorrEtiq.txt,200,84,199,30,33,3,3,22,84,83,4.738095238095238,0.04675846242111302,6.0,2.908777969018933,0.26065508352374717
CSO-11-6B-SFLVA-CorrEtiq.txt,200,86,199,28,31,7,5,16,86,86,4.627906976744186,0.04404924760601915,6.0,3.1299589603283176,0.16973934987740877
CSO-11-6B-SFLVA-CorrEtiq.txt,200,76,199,45,51,9,8,12,76,75,5.2368421052631575,0.048771929824561404,6.0,3.071578947368421,0.1769253962457075
CSO-11-6B-VCOMA-CorrEtiq.txt,200,99,199,26,30,3,5,5,99,99,4.02020202020202,0.03421974850546279,7.0,3.4285714285714284,0.07815496050790169
CSO-11-6B-VCOMA-CorrEtiq.txt,200,93,199,29,32,0,3,12,93,93,4.279569892473118,0.03903693314633006,6.0,3.0958391771856006,0.13722415577254285
CSO-12-6A-DGISE-CorrEtiq.txt,200,94,199,26,26,10,4,8,94,94,4.23404255319149,0.03729123770304278,7.0,3.3633035918554106,0.07255918882952676
CSO-12-6A-FJOVRE-CorrEtiq.txt,200,87,195,23,28,4,5,14,86,80,4.482758620689655,0.043571237636995455,6.0,2.9671682626538987,0.10426761407064598
CSO-12-6A-FJOVRE-CorrEtiq.txt,200,91,195,29,33,2,4,16,90,85,4.285714285714286,0.03907203907203907,7.0,3.1001248439450686,0.16995081059846553
CSO-12-6B-GQULO-CorrEtiq.txt,200,87,199,20,24,9,4,7,87,87,4.574712643678161,0.04437316225608126,6.0,3.152900294039027,0.08210883020320406
CSO-12-6B-GQULO-CorrEtiq.txt,200,81,199,40,47,5,7,10,81,80,4.91358024691358,0.04537037037037037,7.0,3.1762345679012345,0.11863431493061123
CSO-12-6B-LJHEFE-CorrEtiq.txt,200,99,199,13,17,3,4,7,99,99,4.02020202020202,0.036899608328179755,6.0,3.303442589156875,0.09890738064581765
CSO-12-6B-LJHEFE-CorrEtiq.txt,200,97,199,16,22,3,6,10,97,97,4.103092783505154,0.037371134020618556,6.0,3.1868556701030926,0.10779817821503165
CSO-12-6B-LJHEFE-CorrEtiq.txt,200,88,199,32,38,2,6,11,88,85,4.5227272727272725,0.041536050156739814,8.0,3.311912225705329,0.14672442456533363
CSO-12-6B-VPAMA-CorrEtiq.txt,200,70,175,47,49,2,2,13,68,59,5.0,0.05134575569358178,7.0,3.1681299385425814,0.11702092258814947
CSO-12-7A-DALRE-CorrEtiq.txt,200,76,195,40,45,3,5,15,76,76,5.131578947368421,0.05157894736842105,7.0,3.1733333333333333,0.12958754351943208
CSO-12-7A-DALRE-CorrEtiq.txt,200,78,197,45,51,4,6,12,78,75,5.051282051282051,0.04728604728604729,6.0,3.1195471195471196,0.13167612114980537
CSO-12-7A-DALRE-CorrEtiq.txt,200,77,199,49,52,3,3,11,77,77,5.1688311688311686,0.04921394395078606,5.0,3.0023923444976077,0.15969417534694363
CSO-12-7A-DALRE-CorrEtiq.txt,200,74,199,56,56,6,3,14,74,71,5.378378378378378,0.050721954831543875,6.0,3.03517215845983,0.22871018660492343
CSO-12-7A-ESALA-CorrEtiq.txt,200,81,199,39,42,0,3,13,81,81,4.91358024691358,0.04845679012345679,6.0,2.918827160493827,0.12984258539814095
CSO-12-7A-IMERO-CorrEtiq.txt,200,92,199,25,30,4,5,9,92,87,4.326086956521739,0.039417104634495936,9.0,3.5353559483994266,0.07632926358949377
CSO-12-7A-IMERO-CorrEtiq.txt,200,88,199,28,33,4,5,12,88,87,4.5227272727272725,0.04231974921630094,7.0,3.3038140020898643,0.1340083143689863
CSO-12-7A-IMERO-CorrEtiq.txt,200,90,199,25,32,3,7,11,90,90,4.4222222222222225,0.04094881398252185,8.0,3.2771535580524342,0.1263054120897258
CSO-12-7A-IMERO-CorrEtiq.txt,200,93,199,27,35,1,8,8,93,92,4.279569892473118,0.03810191678354371,7.0,3.344787283777466,0.0800865800865801
CSO-12-7A-IMERO-CorrEtiq.txt,200,94,199,33,38,0,5,7,94,92,4.23404255319149,0.03683367650423244,7.0,3.4289636238846946,0.08282243468496021
CSO-12-7A-JHEZA-CorrEtiq.txt,200,98,191,25,28,4,3,7,96,91,3.8979591836734695,0.03345255628024406,8.0,3.5962719298245616,0.07503698449076601
CSO-12-7A-LSARAR-CorrEtiq.txt,200,82,199,42,48,0,6,14,82,82,4.853658536585366,0.04546823246010238,6.0,3.0412526347485698,0.1761111071926219
CSO-12-7A-SCAHO-CorrEtiq.txt,200,94,199,31,36,0,5,11,94,94,4.23404255319149,0.03729123770304278,10.0,3.562342713337909,0.09962652129505435
CSO-12-7A-SCAHO-CorrEtiq.txt,200,89,199,38,44,1,6,9,89,89,4.47191011235955,0.03932584269662921,8.0,3.4193054136874363,0.08123763876572866
CSO-12-7B-DVAGRO-CorrEtiq.txt,200,100,199,24,29,4,6,8,100,98,3.98,0.033535353535353536,7.0,3.637777777777778,0.052269364622305796
CSO-12-7B-DVAGRO-CorrEtiq.txt,200,91,199,30,34,4,4,11,91,91,4.373626373626373,0.039316239316239315,7.0,3.2105006105006106,0.09521709378374452
CSO-12-7B-SMUGU-CorrEtiq.txt,200,82,199,32,34,2,2,11,82,82,4.853658536585366,0.04908160192713038,6.0,2.9867509786208974,0.11578193059258528
CSO-12-7B-SSARA-CorrEtiq.txt,200,106,199,16,19,4,3,2,106,104,3.7547169811320753,0.031626235399820304,9.0,3.6028751123090745,0.0367931334912467
CSO-12-7B-SSARA-CorrEtiq.txt,200,92,199,28,30,4,3,10,92,88,4.326086956521739,0.039417104634495936,9.0,3.429049211657907,0.03222984744723875
CSO-12-7B-VHOMA-CorrEtiq.txt,200,94,199,25,28,2,3,9,94,94,4.23404255319149,0.038663921299473804,8.0,3.3404255319148937,0.1300897093450285
CSO-12-7B-VHOMA-CorrEtiq.txt,200,97,199,30,31,1,1,6,97,97,4.103092783505154,0.035867697594501716,7.0,3.2953178694158076,0.09811900850808004
CSO-12-7B-VHOMA-CorrEtiq.txt,200,112,199,19,18,5,1,4,112,109,3.5535714285714284,0.028314028314028315,8.0,3.819980694980695,0.05376302764695622
CSO-12-7B-VHOMA-CorrEtiq.txt,200,115,199,16,18,5,4,7,115,113,3.4608695652173913,0.02684973302822273,8.0,3.931197559115179,0.06900091667355093
CSO-12-8A-YTOME-CorrEtiq.txt,200,81,199,35,38,0,3,18,81,81,4.91358024691358,0.04969135802469136,6.0,3.0453703703703705,0.1900955012066123
CSO-13-6A-ANASA-CorrEtiq.txt,200,101,199,20,23,1,3,5,101,101,3.9405940594059405,0.034653465346534656,7.0,3.4055445544554455,0.04124983203930573
CSO-13-6A-ANASA-CorrEtiq.txt,200,104,199,28,32,1,4,2,104,104,3.826923076923077,0.0309932785660941,7.0,3.697162061239731,0.025156360733283808
CSO-13-6A-ANASA-CorrEtiq.txt,200,93,199,33,41,0,8,6,93,92,4.279569892473118,0.03693314633006078,7.0,3.380551659654044,0.06495989076634237
CSO-13-6A-ANASA-CorrEtiq.txt,200,85,199,40,46,0,6,9,85,84,4.682352941176471,0.04285714285714286,7.0,3.16078431372549,0.09390506648292116
CSO-13-6A-ANASA-CorrEtiq.txt,200,93,199,33,37,1,4,5,93,92,4.279569892473118,0.03763440860215054,7.0,3.3319308087891537,0.08126300223074416
CSO-13-6A-ANASA-CorrEtiq.txt,200,97,199,26,31,1,5,4,97,97,4.103092783505154,0.035867697594501716,8.0,3.5146048109965635,0.05989940757981995
CSO-13-6B-JETAVE-CorrEtiq.txt,200,92,199,30,32,0,2,14,92,92,4.326086956521739,0.03989488772097468,7.0,3.2539417104634496,0.09956486217675477
CSO-13-6B-JETAVE-CorrEtiq.txt,200,80,199,45,48,0,3,15,80,78,4.975,0.047784810126582276,6.0,2.9424050632911394,0.17139766483516486
CSO-13-6B-JETAVE-CorrEtiq.txt,200,78,199,50,51,2,2,16,78,76,5.102564102564102,0.048618048618048616,6.0,2.9333999333999334,0.19119207801658078
CSO-13-6B-JETAVE-CorrEtiq.txt,200,72,199,57,60,2,4,14,72,70,5.527777777777778,0.05359937402190924,6.0,2.893192488262911,0.18845665941680434
CSO-13-6B-LFMIES-CorrEtiq.txt,200,91,195,32,36,3,4,12,85,84,4.285714285714286,0.0380952380952381,9.0,3.2403361344537815,0.14053576065534695
CSO-13-6B-LJMAHU-CorrEtiq.txt,200,92,189,29,35,0,6,6,91,86,4.108695652173913,0.03678929765886288,7.0,3.2805860805860805,0.08332521414362846
CSO-13-6B-LJMAHU-CorrEtiq.txt,200,64,193,79,84,0,5,3,64,64,6.03125,0.05406746031746032,6.0,3.0863095238095237,0.05204326923076923
CSO-13-7A-CAPAMU-CorrEtiq.txt,200,89,197,26,33,5,8,7,89,89,4.426966292134831,0.040602655771195095,8.0,3.4070480081716035,0.08966535960917985
CSO-13-7A-CAPAMU-CorrEtiq.txt,200,92,197,27,34,5,7,9,92,89,4.282608695652174,0.03774486383182035,7.0,3.4548494983277593,0.10353384538167144
CSO-13-7A-CAPAMU-CorrEtiq.txt,200,87,195,34,42,6,8,6,87,85,4.482758620689655,0.03929430633520449,7.0,3.5143009890403634,0.049326599326599316
CSO-13-7A-CAPAMU-CorrEtiq.txt,200,86,195,32,39,2,7,9,86,83,4.534883720930233,0.04213406292749658,7.0,3.3422708618331054,0.09282581713372266
CSO-13-7A-CDDITR-CorrEtiq.txt,200,92,199,27,28,1,1,11,92,92,4.326086956521739,0.040611562350692784,7.0,3.3165312947921644,0.1003865853601686
CSO-13-7A-JJATFL-CorrEtiq.txt,200,93,199,30,35,1,5,10,93,93,4.279569892473118,0.03810191678354371,6.0,3.0535296867695183,0.11218308274759888
CSO-13-7A-KRAMA-CorrEtiq.txt,200,83,199,33,37,3,4,10,83,83,4.795180722891566,0.0467234792829856,7.0,3.114898618865707,0.11485558696756427
CSO-13-7A-RXCHLU-CorrEtiq.txt,200,84,199,25,29,0,4,17,84,84,4.738095238095238,0.04876649454962708,5.0,2.8350545037292023,0.2033912874294679
CSO-13-7A-YAMEZA-CorrEtiq.txt,200,89,199,25,32,1,7,15,89,89,4.47191011235955,0.042390194075587334,7.0,3.225229826353422,0.11489877164034468
CSO-13-7A-YAMEZA-CorrEtiq.txt,200,87,199,36,39,1,3,9,87,85,4.574712643678161,0.042502004811547714,7.0,3.1456829724672546,0.09548497479531963
CSO-13-7A-YAMEZA-CorrEtiq.txt,200,90,199,27,29,1,2,9,90,90,4.4222222222222225,0.04219725343320849,6.0,3.0192259675405744,0.10051109384442718
CSO-13-7A-YAMEZA-CorrEtiq.txt,200,93,199,22,27,4,6,9,93,92,4.279569892473118,0.03927068723702665,6.0,3.1736792893875645,0.09383394902328983
CSO-13-7A-YAMEZA-CorrEtiq.txt,200,84,199,38,43,5,6,12,84,83,4.738095238095238,0.04331612162937464,7.0,3.1749856569133676,0.13265621063240113
CSO-13-7A-YBOSO-CorrEtiq.txt,200,90,173,30,33,3,3,7,86,60,3.8444444444444446,0.034207240948813986,12.0,3.886456908344733,0.09966992721378687
CSO-13-8A-KIGAGU-CorrEtiq.txt,200,79,199,39,42,10,5,7,79,79,5.037974683544304,0.04771178188899708,6.0,3.0642648490749758,0.10818481592867295
CSO-13-8A-MBUAN-CorrEtiq.txt,200,103,195,27,31,3,4,4,101,101,3.7864077669902914,0.030649152865029505,8.0,3.8,0.06803611706524328
CSO-13-8A-MBUAN-CorrEtiq.txt,200,90,199,26,30,4,5,8,90,89,4.4222222222222225,0.04119850187265917,7.0,3.4634207240948816,0.05494234160900829
CSO-13-8A-MBUAN-CorrEtiq.txt,200,78,199,39,43,3,5,8,78,74,5.102564102564102,0.05094905094905095,7.0,3.179154179154179,0.08538263730571423
CSO-13-8A-MBUAN-CorrEtiq.txt,200,87,199,31,35,1,4,5,87,87,4.574712643678161,0.043571237636995455,8.0,3.282010157711842,0.07037963538977737
CSO-13-8A-MGAAN-CorrEtiq.txt,200,97,199,23,28,2,5,6,97,97,4.103092783505154,0.03629725085910653,6.0,3.2686855670103094,0.08667020096674434
CSO-13-8A-MGAAN-CorrEtiq.txt,200,96,199,31,39,1,8,6,96,96,4.145833333333333,0.034868421052631576,7.0,3.3666666666666667,0.08128358909608908
CSO-13-8A-MGAHE-CorrEtiq.txt,200,94,199,28,30,2,2,4,94,94,4.23404255319149,0.038206360100663465,6.0,3.2367879203843515,0.027738564800517243
CSO-13-8A-MGAHE-CorrEtiq.txt,200,86,199,30,30,1,0,9,86,86,4.627906976744186,0.04596443228454172,6.0,3.124487004103967,0.0994050845795032
CSO-13-8A-MGAHE-CorrEtiq.txt,200,83,199,31,32,2,1,15,83,83,4.795180722891566,0.0484866294446077,6.0,2.9961798413164855,0.12269441913311507
CSO-13-8A-MJAGA-CorrEtiq.txt,200,76,199,44,45,11,8,12,76,76,5.2368421052631575,0.05017543859649123,6.0,2.98,0.12081032787302136
CSO-13-8A-MJAGA-CorrEtiq.txt,200,81,199,37,36,12,6,17,81,81,4.91358024691358,0.04660493827160494,6.0,2.9975308641975307,0.1439107978874061
CSO-13-8A-VHODU-CorrEtiq.txt,200,87,199,25,31,3,6,12,87,87,4.574712643678161,0.044105854049719326,6.0,3.0649558941459505,0.1405145429085858
CSO-13-8A-VHODU-CorrEtiq.txt,200,88,199,28,33,2,5,16,88,87,4.5227272727272725,0.042842215256008356,8.0,3.090909090909091,0.18158270158019296
CSO-13-8A-VHODU-CorrEtiq.txt,200,85,199,29,33,2,4,15,85,85,4.682352941176471,0.04593837535014006,6.0,2.9535014005602243,0.19380978704817714
CSO-13-8B-FCJISA-CorrEtiq.txt,200,94,199,30,34,0,4,9,94,92,4.23404255319149,0.03774879890185312,8.0,3.3283001601464197,0.08997089274162588
CSO-13-8B-JEMABE-CorrEtiq.txt,200,81,191,43,46,3,3,6,78,75,4.716049382716049,0.043827160493827164,7.0,3.155844155844156,0.10609678185930908
CSO-13-8B-JEMABE-CorrEtiq.txt,200,78,195,53,55,2,3,11,77,73,5.0,0.04595404595404595,7.0,3.050580997949419,0.16924491909408954
CSO-13-9B-DMLLLU-CorrEtiq.txt,200,82,199,37,40,3,3,16,82,82,4.853658536585366,0.04697380307136405,6.0,2.984643179765131,0.14523379883931317
CSO-14-7B-EALHU-CorrEtiq.txt,200,87,199,33,37,0,4,12,87,86,4.574712643678161,0.04330392943063352,6.0,3.2483293237102377,0.147321613853054
CSO-14-7B-EALHU-CorrEtiq.txt,200,86,199,41,44,1,3,11,86,86,4.627906976744186,0.04213406292749658,6.0,3.0974008207934336,0.09784329175916044
CSO-14-7B-EVEGO-CorrEtiq.txt,200,96,199,23,27,1,4,5,96,96,4.145833333333333,0.0375,9.0,3.5210526315789474,0.10026405885780887
CSO-14-7B-EVEGO-CorrEtiq.txt,200,96,199,29,33,0,4,10,96,96,4.145833333333333,0.03640350877192983,7.0,3.451973684210526,0.08583875615125613
CSO-14-7B-EVEGO-CorrEtiq.txt,200,99,199,30,32,0,2,9,99,99,4.02020202020202,0.034425891568748715,6.0,3.4864976293547723,0.09206080705283257
CSO-14-7B-EVEGO-CorrEtiq.txt,200,99,199,31,34,0,3,8,99,99,4.02020202020202,0.034013605442176874,8.0,3.5528756957328387,0.084141199160962
CSO-14-7B-EVEGO-CorrEtiq.txt,200,94,199,35,40,0,5,11,94,93,4.23404255319149,0.0363761153054221,7.0,3.3900709219858154,0.14630504039139833
CSO-14-7B-EVEGO-CorrEtiq.txt,200,92,199,22,26,0,4,10,92,92,4.326086956521739,0.041328236980410896,7.0,3.2312470138557097,0.11539122109774284
CSO-14-7B-EVEGO-CorrEtiq.txt,200,95,199,25,30,1,5,6,95,94,4.189473684210526,0.037625979843225084,9.0,3.465845464725644,0.08408261913525071
CSO-14-7B-EVEGO-CorrEtiq.txt,200,86,199,37,41,2,4,14,86,85,4.627906976744186,0.0426812585499316,6.0,3.0508891928864568,0.15844592555946863
CSO-14-8A-AQUMA-CorrEtiq.txt,200,84,199,23,29,1,6,15,84,83,4.738095238095238,0.04847963281698221,6.0,2.8396442914515205,0.16282305718672369
CSO-14-8A-MCIDOS-CorrEtiq.txt,200,84,183,31,35,2,5,17,79,72,4.357142857142857,0.04188181296615032,7.0,3.2239532619279454,0.10079847401275971
CSO-14-8A-MCIDOS-CorrEtiq.txt,200,86,191,40,42,1,2,11,82,76,4.441860465116279,0.04049247606019152,7.0,3.185185185185185,0.09376584807501362
CSO-14-8A-SZARA-CorrEtiq.txt,200,92,199,24,31,5,7,9,92,90,4.326086956521739,0.0389393215480172,7.0,3.2687529861442903,0.0517533191446235
CSO-14-8A-SZARA-CorrEtiq.txt,200,84,199,34,38,6,5,9,84,84,4.738095238095238,0.0444635685599541,6.0,3.1075731497418246,0.09925414475103918
CSO-14-8B-JLLORA-CorrEtiq.txt,200,88,199,34,38,2,4,12,88,87,4.5227272727272725,0.041536050156739814,7.0,3.229623824451411,0.12375538967943274
CSO-14-8B-JLLORA-CorrEtiq.txt,200,90,199,30,32,4,3,20,90,86,4.4222222222222225,0.04069912609238452,9.0,3.111860174781523,0.16256868851313297
CSO-14-9A-AEDCAGO-CorrEtiq.txt,200,102,195,15,21,1,6,7,101,97,3.823529411764706,0.033585711512327705,7.0,3.4433663366336633,0.0725412691243141
CSO-14-9A-AEDCAGO-CorrEtiq.txt,200,101,197,17,25,3,8,6,101,98,3.900990099009901,0.03346534653465347,8.0,3.5285148514851485,0.08048933725067127
CSO-14-9A-AEDCAGO-CorrEtiq.txt,200,99,199,23,27,3,4,16,99,98,4.02020202020202,0.03483817769532055,7.0,3.416821273964131,0.1064331505953609
CSO-14-9A-HASACA-CorrEtiq.txt,200,90,199,28,34,1,6,7,90,90,4.4222222222222225,0.04094881398252185,6.0,3.1318352059925094,0.07240908873261814
CSO-14-9A-JSMAAL-CorrEtiq.txt,200,92,197,27,30,7,5,11,92,89,4.282608695652174,0.038222646918299095,7.0,3.3884376493072144,0.162390417553461
CSO-14-9A-JSMAAL-CorrEtiq.txt,200,87,197,34,37,6,5,12,87,86,4.528735632183908,0.04116546377973804,8.0,3.3156909917134456,0.1617410820677608
CSO-14-9A-JSMAAL-CorrEtiq.txt,200,88,199,31,35,2,4,18,88,85,4.5227272727272725,0.04231974921630094,7.0,3.148380355276907,0.2313817874011189
CSO-14-9A-MARJA-CorrEtiq.txt,200,92,199,28,32,0,4,16,92,91,4.326086956521739,0.03989488772097468,8.0,3.347348303870043,0.13348264587075329
CSO-14-9A-MARJA-CorrEtiq.txt,200,89,199,32,34,0,2,15,89,88,4.47191011235955,0.042134831460674156,7.0,3.289070480081716,0.13823968496803926
CSO-14-9A-SORZU-CorrEtiq.txt,200,96,189,27,31,3,4,10,92,88,3.9375,0.03399122807017544,8.0,3.650740563784042,0.08187003968253968
CSO-14-9A-SORZU-CorrEtiq.txt,200,84,197,32,39,5,8,21,84,84,4.690476190476191,0.04388984509466437,6.0,3.0717154331612164,0.1615008550346896
CSO-14-9B-ERAGA-CorrEtiq.txt,200,71,199,39,48,2,9,17,71,71,5.605633802816901,0.05995975855130785,6.0,2.7674044265593563,0.1587904632333678
CSO-14-9B-ERAGA-CorrEtiq.txt,200,74,195,32,40,4,8,15,73,70,5.27027027027027,0.055905220288781934,6.0,2.895357686453577,0.19202982144158612
CSO-14-9B-MFEGA-CorrEtiq.txt,200,84,199,33,37,7,7,14,84,83,4.738095238095238,0.0444635685599541,6.0,3.17039586919105,0.12937311288151623
CSO-15-10A-LJRAGU-CorrEtiq.txt,200,87,193,31,34,1,3,6,87,86,4.436781609195402,0.04223469660518578,7.0,3.2870890136327184,0.09997513755120246
CSO-15-10A-LJRAGU-CorrEtiq.txt,200,88,197,33,36,1,3,14,88,87,4.4772727272727275,0.04179728317659352,7.0,3.0734064785788924,0.16440045768254324
CSO-15-10A-LJRAGU-CorrEtiq.txt,200,84,197,40,42,0,2,22,84,82,4.690476190476191,0.0444635685599541,6.0,3.0880665519219734,0.15431509484304518
CSO-15-10A-LJRAGU-CorrEtiq.txt,200,75,197,50,51,0,1,19,75,74,5.253333333333333,0.05261261261261261,6.0,2.9445045045045046,0.2246461534108593
CSO-15-10A-MAARLO-CorrEtiq.txt,200,88,197,23,26,4,4,17,88,85,4.4772727272727275,0.04362591431556949,7.0,3.043887147335423,0.1748857310794406
CSO-15-10A-MAARLO-CorrEtiq.txt,200,84,195,26,30,3,4,14,84,82,4.642857142857143,0.04647160068846816,7.0,3.0608146873207116,0.15705817680607592
CSO-15-10A-SFEGA-CorrEtiq.txt,200,80,191,42,49,2,7,9,78,76,4.775,0.04430379746835443,5.0,3.125874125874126,0.08488400488400488
CSO-15-10B-MEBUAR-CorrEtiq.txt,200,91,199,33,37,0,4,11,91,91,4.373626373626373,0.03956043956043956,7.0,3.2105006105006106,0.1497719501923993
CSO-15-10B-MEBUAR-CorrEtiq.txt,200,90,199,29,40,0,11,10,90,89,4.4222222222222225,0.039700374531835204,8.0,3.405992509363296,0.11010170076836745
CSO-15-10B-YVBUAN-CorrEtiq.txt,200,84,195,29,31,1,2,14,83,82,4.642857142857143,0.04675846242111302,6.0,3.0514252130473114,0.1393953541012365
CSO-15-10C-ALBAHO-CorrEtiq.txt,200,88,199,31,31,7,5,13,88,87,4.5227272727272725,0.04205851619644723,7.0,3.2701149425287355,0.0850656123630432
CSO-15-10C-ALBAHO-CorrEtiq.txt,200,82,199,33,39,4,7,9,82,82,4.853658536585366,0.04697380307136405,8.0,3.3107497741644085,0.0908268916933872
CSO-15-10C-SSCAMO-CorrEtiq.txt,200,88,199,33,41,3,8,8,88,88,4.5227272727272725,0.04049111807732497,8.0,3.244775339602926,0.10650225804232982
CSO-15-10C-SSCAMO-CorrEtiq.txt,200,86,199,36,44,2,8,9,86,85,4.627906976744186,0.04186046511627907,7.0,3.20766073871409,0.08471968068411298
CSO-15-11C-JETALO-CorrEtiq.txt,200,81,199,41,50,6,10,9,81,79,4.91358024691358,0.0441358024691358,7.0,3.1746913580246914,0.13042654110192237
CSO-15-11C-JETALO-CorrEtiq.txt,200,82,199,43,54,5,12,8,82,80,4.853658536585366,0.04215597711532671,6.0,3.1701294790725685,0.12955089705448383
CSO-15-11C-JETALO-CorrEtiq.txt,200,83,199,38,50,3,12,12,83,83,4.795180722891566,0.04290332059947106,6.0,3.1516309138995005,0.13659923553802472
CSO-15-11C-JETALO-CorrEtiq.txt,200,88,199,31,42,3,11,12,88,87,4.5227272727272725,0.040229885057471264,6.0,3.118599791013584,0.08559997637537745
CSO-15-8A-VBMABR-CorrEtiq.txt,200,85,199,33,38,0,5,12,85,84,4.682352941176471,0.045098039215686274,6.0,3.16890756302521,0.13386172822705328
CSO-15-8A-VBMABR-CorrEtiq.txt,200,87,199,29,33,0,4,12,87,86,4.574712643678161,0.04437316225608126,7.0,3.123229083132852,0.10634945495278487
CSO-15-8A-VBMABR-CorrEtiq.txt,200,82,199,43,49,1,6,11,82,80,4.853658536585366,0.044866004215597714,7.0,3.1153267088226437,0.11940670676089551
CSO-15-8A-VBMABR-CorrEtiq.txt,200,77,199,50,54,0,4,10,77,77,5.1688311688311686,0.04955570745044429,6.0,3.098086124401914,0.11137522396116742
CSO-15-8B-KEPOGO-CorrEtiq.txt,200,95,199,30,31,0,1,14,95,93,4.189473684210526,0.037625979843225084,9.0,3.571556550951848,0.10885187142804871
CSO-15-8B-KEPOGO-CorrEtiq.txt,200,103,199,19,19,1,0,11,103,103,3.8640776699029127,0.03407576622882163,8.0,3.470017133066819,0.08731128634041256
CSO-15-9B-ALRIHE-CorrEtiq.txt,200,92,199,30,31,3,1,13,92,91,4.326086956521739,0.039417104634495936,7.0,3.3356426182513137,0.1466162040499098
CSO-15-9B-ALRIHE-CorrEtiq.txt,200,93,199,26,30,4,4,9,93,93,4.279569892473118,0.038569424964936885,8.0,3.189107059373539,0.13035576962645684
CSO-15-9B-AMSAGO-CorrEtiq.txt,200,93,193,26,29,0,3,8,93,90,4.150537634408602,0.0383356708742403,7.0,3.4527816736792896,0.14731775182439316
CSO-15-9B-AMSAGO-CorrEtiq.txt,200,99,199,22,24,0,2,10,99,99,4.02020202020202,0.03607503607503607,8.0,3.4879406307977736,0.12661432282644403
CSO-15-9B-JCAPA-CorrEtiq.txt,200,87,199,29,31,2,2,12,87,87,4.574712643678161,0.04437316225608126,6.0,3.123229083132852,0.17239300492476536
CSO-15-9B-JCAPA-CorrEtiq.txt,200,87,199,28,31,3,3,14,87,86,4.574712643678161,0.044105854049719326,7.0,3.2451216252338946,0.13011488647764938
CSO-15-9B-KSBEJA-CorrEtiq.txt,200,75,199,38,45,5,7,12,75,75,5.306666666666667,0.05369369369369369,7.0,3.001801801801802,0.12526483017787365
CSO-15-9B-KSBEJA-CorrEtiq.txt,200,70,199,48,52,3,4,11,70,70,5.685714285714286,0.05962732919254658,6.0,2.7180124223602484,0.16596574060859776
CSO-15-9B-RMCHLU-CorrEtiq.txt,200,86,199,35,41,1,6,9,86,86,4.627906976744186,0.04295485636114911,7.0,3.0974008207934336,0.14888657873753994
CSO-15-9B-RMCHLU-CorrEtiq.txt,200,80,199,40,48,0,8,12,80,80,4.975,0.047784810126582276,5.0,2.855379746835443,0.15088820207570208
CSO-15-9B-SJAGRO-CorrEtiq.txt,200,107,199,16,23,0,7,3,107,105,3.7196261682242993,0.031035090812907777,7.0,3.616822429906542,0.05664862136824754
CSO-16-10A-JEGAHE-CorrEtiq.txt,200,82,199,37,41,1,4,7,82,81,4.853658536585366,0.04727491719361638,6.0,3.061126166817224,0.09733569276252203
CSO-16-10A-JEGAHE-CorrEtiq.txt,200,82,199,44,47,1,3,10,82,81,4.853658536585366,0.04546823246010238,7.0,3.212285456187895,0.16308672596334
CSO-16-10A-JEGAHE-CorrEtiq.txt,200,83,199,34,39,1,5,12,83,82,4.795180722891566,0.0467234792829856,7.0,3.068175139582721,0.1906071957808315
CSO-16-10A-JEGAHE-CorrEtiq.txt,200,91,199,28,34,1,6,9,91,91,4.373626373626373,0.04004884004884005,6.0,3.1394383394383394,0.11665544467742268
CSO-16-10A-MSACO-CorrEtiq.txt,200,99,199,16,19,1,3,12,99,98,4.02020202020202,0.036899608328179755,7.0,3.2626262626262625,0.0994722685312797
CSO-16-10A-MSACO-CorrEtiq.txt,200,99,199,20,20,1,0,13,99,98,4.02020202020202,0.03669346526489384,7.0,3.3088023088023086,0.11411114797924067
CSO-16-10A-SARI-CorrEtiq.txt,200,90,187,29,33,1,4,6,90,85,4.155555555555556,0.038202247191011236,6.0,3.335330836454432,0.06593964677298012
CSO-16-10A-SARI-CorrEtiq.txt,200,88,179,32,33,2,1,6,87,80,4.068181818181818,0.03761755485893417,6.0,3.3370756482224,0.0967205477232215
CSO-16-10A-SMOUT-CorrEtiq.txt,200,92,199,32,35,3,3,12,92,91,4.326086956521739,0.038461538461538464,7.0,3.4111323459149547,0.13397266984223508
CSO-16-10A-SMOUT-CorrEtiq.txt,200,89,199,36,38,4,2,14,89,89,4.47191011235955,0.040091930541368746,7.0,3.418539325842697,0.11479119030341768
CSO-16-10A-SMOUT-CorrEtiq.txt,200,88,199,29,36,4,7,14,88,88,4.5227272727272725,0.041536050156739814,7.0,3.3955067920585162,0.10774652978600349
CSO-16-10A-SMOUT-CorrEtiq.txt,200,95,199,23,29,3,6,8,95,94,4.189473684210526,0.0374020156774916,8.0,3.3957446808510636,0.06084810263098055
CSO-16-10A-YKMUJO-CorrEtiq.txt,200,88,199,27,31,4,4,10,88,88,4.5227272727272725,0.042842215256008356,6.0,3.018808777429467,0.10274020171747442
CSO-16-10B-LTVIFA-CorrEtiq.txt,200,121,199,10,12,0,2,4,121,121,3.2892561983471076,0.025757575757575757,8.0,3.8539944903581267,0.030597231293186058
CSO-16-10B-VVILI-CorrEtiq.txt,200,97,199,20,21,4,2,6,97,97,4.103092783505154,0.037371134020618556,7.0,3.437929553264605,0.04695819644273253
CSO-16-10B-VVILI-CorrEtiq.txt,200,95,199,28,31,2,3,9,95,92,4.189473684210526,0.03717805151175812,8.0,3.5634938409854424,0.07323880797565008
CSO-16-10B-VVILI-CorrEtiq.txt,200,90,199,26,34,1,8,11,90,90,4.4222222222222225,0.04094881398252185,6.0,3.18876404494382,0.13616418826350624
CSO-16-10C-ACALGU-CorrEtiq.txt,200,87,195,41,45,0,4,8,87,84,4.482758620689655,0.040096230954290296,7.0,3.3314621758887997,0.051468710089399745
CSO-16-10C-ACALGU-CorrEtiq.txt,200,88,191,33,38,0,5,6,88,81,4.340909090909091,0.039968652037617555,7.0,3.3521421107628004,0.07275900269321323
CSO-16-10C-ACALGU-CorrEtiq.txt,200,92,191,29,32,0,3,11,92,88,4.1521739130434785,0.03798375537505972,7.0,3.2926421404682276,0.08834747441726847
CSO-16-10C-MAVAVE-CorrEtiq.txt,200,96,199,18,22,2,4,7,96,95,4.145833333333333,0.03837719298245614,6.0,3.274780701754386,0.0665535563973064
CSO-16-10C-MAVAVE-CorrEtiq.txt,200,102,199,15,19,3,4,12,102,102,3.9019607843137254,0.0343622597553873,7.0,3.5138807998446904,0.06768182797594563
CSO-16-10C-MAVAVE-CorrEtiq.txt,200,87,199,25,28,3,3,18,87,87,4.574712643678161,0.04490777866880513,7.0,3.2742582197273458,0.12367303832821072
CSO-16-10C-MAVAVE-CorrEtiq.txt,200,90,199,25,30,1,5,12,90,88,4.4222222222222225,0.041947565543071164,6.0,3.1960049937578026,0.09214708675492989
CSO-16-11A-JAVABO-CorrEtiq.txt,200,97,199,30,31,2,1,8,97,97,4.103092783505154,0.03565292096219931,7.0,3.4405068728522337,0.09008331753855355
CSO-16-11A-JAVABO-CorrEtiq.txt,200,92,199,32,36,2,4,7,92,91,4.326086956521739,0.038461538461538464,7.0,3.3332537028189204,0.11335476454267679
CSO-16-11A-JAVABO-CorrEtiq.txt,200,96,199,26,29,4,4,12,96,95,4.145833333333333,0.03640350877192983,6.0,3.1521929824561403,0.16151467674219866
CSO-16-11A-JDMUVA-CorrEtiq.txt,200,98,199,28,32,1,4,9,98,95,4.061224489795919,0.03492531033031769,8.0,3.515463917525773,0.08584564379408632
CSO-16-11A-JDMUVA-CorrEtiq.txt,200,92,199,28,32,2,4,12,92,92,4.326086956521739,0.039417104634495936,7.0,3.1982799808886764,0.15740202986745616
CSO-16-11A-VZAOR-CorrEtiq.txt,200,110,195,15,16,3,2,8,109,106,3.5454545454545454,0.029357798165137616,8.0,3.6775399252463474,0.038670672761581856
CSO-16-11B-KRORE-CorrEtiq.txt,200,97,199,30,32,0,2,9,97,95,4.103092783505154,0.035867697594501716,6.0,3.355025773195876,0.08660282511101187
CSO-16-11B-LLOZA-CorrEtiq.txt,200,101,199,21,23,2,2,9,101,101,3.9405940594059405,0.03445544554455446,7.0,3.4732673267326732,0.09936581893483466
CSO-16-11B-LLOZA-CorrEtiq.txt,200,99,199,25,32,3,7,7,99,98,4.02020202020202,0.03380746237889095,7.0,3.3947639661925377,0.1039202103279409
CSO-16-11B-LLOZA-CorrEtiq.txt,200,89,195,27,33,1,6,10,88,86,4.382022471910112,0.04111338100102145,7.0,3.1538662486938347,0.0850562120555511
CSO-16-11B-LLOZA-CorrEtiq.txt,200,98,195,23,26,0,3,4,97,97,3.979591836734694,0.03555649063749211,7.0,3.3380584192439864,0.0386349401916155
CSO-16-11B-LLOZA-CorrEtiq.txt,200,93,199,29,31,2,2,8,93,93,4.279569892473118,0.03880317905563347,6.0,3.253623188405797,0.06100786205150532
CSO-16-11B-YAROMO-CorrEtiq.txt,200,99,199,19,28,3,10,5,99,99,4.02020202020202,0.03463203463203463,7.0,3.4924757781900637,0.06651720894145136
CSO-16-11B-YAROMO-CorrEtiq.txt,200,101,199,20,28,4,9,7,101,100,3.9405940594059405,0.03306930693069307,7.0,3.545148514851485,0.06336382336903441
CSO-16-9A-JALEMO-CorrEtiq.txt,200,101,199,16,23,1,7,6,101,100,3.9405940594059405,0.034653465346534656,7.0,3.4257425742574257,0.032450058192632456
CSO-16-9A-JALEMO-CorrEtiq.txt,200,89,199,22,28,1,6,16,89,89,4.47191011235955,0.04341164453524004,6.0,3.087078651685393,0.08824751534686483
CSO-16-9A-JPROSO-CorrEtiq.txt,200,108,199,24,28,4,4,4,108,108,3.685185185185185,0.028902734510211147,10.0,4.085323641398408,0.039139440201531706
CSO-16-9A-JSMAGU-CorrEtiq.txt,200,86,199,36,42,2,7,11,86,85,4.627906976744186,0.04240766073871409,6.0,3.086183310533516,0.11505444380021383
CSO-16-9A-JSMAGU-CorrEtiq.txt,200,87,199,35,38,1,3,11,87,87,4.574712643678161,0.04276931301790965,6.0,3.0398289227479283,0.14901411776658363
CSO-16-9B-SJPAJI-CorrEtiq.txt,200,87,199,26,28,2,2,9,87,86,4.574712643678161,0.04517508687516707,6.0,3.085805934242181,0.13228537745779123
CSO-16-9B-SJPAJI-CorrEtiq.txt,200,80,199,35,38,2,3,13,80,79,4.975,0.05031645569620253,6.0,3.0231012658227847,0.13155427905427908
CSO-16-9B-SJPAJI-CorrEtiq.txt,200,80,199,37,40,0,3,14,80,78,4.975,0.05031645569620253,6.0,2.8512658227848102,0.15034085479737652
CSO-17-10A-YVGOCA-CorrEtiq.txt,200,79,199,33,40,1,7,14,79,79,5.037974683544304,0.05128205128205128,7.0,3.0042194092827006,0.16227843690319688
CSO-17-10A-YVGOCA-CorrEtiq.txt,200,83,199,26,32,1,6,16,83,83,4.795180722891566,0.04878048780487805,6.0,2.9324125771378196,0.13210386746885683
CSO-17-10B-EHECO-CorrEtiq.txt,200,99,195,27,32,1,5,3,98,93,3.9393939393939394,0.03339517625231911,8.0,3.5009467704607617,0.05331606487906327
CSO-17-10B-EHECO-CorrEtiq.txt,200,96,199,25,27,1,2,5,96,92,4.145833333333333,0.0375,8.0,3.275877192982456,0.10436840458392183
CSO-17-10B-YCQUVE.txt,200,93,195,28,32,1,4,6,92,87,4.193548387096774,0.037868162692847124,8.0,3.589106545628285,0.07298860040795524
CSO-17-10B-YCQUVE.txt,200,85,197,34,44,0,10,10,84,82,4.635294117647059,0.04285714285714286,6.0,3.0966724039013194,0.12322208932935574
CSO-17-10B-YCQUVE.txt,200,76,197,38,48,1,10,10,75,73,5.184210526315789,0.051929824561403506,6.0,2.9517117117117118,0.16216595808008546
CSO-17-10B-YCQUVE.txt,200,80,199,37,41,1,4,14,80,79,4.975,0.04968354430379747,6.0,2.9965189873417724,0.11273769176729705
CSO-17-10B-YCQUVE.txt,200,87,199,37,39,1,2,7,87,87,4.574712643678161,0.042502004811547714,7.0,3.3210371558406844,0.05202261865547869
CSO-17-11A-DJAPA-CorrEtiq.txt,200,89,197,19,21,1,2,7,89,89,4.426966292134831,0.04468845760980592,6.0,3.1567926455566906,0.12108347333066433
CSO-17-11A-DJAPA-CorrEtiq.txt,200,94,197,26,29,1,3,4,93,91,4.191489361702128,0.038206360100663465,7.0,3.246376811594203,0.06383783265823316
CSO-17-11A-DJAPA-CorrEtiq.txt,200,88,199,30,37,1,7,8,88,88,4.5227272727272725,0.04205851619644723,7.0,3.1713688610240336,0.0911267709563164
CSO-17-11A-DJAPA-CorrEtiq.txt,200,79,199,38,46,1,8,16,79,79,5.037974683544304,0.04933463161311263,6.0,2.9646218760142813,0.143666345309325
CSO-17-11A-JDAMO-CorrEtiq.txt,200,87,199,27,28,0,1,5,87,87,4.574712643678161,0.04570970328789094,7.0,3.1218925421010426,0.058436136022342926
CSO-17-11A-JDAMO-CorrEtiq.txt,200,80,199,40,42,0,2,11,80,76,4.975,0.04968354430379747,8.0,3.1816455696202532,0.11010721712927593
CSO-17-11A-NPAHE-CorrEtiq.txt,200,93,199,28,30,0,2,3,93,93,4.279569892473118,0.03950444132772323,7.0,3.272791023842917,0.07629234564718435
CSO-17-11A-NPAHE-CorrEtiq.txt,200,89,199,39,44,1,5,7,89,85,4.47191011235955,0.03932584269662921,7.0,3.284218590398366,0.08976186710354811
CSO-17-11A-NPAHE-CorrEtiq.txt,200,89,199,32,38,1,6,13,89,89,4.47191011235955,0.04085801838610827,6.0,2.9731869254341166,0.17512944093305596
CSO-17-11A-RLPAIG-CorrEtiq.txt,200,97,199,21,25,5,5,6,97,97,4.103092783505154,0.03629725085910653,7.0,3.285438144329897,0.08647497977394884
CSO-17-11A-RLPAIG-CorrEtiq.txt,200,82,199,36,46,5,12,15,82,82,4.853658536585366,0.044564890093345376,6.0,3.010840108401084,0.20282731795795297
CSO-17-11A-RLPAIG-CorrEtiq.txt,200,80,199,40,49,4,10,12,80,78,4.975,0.046202531645569624,6.0,3.038607594936709,0.21366739641507443
CSO-17-11A-SPUVA-CorrEtiq.txt,200,82,199,37,40,2,3,14,82,82,4.853658536585366,0.04727491719361638,6.0,2.9686841312857575,0.20481064054485945
CSO-17-11A-SPUVA-CorrEtiq.txt,200,79,199,49,54,2,5,9,79,79,5.037974683544304,0.046413502109704644,6.0,2.974034404414151,0.15229809053926308
CSO-17-11B-CDBEBU-CorrEtiq.txt,200,98,199,23,26,1,3,18,98,98,4.061224489795919,0.036187670944666524,7.0,3.4079528718703975,0.16566493239425573
CSO-17-11B-CDBEBU-CorrEtiq.txt,200,93,199,29,34,2,5,10,93,93,4.279569892473118,0.03810191678354371,7.0,3.3195418419822347,0.15119241570854475
CSO-17-11C-JDAAG-CorrEtiq.txt,200,105,199,16,19,0,3,13,105,105,3.7904761904761903,0.03296703296703297,7.0,3.493772893772894,0.08456308397484867
CSO-17-11C-JDAAG-CorrEtiq.txt,200,96,199,24,27,0,3,11,96,95,4.145833333333333,0.037719298245614034,7.0,3.367763157894737,0.07659181096681097
CSO-17-11C-MAPAMA-CorrEtiq.txt,200,99,199,16,22,4,6,9,99,98,4.02020202020202,0.03566274994846423,6.0,3.315192743764172,0.09012113521917442
CSO-17-11C-MAPAMA-CorrEtiq.txt,200,87,199,30,36,3,6,19,87,87,4.574712643678161,0.04276931301790965,6.0,3.0398289227479283,0.13854857450138755
CSO-17-11C-MCAAG-CorrEtiq.txt,200,95,199,27,30,1,3,12,95,95,4.189473684210526,0.037625979843225084,7.0,3.3988801791713326,0.09700124436966542
CSO-17-11C-MCAAG-CorrEtiq.txt,200,96,199,21,27,1,6,8,96,94,4.145833333333333,0.0375,8.0,3.4366228070175437,0.07729024447774448
CSO-17-11C-MCAAG-CorrEtiq.txt,200,92,199,25,29,0,4,11,92,90,4.326086956521739,0.040611562350692784,7.0,3.190396559961777,0.04197515684088574
CSO-17-11C-MCAAG-CorrEtiq.txt,200,92,199,34,37,0,3,11,92,91,4.326086956521739,0.03870043000477783,6.0,3.2728141423793597,0.08627702547897056
CSO-17-11C-SARJA-CorrEtiq.txt,200,85,199,23,27,1,4,16,85,85,4.682352941176471,0.04789915966386555,6.0,3.0204481792717086,0.1187558980811576
CSO-18-11A-ADBAHO-CorrEtiq.txt,200,92,199,28,32,0,4,9,92,91,4.326086956521739,0.03989488772097468,6.0,3.1387959866220734,0.147453003447249
CSO-18-11A-ADBAHO-CorrEtiq.txt,200,101,199,16,20,0,4,15,101,101,3.9405940594059405,0.03544554455445544,6.0,3.1720792079207922,0.20881517946303527
CSO-18-11B-YLLRE-CorrEtiq.txt,200,98,199,28,33,0,5,12,98,98,4.061224489795919,0.03492531033031769,7.0,3.418472543656638,0.1001467253568094
CSO-18-11B-YLLRE-CorrEtiq.txt,200,101,199,30,34,0,4,8,101,100,3.9405940594059405,0.032673267326732675,10.0,3.646732673267327,0.0987131195343193
CSO-18-11B-YLLRE-CorrEtiq.txt,200,96,199,26,29,0,3,8,96,96,4.145833333333333,0.03728070175438596,7.0,3.3655701754385965,0.1069195272320272
CSO-18-9B-MAMOLO-CorrEtiq.txt,200,98,199,36,40,3,5,4,98,98,4.061224489795919,0.03282137597306964,9.0,3.738691352829792,0.04871404106097984
CSO-18-9B-MAMOLO-CorrEtiq.txt,200,105,199,31,34,7,4,5,105,103,3.7904761904761903,0.02893772893772894,10.0,4.29010989010989,0.04264825121967979
CSO-18-9B-MAMOLO-CorrEtiq.txt,200,95,199,34,37,6,3,7,95,95,4.189473684210526,0.03493840985442329,8.0,3.5283314669652857,0.06601953601953602
CSO-18-9B-MAMOLO-CorrEtiq.txt,200,88,199,44,48,3,4,7,88,87,4.5227272727272725,0.038662486938349006,7.0,3.2782131661442007,0.09944382711762391
CSO-18-9B-MAMOLO-CorrEtiq.txt,200,100,199,36,45,2,9,4,100,100,3.98,0.030707070707070707,9.0,3.897777777777778,0.0868809523809524
CSO-18-9B-MAMOLO-CorrEtiq.txt,200,97,199,33,38,3,5,6,97,97,4.103092783505154,0.033934707903780066,8.0,3.748496563573883,0.08045705726118098
CSO-18-9B-MAMOLO-CorrEtiq.txt,200,93,199,28,33,6,5,9,93,92,4.279569892473118,0.03740065451145395,8.0,3.384525479195886,0.06639276283488806
CSO-8-3A-AIPRBR-CorrEtiq.txt,200,84,199,27,32,3,5,16,84,84,4.738095238095238,0.04704532415375789,6.0,3.0123350545037293,0.13402297438011723
CSO-8-3A-AIPRBR-CorrEtiq.txt,200,76,199,44,46,5,2,16,76,76,5.2368421052631575,0.051929824561403506,6.0,2.9368421052631577,0.1715561961557385
CSO-8-3A-DAPAVA-CorrEtiq.txt,200,94,199,15,19,4,4,12,94,94,4.23404255319149,0.040265385495309995,7.0,3.3241821093571264,0.09854129322214428
CSO-8-3A-DAPAVA-CorrEtiq.txt,200,77,199,34,41,3,7,19,77,77,5.1688311688311686,0.05297334244702666,6.0,3.0454545454545454,0.13823687135375445
CSO-8-3A-DAPAVA-CorrEtiq.txt,200,78,199,40,51,2,11,17,78,78,5.102564102564102,0.048618048618048616,6.0,3.0895770895770895,0.09693426231887771
CSO-8-3A-DAPAVA-CorrEtiq.txt,200,78,199,40,48,6,11,15,78,78,5.102564102564102,0.04828504828504829,6.0,3.116883116883117,0.09391938503929453
CSO-8-3A-DAPAVA-CorrEtiq.txt,200,85,199,41,44,8,7,10,85,82,4.682352941176471,0.041176470588235294,7.0,3.373389355742297,0.12803367336239307
CSO-8-3A-KVPECO-CorrEtiq.txt,200,86,193,42,43,3,1,8,85,82,4.488372093023256,0.04021887824897401,7.0,3.17703081232493,0.13640192868467044
CSO-8-3A-KVPECO-CorrEtiq.txt,200,78,197,39,42,4,3,19,78,76,5.051282051282051,0.05028305028305028,6.0,2.82017982017982,0.21577309275273074
CSO-8-4A-ARAGR-CorrEtiq.txt,200,91,195,24,28,2,5,9,91,91,4.285714285714286,0.040293040293040296,6.0,3.31037851037851,0.06981354313287087
CSO-8-4A-JRAAR-CorrEtiq.txt,200,86,191,26,31,2,5,13,86,83,4.441860465116279,0.04322845417236662,6.0,2.897127222982216,0.14795308051122005
CSO-8-4A-JRAAR-CorrEtiq.txt,200,68,195,52,57,1,5,11,68,66,5.735294117647059,0.0601404741000878,5.0,2.665057067603161,0.16337088228956742
CSO-9-2A-EXMOCO-CorrEtiq.txt,200,88,191,36,40,2,4,10,87,81,4.340909090909091,0.038923719958202714,6.0,3.243250467789361,0.10078577468283348
CSO-9-2A-EXMOCO-CorrEtiq.txt,200,80,187,41,47,1,6,18,80,68,4.675,0.0439873417721519,10.0,3.3167721518987343,0.20017506663816728
CSO-9-4A-AGAPE-CorrEtiq.txt,200,88,199,29,35,1,6,8,88,88,4.5227272727272725,0.04258098223615465,6.0,3.1146812957157786,0.1043298706875262
CSO-9-4A-DKVIMO-CorrEtiq.txt,200,75,197,35,41,2,6,11,75,75,5.253333333333333,0.0554954954954955,5.0,2.721801801801802,0.16294408767473786
CSO-9-4A-DKVIMO-CorrEtiq.txt,200,75,199,42,45,1,3,11,75,74,5.306666666666667,0.055135135135135134,6.0,2.835315315315315,0.14801618379327355
CSO-9-4A-DSMOMU-CorrEtiq.txt,200,101,191,25,27,3,3,2,99,94,3.782178217821782,0.03188118811881188,8.0,3.7450010307153163,0.01755197497771755
CSO-9-4A-DSMOMU-CorrEtiq.txt,200,94,195,27,27,4,1,8,93,89,4.148936170212766,0.03752001830244795,8.0,3.418653576437588,0.0992454736196914
CSO-9-4A-DSMOMU-CorrEtiq.txt,200,100,199,18,20,4,3,12,100,97,3.98,0.03535353535353535,8.0,3.3886868686868685,0.14646006118064941
CSO-9-4A-DVGATO-CorrEtiq.txt,200,86,195,33,37,5,5,8,84,80,4.534883720930233,0.04186046511627907,7.0,3.1993689041881814,0.0824433449487449
CSO-9-4A-EGCAMO-CorrEtiq.txt,200,85,199,35,42,2,7,15,85,83,4.682352941176471,0.04341736694677871,7.0,3.1070028011204482,0.11655792573439633
CSO-9-4A-EGCAMO-CorrEtiq.txt,200,94,199,34,39,3,5,12,94,94,4.23404255319149,0.03591855410661176,7.0,3.326012354152368,0.12130561171549907
CSO-9-4A-FAGIGA-CorrEtiq.txt,200,83,181,21,27,4,6,9,81,77,4.36144578313253,0.044078754040552455,6.0,3.1555555555555554,0.12859762491229537
CSO-9-4A-GSBRCO-CorrEtiq.txt,200,73,199,44,43,10,3,16,73,73,5.4520547945205475,0.05555555555555555,6.0,3.023592085235921,0.14717534728349438
CSO-9-4A-GSBRCO-CorrEtiq.txt,200,68,199,53,52,10,3,17,68,67,5.852941176470588,0.0601404741000878,6.0,2.9354697102721685,0.1440531114406547
CSO-9-4A-GSBRCO-CorrEtiq.txt,200,72,199,53,58,3,5,17,72,71,5.527777777777778,0.0539906103286385,6.0,2.8470266040688577,0.1804277593751278
CSO-9-4A-KEMOCO-CorrEtiq.txt,200,81,199,37,40,3,4,14,81,80,4.91358024691358,0.04814814814814815,7.0,3.015432098765432,0.18611985529196856
CSO-9-4A-KEMOCO-CorrEtiq.txt,200,77,199,35,40,2,6,15,77,75,5.1688311688311686,0.05365686944634313,6.0,2.8803827751196174,0.1565421305761461
CSO-9-4A-LCOMO-CorrEtiq.txt,200,97,199,15,21,1,6,13,97,97,4.103092783505154,0.03801546391752577,7.0,3.309922680412371,0.09852890186425663
CSO-9-4A-LCOMO-CorrEtiq.txt,200,92,199,27,33,2,6,8,92,89,4.326086956521739,0.03917821309125657,8.0,3.45843287147635,0.07145740732697256
CSO-9-4A-MLORO-CorrEtiq.txt,200,79,199,36,38,2,2,16,79,79,5.037974683544304,0.05160662122687439,6.0,2.932489451476793,0.15316852779703632
CSO-9-4A-MPAME-CorrEtiq.txt,200,91,197,35,40,2,5,9,90,88,4.329670329670329,0.03785103785103785,7.0,3.1992509363295882,0.10653570262320644
CSO-9-4A-NSARPA-CorrEtiq.txt,200,94,195,28,34,2,6,10,93,91,4.148936170212766,0.0363761153054221,8.0,3.3489948574100046,0.06842466108571767
CSO-9-4A-NSARPA-CorrEtiq.txt,200,88,199,27,32,3,5,14,88,87,4.5227272727272725,0.042842215256008356,6.0,3.0794148380355275,0.12518718308712068
CSO-9-4A-SLOCA-CorrEtiq.txt,200,85,199,36,39,3,3,13,85,84,4.682352941176471,0.04397759103641457,6.0,3.1240896358543417,0.17412408369064714
CSO-9-4A-SLOCA-CorrEtiq.txt,200,86,199,42,45,2,3,18,86,82,4.627906976744186,0.04158686730506156,7.0,3.1835841313269495,0.22308298936205914
CSO-9-4A-YVDITR-CorrEtiq.txt,200,78,195,44,48,0,4,20,77,74,5.0,0.04895104895104895,7.0,3.1189336978810664,0.18975460436998898
CSO-9-4A-YVDITR-CorrEtiq.txt,200,74,199,62,66,0,4,15,74,74,5.378378378378378,0.04924102184376157,6.0,3.1088485746019994,0.1610228478649531
