file,wc,nodes,edges,re,pe,l1,l2,l3,lcc,lsc,atd,density,diameter,asp,cc
CDMS-10-4A-JURAN-CorrEtiq.txt,180,89,179,18,25,1,7,3,89,88,4.022471910112359,0.039070480081716034,7.0,3.367211440245148,0.059814841837313754
CDMS-10-4A-JURAN-CorrEtiq.txt,180,84,179,26,29,1,3,6,84,83,4.261904761904762,0.04274239816408491,6.0,3.151176133103844,0.06926638176638177
CDMS-10-5A-HEPIHO-CorrEtiq.txt,180,94,177,22,28,0,6,2,94,90,3.765957446808511,0.0340883093113704,8.0,3.5399222145962024,0.046938848758557604
CDMS-10-5A-HEPIHO-CorrEtiq.txt,180,90,175,18,21,0,3,7,88,87,3.888888888888889,0.03845193508114857,6.0,3.225444096133751,0.07045654962321629
CDMS-10-5A-HEPIHO-CorrEtiq.txt,180,77,175,26,28,0,2,16,74,73,4.545454545454546,0.050239234449760764,6.0,2.8793039614957423,0.1548672390516305
CDMS-10-5A-HEPIHO-CorrEtiq.txt,180,88,179,23,26,0,3,10,88,85,4.068181818181818,0.039968652037617555,8.0,3.284743991640543,0.11862533625859019
CDMS-10-5A-HEPIHO-CorrEtiq.txt,180,93,179,19,21,0,2,11,93,89,3.849462365591398,0.03693314633006078,7.0,3.4901823281907434,0.08889574126765777
CDMS-10-5A-KSRAGU-CorrEtiq.txt,180,82,179,22,26,3,4,7,82,80,4.365853658536586,0.045167118337850046,6.0,3.154170430593195,0.06589637845018045
CDMS-10-5A-SROPU-CorrEtiq.txt,180,82,179,34,38,3,6,3,82,82,4.365853658536586,0.04155374887082204,8.0,3.4083107497741643,0.07646352332507282
CDMS-10-5A-SZURO-CorrEtiq.txt,180,87,179,19,20,2,1,5,87,86,4.114942528735632,0.04196738839882384,7.0,3.351242983159583,0.07964889516613655
CDMS-10-5A-SZURO-CorrEtiq.txt,180,80,179,34,36,0,2,8,80,80,4.475,0.045253164556962024,9.0,3.616772151898734,0.09569083694083694
CDMS-10-5A-SZURO-CorrEtiq.txt,180,74,179,43,45,0,2,10,74,74,4.837837837837838,0.04961125509070714,6.0,3.089966679007775,0.10743610743610743
CDMS-10-5B-SRAJA-CorrEtiq.txt,180,84,179,23,26,1,3,13,84,84,4.261904761904762,0.04360298336201951,6.0,2.9793459552495696,0.1730111403303003
CDMS-10-5C-DAAUSA-CorrEtiq.txt,180,90,179,23,33,1,10,10,90,89,3.977777777777778,0.03620474406991261,8.0,3.4042446941323345,0.12534249462268038
CDMS-10-5C-DAAUSA-CorrEtiq.txt,180,72,179,32,40,1,8,17,72,70,4.972222222222222,0.0539906103286385,6.0,2.9432707355242567,0.20445312627975165
CDMS-10-5C-DAAUSA-CorrEtiq.txt,180,81,179,38,39,2,2,9,81,81,4.419753086419753,0.04259259259259259,7.0,3.1959876543209877,0.09171806769845985
CDMS-10-5C-ICAPA-CorrEtiq.txt,180,68,175,38,45,3,7,17,66,63,5.147058823529412,0.05575065847234416,7.0,3.0107226107226106,0.19136908413224202
CDMS-10-5C-JFALGI-CorrEtiq.txt,180,79,179,30,34,0,4,10,79,79,4.531645569620253,0.04706264199935086,7.0,3.027588445309964,0.1915345603036568
CDMS-10-5C-MAORTO-CorrEtiq.txt,180,68,179,36,44,3,8,17,68,68,5.264705882352941,0.05794556628621598,6.0,2.8718173836698857,0.15351897844157908
CDMS-10-5C-MAORTO-CorrEtiq.txt,180,65,179,40,47,6,8,18,65,61,5.507692307692308,0.06057692307692308,6.0,2.76875,0.18626904496469712
CDMS-10-5C-MAORTO-CorrEtiq.txt,180,74,179,36,40,5,4,8,74,73,4.837837837837838,0.04961125509070714,7.0,3.007034431691966,0.09910036086506675
CDMS-10-5C-NBEMO-CorrEtiq.txt,180,82,179,26,28,5,3,8,82,82,4.365853658536586,0.04396266184884071,6.0,3.2023486901535683,0.10862687448053301
CDMS-10-5C-NBEMO-CorrEtiq.txt,180,74,179,34,39,5,6,11,74,74,4.837837837837838,0.04998148833765272,5.0,2.971121806738245,0.14265948538394357
CDMS-10-5C-NBEMO-CorrEtiq.txt,180,75,179,30,34,8,5,10,75,71,4.773333333333333,0.04936936936936937,7.0,3.095135135135135,0.09947008547008546
CDMS-10-6B-ASCACO-CorrEtiq.txt,180,69,179,38,39,0,1,16,69,68,5.188405797101449,0.059676044330775786,6.0,2.813299232736573,0.1584147736321649
CDMS-10-6B-ASCACO-CorrEtiq.txt,180,73,179,34,37,0,3,18,73,70,4.904109589041096,0.05403348554033485,5.0,2.7941400304414,0.24253671854687492
CDMS-10-6B-JJMOBE-CorrEtiq.txt,180,79,179,27,31,0,4,9,79,77,4.531645569620253,0.04803635183382019,7.0,3.1087309315157414,0.07834756478993654
CDMS-10-6B-JJMOBE-CorrEtiq.txt,180,77,179,28,35,0,7,8,77,73,4.64935064935065,0.04921394395078606,8.0,3.212235133287765,0.06494147987654482
CDMS-11-4A-GACHSA-CorrEtiq.txt,180,79,179,37,43,2,6,6,79,77,4.531645569620253,0.04349237260629666,7.0,3.433950016228497,0.1023528510870283
CDMS-11-4A-GACHSA-CorrEtiq.txt,180,76,179,36,40,2,4,3,76,76,4.7105263157894735,0.04807017543859649,6.0,3.2508771929824563,0.09134389002810055
CDMS-11-4A-GACHSA-CorrEtiq.txt,180,69,179,47,48,1,1,9,69,69,5.188405797101449,0.05541346973572037,6.0,3.080562659846547,0.15095580747754664
CDMS-11-4A-GACHSA-CorrEtiq.txt,180,65,179,43,44,4,3,20,65,65,5.507692307692308,0.06298076923076923,6.0,2.830769230769231,0.20690779306163923
CDMS-11-4A-GACHSA-CorrEtiq.txt,180,68,179,37,39,4,4,21,68,67,5.264705882352941,0.05970149253731343,5.0,2.6470588235294117,0.3032018480315694
CDMS-11-5A-EAARCA-CorrEtiq.txt,180,84,179,29,31,1,2,8,84,84,4.261904761904762,0.04216867469879518,6.0,3.2472748135398737,0.11046479392067629
CDMS-11-5A-MGTHAR-CorrEtiq.txt,180,73,179,35,38,5,4,9,73,72,4.904109589041096,0.0517503805175038,6.0,2.9665144596651447,0.11603708316037084
CDMS-11-5A-MGTHAR-CorrEtiq.txt,180,73,179,40,43,4,4,14,73,71,4.904109589041096,0.0502283105022831,7.0,3.0331050228310503,0.15052849954125405
CDMS-11-6A-DFVEBE-CorrEtiq.txt,180,86,177,22,21,10,4,9,86,82,4.116279069767442,0.0399452804377565,8.0,3.3359781121751024,0.10361151764827492
CDMS-11-6A-DFVEBE-CorrEtiq.txt,180,86,177,22,23,5,2,9,86,80,4.116279069767442,0.04076607387140903,10.0,3.5036935704514365,0.13082886106141922
CDMS-11-6A-NMREPR-CorrEtiq.txt,180,100,179,18,21,0,3,4,100,99,3.58,0.03191919191919192,9.0,3.890707070707071,0.06863969363969363
CDMS-11-6A-NMREPR-CorrEtiq.txt,180,81,179,33,36,0,3,11,81,80,4.419753086419753,0.0441358024691358,8.0,3.3743827160493827,0.11648346238989514
CDMS-11-6B-ARAHE-CorrEtiq.txt,180,77,179,27,25,4,0,8,77,77,4.64935064935065,0.05126452494873548,7.0,3.072112098427888,0.05348709731826615
CDMS-11-6B-ARAHE-CorrEtiq.txt,180,75,175,35,36,5,2,5,74,72,4.666666666666667,0.04828828828828829,7.0,3.1880784894483525,0.04415954415954416
CDMS-11-6B-AVROTO-CorrEtiq.txt,180,92,179,12,14,0,2,9,92,90,3.891304347826087,0.039417104634495936,7.0,3.353798375537506,0.09482093992963561
CDMS-11-6B-EAFESA-CorrEtiq.txt,180,80,179,23,28,2,5,9,80,79,4.475,0.04715189873417722,6.0,3.1129746835443037,0.0927418688767373
CDMS-11-6B-EAFESA-CorrEtiq.txt,180,78,179,33,38,2,5,9,78,78,4.589743589743589,0.04628704628704629,7.0,3.283716283716284,0.11582321187584342
CDMS-11-6B-EAFESA-CorrEtiq.txt,180,67,179,48,53,0,5,8,67,66,5.343283582089552,0.05698778833107191,7.0,3.085481682496608,0.10837187882841964
CDMS-11-6B-EAFESA-CorrEtiq.txt,180,73,179,41,45,2,4,9,73,73,4.904109589041096,0.0502283105022831,8.0,3.326103500761035,0.1232544293382327
CDMS-11-6B-EAFESA-CorrEtiq.txt,180,80,179,35,37,4,2,5,80,78,4.475,0.043670886075949364,8.0,3.4876582278481014,0.09867375679875678
CDMS-11-6B-EFRGR-CorrEtiq.txt,180,76,179,40,42,3,2,7,76,74,4.7105263157894735,0.047017543859649125,7.0,3.388421052631579,0.05647912029490977
CDMS-11-6B-EFRGR-CorrEtiq.txt,180,76,179,37,37,3,1,12,76,73,4.7105263157894735,0.048771929824561404,7.0,3.2035087719298247,0.12100700726861717
CDMS-11-6B-EFRGR-CorrEtiq.txt,180,69,179,45,46,4,3,13,69,69,5.188405797101449,0.054987212276214836,5.0,2.86231884057971,0.21851516142133992
CDMS-11-6B-EROCO-CorrEtiq.txt,180,70,175,28,33,1,5,19,69,69,5.0,0.058385093167701865,6.0,2.915174765558397,0.14296023108053185
CDMS-11-6B-JACUPE-CorrEtiq.txt,180,71,163,29,33,8,5,12,70,67,4.591549295774648,0.04909456740442656,8.0,3.139130434782609,0.1876395628674005
CDMS-11-6B-JACUPE-CorrEtiq.txt,180,70,171,29,32,9,5,13,69,66,4.885714285714286,0.053830227743271224,6.0,3.00383631713555,0.14586595943738798
CDMS-11-6B-JACUPE-CorrEtiq.txt,180,69,179,31,38,8,9,12,69,68,5.188405797101449,0.056692242114237,6.0,2.913469735720375,0.1287716711629755
CDMS-11-6B-JACUPE-CorrEtiq.txt,180,69,179,33,41,9,11,14,69,69,5.188405797101449,0.054987212276214836,6.0,2.8815004262574595,0.11955955547637968
CDMS-11-6B-JACUPE-CorrEtiq.txt,180,76,179,29,36,6,8,18,76,76,4.7105263157894735,0.04807017543859649,6.0,3.103157894736842,0.16017762766988772
CDMS-11-6B-JDCHBA-CorrEtiq.txt,180,79,179,28,34,3,6,13,79,79,4.531645569620253,0.04608893216488153,6.0,3.1444336254462835,0.0952400912564725
CDMS-11-6B-JDCHBA-CorrEtiq.txt,180,81,179,24,31,7,10,4,81,80,4.419753086419753,0.04351851851851852,7.0,3.289506172839506,0.0826474622770919
CDMS-11-6B-JDCHBA-CorrEtiq.txt,180,76,179,33,40,7,11,14,76,75,4.7105263157894735,0.04631578947368421,7.0,3.1094736842105264,0.14760370552084742
CDMS-11-6B-JDCHBA-CorrEtiq.txt,180,67,179,47,51,6,6,17,67,64,5.343283582089552,0.055178652193577565,7.0,3.1189507010402533,0.1600962797349286
CDMS-11-6B-JDCHBA-CorrEtiq.txt,180,81,179,28,32,6,5,12,81,80,4.419753086419753,0.04351851851851852,6.0,3.20679012345679,0.16723171399813985
CDMS-11-6B-JFSAHE-CorrEtiq.txt,180,88,179,19,23,0,4,3,88,88,4.068181818181818,0.04075235109717868,6.0,3.235632183908046,0.029311386029300467
CDMS-11-6B-JFSAHE-CorrEtiq.txt,180,87,179,26,31,0,5,3,87,85,4.114942528735632,0.039561614541566426,7.0,3.3127506014434642,0.05068156284127247
CDMS-11-6B-JFSAHE-CorrEtiq.txt,180,88,177,22,26,0,4,8,88,88,4.0227272727272725,0.03944618599791014,7.0,3.2672413793103448,0.04333143251127441
CDMS-11-6B-JLPENA-CorrEtiq.txt,180,88,175,19,22,3,4,10,87,85,3.977272727272727,0.03918495297805643,7.0,3.3774391873830525,0.08280853319289147
CDMS-11-6B-JLPENA-CorrEtiq.txt,180,68,171,30,33,2,3,16,68,64,5.029411764705882,0.05970149253731343,6.0,2.9859525899912205,0.12356534517001642
CDMS-11-6B-JMARME-CorrEtiq.txt,180,72,177,33,44,1,11,11,72,71,4.916666666666667,0.051643192488262914,7.0,3.1471048513302033,0.1650477654154125
CDMS-11-6B-JMARME-CorrEtiq.txt,180,85,173,25,31,1,6,8,84,80,4.070588235294117,0.03949579831932773,7.0,3.348823866896156,0.09160432962290546
CDMS-11-6B-JMARME-CorrEtiq.txt,180,89,175,18,21,0,3,3,88,87,3.932584269662921,0.03932584269662921,7.0,3.2740334378265414,0.03702720172264821
CDMS-11-6B-JMARME-CorrEtiq.txt,180,79,179,22,25,0,3,10,79,78,4.531645569620253,0.049983771502758845,7.0,2.9866926322622525,0.146066308557001
CDMS-11-6B-JMARME-CorrEtiq.txt,180,76,179,37,39,0,2,11,76,75,4.7105263157894735,0.04912280701754386,7.0,3.192982456140351,0.1511337389820362
CDMS-11-6B-JMARME-CorrEtiq.txt,180,78,179,37,40,0,3,10,78,75,4.589743589743589,0.04628704628704629,6.0,3.256077256077256,0.1518015753309871
CDMS-11-6B-JMARME-CorrEtiq.txt,180,80,179,30,34,2,4,17,80,80,4.475,0.045253164556962024,7.0,3.210126582278481,0.1410205802968961
CDMS-11-6B-JPSAMA-CorrEtiq.txt,180,91,177,15,18,2,3,11,91,88,3.89010989010989,0.03833943833943834,7.0,3.333821733821734,0.14978819033440882
CDMS-11-6B-JPSAMA-CorrEtiq.txt,180,90,177,22,25,1,3,7,90,87,3.933333333333333,0.03770287141073658,8.0,3.5168539325842696,0.09226105231007192
CDMS-11-6B-LESTA-CorrEtiq.txt,180,73,179,30,33,2,3,12,73,72,4.904109589041096,0.0547945205479452,6.0,2.9661339421613393,0.08683097276973184
CDMS-11-6B-LESTA-CorrEtiq.txt,180,73,179,35,39,0,4,16,73,73,4.904109589041096,0.0532724505327245,5.0,2.9855403348554033,0.14612868329629009
CDMS-11-6B-MAGIMU-CorrEtiq.txt,180,66,179,32,36,0,4,20,66,64,5.424242424242424,0.06666666666666667,6.0,2.812121212121212,0.2100977880882187
CDMS-11-6B-MAGIMU-CorrEtiq.txt,180,68,179,42,49,1,7,20,68,68,5.264705882352941,0.05662862159789289,6.0,2.9582967515364356,0.16522478866769522
CDMS-11-6B-MEBRTA-CorrEtiq.txt,180,76,179,28,35,4,8,9,76,72,4.7105263157894735,0.04912280701754386,8.0,3.212982456140351,0.100266108160845
CDMS-11-6B-MMAMO-CorrEtiq.txt,180,83,179,19,21,5,3,7,83,83,4.313253012048193,0.0449603291213635,7.0,3.271525124889803,0.05585732874889502
CDMS-11-6B-MMAMO-CorrEtiq.txt,180,81,179,18,23,2,6,10,81,81,4.419753086419753,0.047530864197530866,6.0,3.020679012345679,0.12532533706997645
CDMS-11-6B-MMAMO-CorrEtiq.txt,180,86,179,22,25,0,3,12,86,84,4.162790697674419,0.04213406292749658,6.0,3.1176470588235294,0.17840622036928463
CDMS-11-6B-RSECA-CorrEtiq.txt,180,72,179,30,33,0,3,12,72,71,4.972222222222222,0.05712050078247261,6.0,2.809076682316119,0.1332813630059502
CDMS-11-6B-RSECA-CorrEtiq.txt,180,74,179,30,37,1,7,14,74,74,4.837837837837838,0.05220288781932617,5.0,2.9452054794520546,0.13980598783230364
CDMS-11-6B-SCAPA-CorrEtiq.txt,180,87,179,27,28,0,1,9,87,87,4.114942528735632,0.04036353916065223,7.0,3.2699812884255546,0.06375424778061695
CDMS-11-6B-VZAPE-CorrEtiq.txt,180,75,179,33,38,4,5,15,75,74,4.773333333333333,0.04936936936936937,7.0,3.0763963963963965,0.08424242424242424
CDMS-11-6B-YLNIME-CorrEtiq.txt,180,85,179,20,23,0,3,10,85,85,4.211764705882353,0.043697478991596636,6.0,3.1212885154061625,0.09564667358785006
CDMS-11-6B-YLNIME-CorrEtiq.txt,180,81,179,28,31,0,3,7,81,79,4.419753086419753,0.04567901234567901,7.0,3.2398148148148147,0.09354069234243526
CDMS-11-7C-ICARE-CorrEtiq.txt,180,78,179,27,30,1,3,17,78,77,4.589743589743589,0.04928404928404929,7.0,3.1295371295371295,0.15911199785634172
CDMS-11-7C-ICARE-CorrEtiq.txt,180,78,179,29,33,0,4,13,78,78,4.589743589743589,0.048618048618048616,6.0,3.1132201132201134,0.15297024912409526
CDMS-11-7C-IMOIB-CorrEtiq.txt,180,87,179,20,25,2,5,3,87,87,4.114942528735632,0.04063084736701417,7.0,3.375033413525795,0.07969910038875555
CDMS-11-7C-IMOIB-CorrEtiq.txt,180,88,179,21,24,3,3,6,88,87,4.068181818181818,0.03970741901776385,7.0,3.2432079414838038,0.07277810573265119
CDMS-11-7C-IMOIB-CorrEtiq.txt,180,79,179,24,28,3,4,10,79,79,4.531645569620253,0.04803635183382019,6.0,3.129827977929244,0.12033915451636973
CDMS-11-7C-SALMA-CorrEtiq.txt,180,83,179,30,33,0,3,8,83,81,4.313253012048193,0.04290332059947106,7.0,3.2653540993241257,0.07640160515873895
CDMS-11-7C-SALMA-CorrEtiq.txt,180,75,179,39,42,0,3,11,75,75,4.773333333333333,0.04936936936936937,6.0,3.0497297297297297,0.15589964421543367
CDMS-11-7C-SALMA-CorrEtiq.txt,180,82,179,38,40,0,2,9,82,81,4.365853658536586,0.04185486299307437,7.0,3.16772056609455,0.0835225536124124
CDMS-11-7C-SPGAVE-CorrEtiq.txt,180,88,175,21,25,4,4,9,86,85,3.977272727272727,0.03814002089864159,7.0,3.5534883720930233,0.11789731732913551
CDMS-12-5A-SRIGO-CorrEtiq.txt,180,93,179,15,20,0,5,2,93,92,3.849462365591398,0.03716690042075736,10.0,3.653342683496961,0.04126433523717055
CDMS-12-5A-SRIGO-CorrEtiq.txt,180,87,179,24,29,3,5,7,87,86,4.114942528735632,0.03929430633520449,7.0,3.425554664528201,0.10381607536779953
CDMS-12-5A-SRIGO-CorrEtiq.txt,180,76,179,36,37,5,2,5,76,75,4.7105263157894735,0.04807017543859649,6.0,3.159298245614035,0.055407750144592254
CDMS-12-5A-SRIGO-CorrEtiq.txt,180,79,179,30,29,2,0,8,79,78,4.531645569620253,0.04803635183382019,6.0,3.1025641025641026,0.12323205461701361
CDMS-12-6A-FAROPA-CorrEtiq.txt,180,87,179,21,22,3,2,7,87,87,4.114942528735632,0.04116546377973804,6.0,3.1790964982624965,0.11352452858538051
CDMS-12-6A-FAROPA-CorrEtiq.txt,180,80,179,26,29,2,3,9,80,78,4.475,0.04683544303797468,7.0,3.223417721518987,0.14269998383968974
CDMS-12-6A-FAROPA-CorrEtiq.txt,180,86,179,30,32,1,2,8,86,85,4.162790697674419,0.0399452804377565,7.0,3.3761969904240767,0.04149806911434819
CDMS-12-6A-JGIGA-CorrEtiq.txt,180,81,179,20,26,2,6,5,81,81,4.419753086419753,0.04660493827160494,7.0,3.16820987654321,0.059754799787479516
CDMS-12-6A-JGIGA-CorrEtiq.txt,180,76,179,34,41,1,7,16,76,73,4.7105263157894735,0.04807017543859649,7.0,3.0056140350877194,0.144855344883949
CDMS-12-6A-JSOTGU-CorrEtiq.txt,180,69,179,30,31,3,2,10,69,69,5.188405797101449,0.06180733162830349,7.0,2.9663256606990624,0.11148061193827784
CDMS-12-6A-JSOTGU-CorrEtiq.txt,180,77,179,30,31,4,2,11,77,77,4.64935064935065,0.04921394395078606,7.0,3.308270676691729,0.10898682846734793
CDMS-12-6A-JSOTGU-CorrEtiq.txt,180,73,179,34,34,2,0,17,73,72,4.904109589041096,0.05441400304414003,6.0,3.1229071537290714,0.17049358556207872
CDMS-12-6A-JSOTGU-CorrEtiq.txt,180,71,179,38,42,2,4,12,71,69,5.042253521126761,0.05432595573440644,7.0,3.0543259557344062,0.1508512614146417
CDMS-12-6A-JSOTGU-CorrEtiq.txt,180,81,179,33,37,1,4,10,81,78,4.419753086419753,0.04351851851851852,7.0,3.130864197530864,0.08834313708879352
CDMS-12-6A-SROAL-CorrEtiq.txt,180,79,179,28,30,1,2,13,79,77,4.531645569620253,0.04803635183382019,7.0,3.1742940603700096,0.14295545192790168
CDMS-12-6A-SROAL-CorrEtiq.txt,180,79,179,30,33,1,3,12,79,75,4.531645569620253,0.04706264199935086,7.0,3.053878610840636,0.10800456499410818
CDMS-12-6A-SROAL-CorrEtiq.txt,180,90,179,27,29,1,2,5,90,90,3.977777777777778,0.03720349563046192,7.0,3.450187265917603,0.05947564780898114
CDMS-12-6B-IJDAGA-CorrEtiq.txt,180,69,179,30,34,8,7,12,69,69,5.188405797101449,0.05839727195225917,6.0,2.921142369991475,0.097774849948763
CDMS-12-6B-IJDAGA-CorrEtiq.txt,180,75,179,29,34,10,7,12,75,73,4.773333333333333,0.04864864864864865,7.0,3.0425225225225225,0.15582961288224448
CDMS-12-6B-SCLAG-CorrEtiq.txt,180,78,179,23,29,3,6,10,78,78,4.589743589743589,0.04895104895104895,7.0,3.298035298035298,0.04978262478262479
CDMS-12-6B-SCLAG-CorrEtiq.txt,180,77,179,34,39,1,5,13,77,77,4.64935064935065,0.04750512645249488,7.0,3.372863978127136,0.11707426772361838
CDMS-12-6B-SCLAG-CorrEtiq.txt,180,70,179,37,42,5,7,11,70,69,5.114285714285714,0.0546583850931677,6.0,3.0302277432712215,0.15795284080998365
CDMS-12-6B-SCLAG-CorrEtiq.txt,180,75,179,24,27,7,5,10,75,74,4.773333333333333,0.05225225225225225,5.0,2.9445045045045046,0.08327093569198832
CDMS-12-7C-ARAHE-CorrEtiq.txt,180,81,179,22,29,0,7,15,81,80,4.419753086419753,0.046296296296296294,6.0,3.077469135802469,0.17090266843353263
CDMS-12-7C-CATRAR-CorrEtiq.txt,180,71,177,35,40,0,5,14,70,70,4.985915492957746,0.055130784708249496,6.0,3.0608695652173914,0.07334156453874764
CDMS-12-7C-CATRAR-CorrEtiq.txt,180,83,175,26,31,0,5,11,82,82,4.216867469879518,0.04231560387893035,7.0,3.302318578741343,0.07283024086709418
CDMS-12-7C-CATRAR-CorrEtiq.txt,180,85,177,24,28,0,4,11,85,85,4.1647058823529415,0.041736694677871146,7.0,3.3137254901960786,0.08399356698664658
CDMS-12-7C-CATRAR-CorrEtiq.txt,180,85,179,24,28,0,4,12,85,83,4.211764705882353,0.042296918767507005,6.0,3.1210084033613446,0.0749769069838274
CDMS-12-7C-DLOLO-CorrEtiq.txt,180,85,179,31,32,1,1,7,85,84,4.211764705882353,0.04089635854341737,7.0,3.3403361344537816,0.125694841793913
CDMS-12-7C-DLOLO-CorrEtiq.txt,180,74,179,34,35,1,1,17,74,74,4.837837837837838,0.052943354313217325,6.0,2.9178082191780823,0.2274129649129649
CDMS-12-7C-JSZAOR-CorrEtiq.txt,180,89,179,17,21,1,4,9,89,89,4.022471910112359,0.040091930541368746,7.0,3.2849846782431054,0.07068876980172072
CDMS-12-7C-MAROBE-CorrEtiq.txt,180,86,179,20,27,0,7,11,86,85,4.162790697674419,0.04158686730506156,7.0,3.2651162790697676,0.15928663000266427
CDMS-12-7C-MAROBE-CorrEtiq.txt,180,84,179,25,29,0,4,9,84,82,4.261904761904762,0.043029259896729774,6.0,3.3075157773952957,0.13254721469007186
CDMS-12-7C-VQURA-CorrEtiq.txt,180,87,179,25,28,1,3,8,87,85,4.114942528735632,0.040096230954290296,7.0,3.3039294306335205,0.12312400243434725
CDMS-12-7C-VQURA-CorrEtiq.txt,180,94,175,18,19,1,1,6,94,93,3.723404255319149,0.03546099290780142,7.0,3.4678563257835737,0.07102053104292746
CDMS-12-7C-VQURA-CorrEtiq.txt,180,83,175,25,29,0,4,12,83,79,4.216867469879518,0.04290332059947106,7.0,3.1483984719365266,0.11403291628402598
CDMS-12-7C-VQURA-CorrEtiq.txt,180,82,179,25,29,0,4,15,82,82,4.365853658536586,0.045167118337850046,7.0,3.2704004817825956,0.12463667768545814
CDMS-12-7C-VQURA-CorrEtiq.txt,180,88,175,29,34,0,5,9,83,80,3.977272727272727,0.03683385579937304,8.0,3.523361739641493,0.08115262262989535
CDMS-13-6B-ASUMO-CorrEtiq.txt,180,84,169,17,22,2,5,14,84,76,4.023809523809524,0.04159495123350545,8.0,3.2897303499713137,0.11583966531445525
CDMS-13-6B-JDTAHE-CorrEtiq.txt,180,82,175,18,22,3,5,10,81,79,4.2682926829268295,0.045167118337850046,6.0,3.2287037037037036,0.09107416973270631
CDMS-13-6B-JDTAHE-CorrEtiq.txt,180,86,171,25,27,4,3,9,84,79,3.9767441860465116,0.038303693570451436,9.0,3.430005737234653,0.11175873450155256
CDMS-13-7C-MVEAR-CorrEtiq.txt,180,70,179,27,30,6,3,10,70,69,5.114285714285714,0.05921325051759834,5.0,2.85879917184265,0.11459188803726619
CDMS-13-7C-MVEAR-CorrEtiq.txt,180,77,175,23,23,8,1,8,76,72,4.545454545454546,0.04921394395078606,6.0,3.017543859649123,0.07812641903550993
CDMS-13-7C-MVEAR-CorrEtiq.txt,180,72,175,28,30,10,5,11,71,69,4.861111111111111,0.0528169014084507,6.0,2.929175050301811,0.15346027787333258
CDMS-13-7C-MVEAR-CorrEtiq.txt,180,68,179,26,28,8,4,21,68,68,5.264705882352941,0.06277436347673397,6.0,2.7827041264266903,0.23683236988532014
CDMS-13-7C-MVEAR-CorrEtiq.txt,180,70,179,28,29,6,3,16,70,67,5.114285714285714,0.05962732919254658,7.0,2.9316770186335406,0.16822558860373982
CDMS-13-7C-SSOSLO-CorrEtiq.txt,180,78,175,25,28,7,4,15,77,70,4.487179487179487,0.046620046620046623,9.0,3.278537252221463,0.1494774531211778
CDMS-13-7C-SSOSLO-CorrEtiq.txt,180,83,175,22,25,3,3,7,82,80,4.216867469879518,0.04319717895974141,6.0,3.1005721168322795,0.06546397377722679
CDMS-13-7C-SSOSLO-CorrEtiq.txt,180,73,179,34,37,5,4,14,73,73,4.904109589041096,0.05213089802130898,6.0,2.9969558599695585,0.14246135312868421
CDMS-13-7C-SSOSLO-CorrEtiq.txt,180,67,179,37,42,6,6,25,67,66,5.343283582089552,0.05924920850293985,6.0,2.855721393034826,0.23334756670253098
CDMS-13-7C-SSOSLO-CorrEtiq.txt,180,77,179,33,36,1,3,15,77,76,4.64935064935065,0.048530416951469584,7.0,3.15892002734108,0.1429802824197903
CDMS-13-7C-SSOSLO-CorrEtiq.txt,180,88,179,23,24,2,1,7,88,88,4.068181818181818,0.039968652037617555,6.0,3.2309299895506793,0.08154004636730501
CDMS-14-10A-IMORTO-CorrEtiq.txt,180,78,179,31,35,0,4,8,78,78,4.589743589743589,0.04795204795204795,6.0,3.2084582084582083,0.06541514041514042
CDMS-14-10A-IMORTO-CorrEtiq.txt,180,71,179,40,46,0,6,10,71,71,5.042253521126761,0.05352112676056338,6.0,3.1569416498993963,0.10500047683146276
CDMS-14-10A-JCVANI-CorrEtiq.txt,180,103,179,13,20,1,7,6,103,103,3.4757281553398056,0.03007805063773082,9.0,4.062630877593756,0.09776489453816696
CDMS-14-10A-JCVANI-CorrEtiq.txt,180,94,179,21,25,3,4,1,94,94,3.8085106382978724,0.03454587051018074,9.0,3.74468085106383,0.0375886524822695
CDMS-14-10A-JCVANI-CorrEtiq.txt,180,86,179,26,31,2,5,3,86,86,4.162790697674419,0.0399452804377565,7.0,3.3562243502051983,0.03825383842483706
CDMS-14-10A-JCVANI-CorrEtiq.txt,180,89,179,21,25,0,4,5,89,89,4.022471910112359,0.03932584269662921,7.0,3.23391215526047,0.05947883468645559
CDMS-14-5A-LSDUCO-CorrEtiq.txt,180,79,179,21,29,1,8,14,79,77,4.531645569620253,0.0483609217786433,6.0,3.0749756572541385,0.15575052355459615
CDMS-14-5A-LSDUCO-CorrEtiq.txt,180,66,179,42,49,2,7,15,66,65,5.424242424242424,0.059673659673659674,6.0,2.953846153846154,0.1704328676816715
CDMS-14-5A-LSDUCO-CorrEtiq.txt,180,68,179,44,47,2,3,11,68,68,5.264705882352941,0.05706760316066725,6.0,3.018876207199298,0.08813555725320432
CDMS-14-6B-KDCAHE-CorrEtiq.txt,180,88,179,20,26,3,6,14,88,86,4.068181818181818,0.03918495297805643,8.0,3.5067920585161962,0.10238098391507483
CDMS-14-6B-KDCAHE-CorrEtiq.txt,180,81,179,24,28,5,6,15,81,80,4.419753086419753,0.04506172839506173,7.0,3.2876543209876545,0.12029592312243383
CDMS-14-6B-KDCAHE-CorrEtiq.txt,180,73,177,27,32,5,7,13,73,71,4.8493150684931505,0.0532724505327245,6.0,3.0620243531202433,0.11431040720874897
CDMS-14-6B-KDCAHE-CorrEtiq.txt,180,83,177,27,34,3,7,10,83,80,4.265060240963855,0.041140170437848955,8.0,3.5406993828974436,0.0965296417103646
CDMS-15-10A-AMALOS-CorrEtiq.txt,180,93,179,17,20,5,3,5,93,91,3.849462365591398,0.035998129967274424,7.0,3.4090696587190275,0.04747447366043192
CDMS-15-10A-AMALOS-CorrEtiq.txt,180,87,179,20,26,7,7,2,87,85,4.114942528735632,0.039026998128842555,6.0,3.225875434375835,0.06950532564122829
CDMS-15-10A-AMALOS-CorrEtiq.txt,180,76,179,27,35,4,9,8,76,76,4.7105263157894735,0.04912280701754386,7.0,3.1589473684210527,0.07694936642305063
CDMS-15-10A-AMALOS-CorrEtiq.txt,180,77,179,24,30,3,6,10,77,76,4.64935064935065,0.04989747095010253,7.0,3.1315789473684212,0.09506276339736998
CDMS-15-10A-AMALOS-CorrEtiq.txt,180,83,179,18,22,5,4,6,83,83,4.313253012048193,0.044666470761093154,6.0,3.090802233323538,0.05516471480326902
CDMS-15-10A-AMALOS-CorrEtiq.txt,180,75,179,32,39,3,7,6,75,72,4.773333333333333,0.04936936936936937,7.0,3.0886486486486486,0.057539053539053524
CDMS-15-10A-JJMACH-CorrEtiq.txt,180,85,179,16,21,0,5,11,85,84,4.211764705882353,0.044257703081232495,7.0,3.131372549019608,0.19187811620036682
CDMS-15-10A-JJMACH-CorrEtiq.txt,180,94,179,20,24,0,4,10,94,94,3.8085106382978724,0.03546099290780142,6.0,3.2237474262182566,0.12454352913479452
CDMS-15-10A-JJMACH-CorrEtiq.txt,180,89,179,15,16,2,1,11,89,88,4.022471910112359,0.04111338100102145,6.0,3.1159346271705823,0.09882872024138939
CDMS-15-10A-JJMACH-CorrEtiq.txt,180,89,179,14,16,4,3,5,89,86,4.022471910112359,0.040602655771195095,7.0,3.24438202247191,0.05955906471438527
CDMS-15-10A-JJMACH-CorrEtiq.txt,180,90,179,22,24,3,3,7,90,89,3.977777777777778,0.037952559300873906,7.0,3.337578027465668,0.031205762284193656
CDMS-15-10A-JJMACH-CorrEtiq.txt,180,90,179,26,29,2,3,7,90,89,3.977777777777778,0.03695380774032459,7.0,3.3515605493133585,0.0705612615416537
CDMS-15-10A-JJMACH-CorrEtiq.txt,180,90,179,22,23,1,1,8,90,90,3.977777777777778,0.03870162297128589,6.0,3.234207240948814,0.07113570716253895
CDMS-15-10A-JJMACH-CorrEtiq.txt,180,91,175,21,21,1,0,7,90,88,3.8461538461538463,0.03736263736263736,7.0,3.3488139825218477,0.05567047331753215
CDMS-15-10A-MAALCA-CorrEtiq.txt,180,76,179,26,33,1,7,10,76,76,4.7105263157894735,0.05087719298245614,7.0,3.014736842105263,0.12958140285926664
CDMS-15-10A-MAALCA-CorrEtiq.txt,180,75,179,25,30,2,5,15,75,75,4.773333333333333,0.05297297297297297,6.0,2.8904504504504502,0.11389846536905363
CDMS-15-10A-MAALCA-CorrEtiq.txt,180,87,179,22,24,2,2,9,87,87,4.114942528735632,0.0408981555733761,7.0,3.270248596631917,0.0697703956324646
CDMS-15-10A-MAALRI-CorrEtiq.txt,180,88,179,17,24,1,7,8,88,88,4.068181818181818,0.040229885057471264,7.0,3.350052246603971,0.05466799614526887
CDMS-15-10A-MAALRI-CorrEtiq.txt,180,93,179,18,25,2,7,10,93,92,3.849462365591398,0.035530621785881254,9.0,3.665965404394577,0.06956555988814053
CDMS-15-10A-MAALRI-CorrEtiq.txt,180,87,179,19,24,2,5,10,87,87,4.114942528735632,0.0408981555733761,8.0,3.384923817161187,0.12965315400193164
CDMS-15-10A-MAALRI-CorrEtiq.txt,180,89,179,22,25,1,3,8,89,88,4.022471910112359,0.039070480081716034,7.0,3.357252298263534,0.07689271329390299
CDMS-15-10A-SGOMO-CorrEtiq.txt,180,95,179,21,22,2,1,8,95,95,3.768421052631579,0.03471444568868981,7.0,3.47973124300112,0.09049019607843137
CDMS-15-10A-SGOMO-CorrEtiq.txt,180,88,179,24,25,1,1,11,88,87,4.068181818181818,0.039968652037617555,7.0,3.2716823406478577,0.13784435261707986
CDMS-15-10A-SGOMO-CorrEtiq.txt,180,94,179,20,22,1,2,6,94,93,3.8085106382978724,0.03568977350720659,7.0,3.484328528940746,0.09702760908956154
CDMS-15-10A-SHEGA-CorrEtiq.txt,180,78,179,20,24,0,4,26,78,78,4.589743589743589,0.051615051615051616,6.0,2.9736929736929736,0.2166358496407318
CDMS-15-10A-SHEGA-CorrEtiq.txt,180,75,179,29,33,1,4,11,75,73,4.773333333333333,0.05225225225225225,6.0,2.9513513513513514,0.15685548438489613
CDMS-15-10A-SHEGA-CorrEtiq.txt,180,79,179,22,25,1,3,14,79,79,4.531645569620253,0.04965920155793573,6.0,2.9363842908146705,0.16125411287558092
CDMS-15-11B-JEMOLO-CorrEtiq.txt,180,84,179,27,31,2,4,2,84,84,4.261904761904762,0.04188181296615032,7.0,3.3227194492254735,0.05500901215186929
CDMS-15-11B-JEMOLO-CorrEtiq.txt,180,87,179,24,29,6,7,5,87,85,4.114942528735632,0.038492381716118684,8.0,3.4929163325314088,0.06133202684926823
CDMS-15-11B-JEMOLO-CorrEtiq.txt,180,86,179,16,19,6,4,8,86,86,4.162790697674419,0.04213406292749658,8.0,3.411764705882353,0.09318579217600026
CDMS-15-11B-JEMOLO-CorrEtiq.txt,180,81,179,29,31,2,2,7,81,80,4.419753086419753,0.04506172839506173,7.0,3.2867283950617283,0.05210393173356137
CDMS-15-11B-JEMOLO-CorrEtiq.txt,180,83,179,27,31,1,4,10,83,82,4.313253012048193,0.04319717895974141,7.0,3.233029679694387,0.07796768158213942
CDMS-15-11B-JEMOLO-CorrEtiq.txt,180,92,179,21,25,0,4,3,92,91,3.891304347826087,0.03678929765886288,7.0,3.3205924510272338,0.04933155080213903
CDMS-15-11B-JEMOLO-CorrEtiq.txt,180,97,179,12,18,0,6,4,97,97,3.6907216494845363,0.03457903780068729,7.0,3.472508591065292,0.06442200712412324
CDMS-15-11B-JEMOLO-CorrEtiq.txt,180,92,179,18,23,1,5,10,92,89,3.891304347826087,0.03702818920210225,8.0,3.4187768752986143,0.1156475468975469
CDMS-15-11B-JEMOLO-CorrEtiq.txt,180,83,179,28,31,1,3,7,83,83,4.313253012048193,0.04319717895974141,7.0,3.26035850719953,0.07960177864501039
CDMS-15-11B-JEMOLO-CorrEtiq.txt,180,83,179,26,27,2,2,4,83,83,4.313253012048193,0.044078754040552455,7.0,3.251248898031149,0.0360450794185734
CDMS-15-11B-JEMOLO-CorrEtiq.txt,180,80,179,27,29,2,3,8,80,79,4.475,0.04683544303797468,6.0,3.1487341772151898,0.04318268537018537
CDMS-15-11B-JEMOLO-CorrEtiq.txt,180,75,179,37,41,2,4,11,75,71,4.773333333333333,0.04900900900900901,8.0,3.2655855855855855,0.0770481457540281
CDMS-15-11B-JEMOLO-CorrEtiq.txt,180,77,179,36,39,2,3,10,77,77,4.64935064935065,0.047163362952836636,7.0,3.2522214627477783,0.09359237443653028
CDMS-15-11B-JEMOLO-CorrEtiq.txt,180,78,179,34,35,2,1,10,78,77,4.589743589743589,0.04728604728604729,6.0,3.22011322011322,0.12418365110672802
CDMS-15-11B-VSAHO-CorrEtiq.txt,180,85,179,29,33,3,5,6,85,84,4.211764705882353,0.04005602240896359,8.0,3.419047619047619,0.05480787530323133
CDMS-15-11B-VSAHO-CorrEtiq.txt,180,81,179,28,30,3,3,8,81,81,4.419753086419753,0.04506172839506173,6.0,3.1126543209876543,0.11116449069665445
CDMS-16-10A-SGALO-CorrEtiq.txt,180,88,179,14,18,1,4,11,88,88,4.068181818181818,0.04179728317659352,7.0,3.271421107628004,0.12117112685294504
CDMS-16-10A-SGALO-CorrEtiq.txt,180,89,179,18,22,1,4,7,89,88,4.022471910112359,0.03983656792645557,7.0,3.471144024514811,0.10311218120206884
CDMS-16-10A-SGALO-CorrEtiq.txt,180,78,179,28,33,0,5,7,78,77,4.589743589743589,0.048618048618048616,6.0,3.1645021645021645,0.0709985171523633
CDMS-16-11B-NGABE-CorrEtiq.txt,180,87,175,18,19,1,1,11,86,82,4.022988505747127,0.04143277198609997,7.0,3.26155950752394,0.08067533334961541
CDMS-16-11B-NGABE-CorrEtiq.txt,180,95,175,16,20,1,4,5,94,91,3.6842105263157894,0.03449048152295633,7.0,3.3685655456417294,0.05118634031946726
CDMS-16-11B-NGABE-CorrEtiq.txt,180,91,179,16,22,1,6,6,91,89,3.934065934065934,0.0380952380952381,7.0,3.358974358974359,0.07164505213955763
CDMS-16-11B-NGABE-CorrEtiq.txt,180,90,179,21,25,1,4,9,90,88,3.977777777777778,0.038202247191011236,8.0,3.4137328339575532,0.1397572215270874
CDMS-17-10A-ASSAMO-CorrEtiq.txt,180,95,179,16,18,0,2,9,95,93,3.768421052631579,0.036058230683090706,7.0,3.4,0.09787534103323577
CDMS-17-10A-ASSAMO-CorrEtiq.txt,180,103,179,17,18,0,1,7,103,102,3.4757281553398056,0.030649152865029505,8.0,3.590900437845041,0.07097766963633086
CDMS-18-7C-VVECA-CorrEtiq.txt,180,87,177,31,35,1,4,2,86,86,4.068965517241379,0.03769045709703288,9.0,3.5146374829001368,0.059418950443291214
CDMS-18-7C-VVECA-CorrEtiq.txt,180,81,179,34,37,1,3,14,81,80,4.419753086419753,0.04351851851851852,7.0,3.293827160493827,0.17482229704451926
CDMS-18-7C-VVECA-CorrEtiq.txt,180,82,179,32,37,0,5,13,82,80,4.365853658536586,0.042758205359831374,7.0,3.2092743149653717,0.17559606223523008
CDMS-8-4A-DBEVA-CorrEtiq.txt,180,71,179,26,30,5,5,21,71,71,5.042253521126761,0.0579476861167002,5.0,2.870020120724346,0.16544603330021723
CDMS-8-4A-DBEVA-CorrEtiq.txt,180,70,179,33,38,2,5,18,70,69,5.114285714285714,0.05755693581780538,5.0,2.7387163561076604,0.21498550616418816
CDMS-8-4A-DJAVDA-CorrEtiq.txt,180,67,179,39,45,7,6,14,67,67,5.343283582089552,0.0574400723654455,7.0,2.8584350972410673,0.17068702518774143
CDMS-8-4A-DJAVDA-CorrEtiq.txt,180,69,177,45,47,11,7,14,69,64,5.130434782608695,0.050724637681159424,8.0,3.0034100596760442,0.16686652401755378
CDMS-8-4A-DOSTR-CorrEtiq.txt,180,83,179,25,32,2,7,11,83,83,4.313253012048193,0.04260946223920071,7.0,3.2303849544519543,0.16935310514892
CDMS-8-4A-DOSTR-CorrEtiq.txt,180,81,179,30,37,3,8,11,81,80,4.419753086419753,0.042901234567901236,6.0,3.285185185185185,0.11340646935188844
CDMS-8-4A-DOSTR-CorrEtiq.txt,180,75,179,35,41,4,7,15,75,74,4.773333333333333,0.04828828828828829,7.0,3.1686486486486487,0.12810493645787763
CDMS-8-4A-DOSTR-CorrEtiq.txt,180,66,179,47,50,5,4,13,66,66,5.424242424242424,0.05780885780885781,6.0,2.9557109557109555,0.1417651145697867
CDMS-8-4A-DOSTR-CorrEtiq.txt,180,70,179,47,49,9,5,10,70,70,5.114285714285714,0.05010351966873706,8.0,3.2273291925465837,0.13077755344562067
CDMS-8-4A-LGOPA-CorrEtiq.txt,180,78,175,32,39,5,8,12,77,74,4.487179487179487,0.043623043623043624,9.0,3.5498974709501026,0.10213518675057137
CDMS-8-4A-LGOPA-CorrEtiq.txt,180,66,179,47,52,0,5,15,66,66,5.424242424242424,0.05920745920745921,6.0,2.9477855477855477,0.15442920538614316
CDMS-8-4A-LGOPA-CorrEtiq.txt,180,77,179,26,33,2,7,18,77,75,4.64935064935065,0.04921394395078606,6.0,2.995898838004101,0.19490653646497802
CDMS-8-4C-JDBUTU-CorrEtiq.txt,180,75,177,31,35,5,6,8,75,75,4.72,0.04936936936936937,6.0,2.921081081081081,0.12536186776186778
CDMS-8-4C-JDBUTU-CorrEtiq.txt,180,68,179,35,41,11,9,17,68,66,5.264705882352941,0.05575065847234416,5.0,2.7589991220368746,0.26333263686204866
CDMS-9-4A-ACDUTR-CorrEtiq.txt,180,85,179,23,27,4,4,13,85,85,4.211764705882353,0.04145658263305322,6.0,3.1257703081232493,0.14966826163155333
CDMS-9-4A-ACDUTR-CorrEtiq.txt,180,73,179,37,40,5,4,14,73,73,4.904109589041096,0.05098934550989345,5.0,2.861111111111111,0.16963854423651922
CDMS-9-4A-CARGA-CorrEtiq.txt,180,81,179,32,31,4,1,5,81,81,4.419753086419753,0.044444444444444446,7.0,3.244753086419753,0.07252068918735587
CDMS-9-4A-CARGA-CorrEtiq.txt,180,70,179,43,46,0,3,13,70,70,5.114285714285714,0.05507246376811594,6.0,2.906832298136646,0.21477595921204945
CDMS-9-4A-CARGA-CorrEtiq.txt,180,79,179,29,31,2,3,13,79,79,4.531645569620253,0.04738721194417397,5.0,2.987990912041545,0.16294217390481433
CDMS-9-4A-CRAAG-CorrEtiq.txt,180,74,175,30,33,3,3,24,73,70,4.72972972972973,0.05146242132543503,6.0,2.921232876712329,0.2653697803697804
CDMS-9-4A-CRAAG-CorrEtiq.txt,180,66,179,45,47,6,3,17,66,65,5.424242424242424,0.05874125874125874,5.0,2.7431235431235432,0.21658522453977
CDMS-9-4A-EROHI-CorrEtiq.txt,180,74,179,29,32,5,4,10,74,74,4.837837837837838,0.05257312106627175,7.0,3.1406886338393187,0.10354022854022857
CDMS-9-4A-EROHI-CorrEtiq.txt,180,77,179,30,32,5,3,11,77,72,4.64935064935065,0.048530416951469584,8.0,3.331168831168831,0.12345475592228838
CDMS-9-4A-ILOSE-CorrEtiq.txt,180,71,179,37,40,0,3,9,71,71,5.042253521126761,0.05593561368209256,6.0,2.948893360160966,0.0793692223269688
CDMS-9-4A-ILOSE-CorrEtiq.txt,180,66,179,48,49,0,1,14,66,65,5.424242424242424,0.06060606060606061,5.0,2.793939393939394,0.12668154038474894
CDMS-9-4A-TGAFR-CorrEtiq.txt,180,80,179,32,38,3,7,13,80,79,4.475,0.043670886075949364,5.0,2.8943037974683543,0.14718311982662077
CDMS-9-4A-TGAFR-CorrEtiq.txt,180,73,179,46,51,1,5,10,73,71,4.904109589041096,0.04832572298325723,5.0,2.9052511415525113,0.10959639041830821
CDMS-9-4C-SCAMO-CorrEtiq.txt,180,90,175,25,26,1,1,6,89,86,3.888888888888889,0.03695380774032459,8.0,3.575076608784474,0.06317256817256818
CDMS-9-5A-ABERO-CorrEtiq.txt,180,82,177,17,23,4,6,9,82,80,4.317073170731708,0.045167118337850046,6.0,3.2243300210779884,0.08818684702831045
CDMS-9-5A-ABERO-CorrEtiq.txt,180,78,177,24,27,6,3,3,78,75,4.538461538461538,0.04795204795204795,6.0,3.1365301365301366,0.06331147484993639
CDMS-9-5A-ABERO-CorrEtiq.txt,180,66,179,46,49,4,4,9,66,66,5.424242424242424,0.05874125874125874,6.0,2.8634032634032636,0.13688100502764167
CDMS-9-5A-ABERO-CorrEtiq.txt,180,77,179,39,40,3,2,12,77,77,4.64935064935065,0.04647983595352016,7.0,3.318523581681476,0.07013830325518636
CDMS-9-5A-PAGACO-CorrEtiq.txt,180,76,179,23,30,3,7,10,76,76,4.7105263157894735,0.051228070175438595,7.0,3.1407017543859648,0.08390848917164705
CDMS-9-5A-PAGACO-CorrEtiq.txt,180,75,179,30,32,3,2,12,75,75,4.773333333333333,0.05189189189189189,6.0,3.120720720720721,0.09668446368446369
CDMS-9-5A-VVAAR-CorrEtiq.txt,180,77,179,32,39,2,7,13,77,75,4.64935064935065,0.047163362952836636,7.0,3.1281613123718386,0.13621009258769665
CDMS-9-5C-JDMADE-CorrEtiq.txt,180,82,179,30,31,10,5,6,82,80,4.365853658536586,0.04155374887082204,7.0,3.3875338753387534,0.11371291310315701
CDMS-9-5C-LVIZAC-CorrEtiq.txt,180,87,179,25,29,2,4,10,87,87,4.114942528735632,0.039561614541566426,7.0,3.508687516706763,0.11817326989740781
CDMS-9-5C-LVIZAC-CorrEtiq.txt,180,84,179,27,30,3,3,12,84,83,4.261904761904762,0.04188181296615032,7.0,3.298049340218015,0.08256944056633497
CDMS-9-5C-LVIZAC-CorrEtiq.txt,180,91,179,23,27,2,4,15,91,90,3.934065934065934,0.03663003663003663,7.0,3.456654456654457,0.12231813363681494
CDMS-9-5C-MLOGO-CorrEtiq.txt,180,81,179,28,29,4,1,18,81,80,4.419753086419753,0.04506172839506173,9.0,3.446296296296296,0.13046989926074892
CDMS-9-5C-MLOGO-CorrEtiq.txt,180,78,179,36,38,3,3,20,78,77,4.589743589743589,0.04595404595404595,8.0,3.3313353313353313,0.2459586353817123
CDMS-9-5C-SCAAG-CorrEtiq.txt,180,79,175,22,25,1,3,11,76,76,4.430379746835443,0.0483609217786433,6.0,3.096140350877193,0.07801386377335744
CDMS-9-5C-SCAAG-CorrEtiq.txt,180,78,179,31,34,2,3,11,78,76,4.589743589743589,0.047619047619047616,7.0,3.2254412254412252,0.0951052845789688
CDMS-XX-10A-VGILO-CorrEtiq.txt,180,84,179,17,18,6,2,9,84,83,4.261904761904762,0.0444635685599541,6.0,3.1302352266207687,0.14432064957827895
CDMS-XX-10A-VGILO-CorrEtiq.txt,180,83,175,23,21,9,0,8,82,74,4.216867469879518,0.04260946223920071,7.0,3.2460102378801565,0.10140571751224892
CDMS-XX-10A-VGILO-CorrEtiq.txt,180,86,175,24,23,5,0,4,85,78,4.069767441860465,0.04021887824897401,8.0,3.418207282913165,0.04537004643023795
CDMS-XX-5C-MJSARU-CorrEtiq.txt,180,87,179,23,31,0,8,5,87,86,4.114942528735632,0.039561614541566426,7.0,3.2659716653301256,0.06330053625879398
CDMS-XX-5C-MJSARU-CorrEtiq.txt,180,86,179,29,34,2,5,7,86,86,4.162790697674419,0.03912448700410397,9.0,3.454719562243502,0.12053496758839115
CDMS-XX-5C-MPCAQU-CorrEtiq.txt,180,73,179,33,35,0,2,13,73,73,4.904109589041096,0.0547945205479452,5.0,2.954718417047184,0.13582529476969446
CDMS-XX-5C-MPCAQU-CorrEtiq.txt,180,74,179,32,36,0,4,15,74,73,4.837837837837838,0.052943354313217325,6.0,2.9874120696038506,0.16140243903401796
CDMS-XX-6A-MAGICA-CorrEtiq.txt,180,90,177,17,19,1,2,11,90,89,3.933333333333333,0.03920099875156055,7.0,3.337827715355805,0.08850259762024468
CDMS-XX-6A-MAGICA-CorrEtiq.txt,180,91,177,17,19,1,2,10,91,86,3.89010989010989,0.03833943833943834,10.0,3.627838827838828,0.07393705016523375
CDMS-XX-6A-MAGICA-CorrEtiq.txt,180,89,177,14,17,0,3,9,89,88,3.9775280898876404,0.04085801838610827,6.0,3.3289070480081717,0.0906673064220695
CDMS-XX-6A-MAGICA-CorrEtiq.txt,180,88,179,20,23,0,3,6,88,88,4.068181818181818,0.04075235109717868,8.0,3.506269592476489,0.07201069132887315
CDMS-XX-6A-MAGICA-CorrEtiq.txt,180,89,179,29,33,1,4,6,89,88,4.022471910112359,0.037027579162410625,8.0,3.5584780388151174,0.06364523337424859
CDMS-XX-6A-MAGICA-CorrEtiq.txt,180,83,179,34,36,1,2,5,83,83,4.313253012048193,0.041727887158389654,9.0,3.629444607699089,0.06021575479406804
CDMS-XX-6A-MAGICA-CorrEtiq.txt,180,74,179,35,36,0,1,6,74,74,4.837837837837838,0.052943354313217325,6.0,3.058496853017401,0.08994931494931495
CDMS-XX-6B-SPUCA-CorrEtiq.txt,180,95,179,15,19,0,4,9,95,94,3.768421052631579,0.03583426651735722,7.0,3.5733482642777155,0.11625407100639298
CDMS-XX-6B-SPUCA-CorrEtiq.txt,180,87,179,24,30,0,6,8,87,87,4.114942528735632,0.03982892274792836,7.0,3.451483560545309,0.11947720223582294
CDMS-XX-6B-SPUCA-CorrEtiq.txt,180,77,179,35,41,1,6,12,77,77,4.64935064935065,0.0468215994531784,6.0,3.093643198906357,0.1719439290867862
CDMS-XX-6B-SPUCA-CorrEtiq.txt,180,81,179,30,36,1,6,6,81,81,4.419753086419753,0.043827160493827164,6.0,3.075617283950617,0.0964339573501367
CSO-10-4A-ICAPA-CorrEtiq.txt,180,80,177,35,41,1,6,4,80,80,4.425,0.04272151898734177,7.0,3.206329113924051,0.0828625541125541
CSO-10-4A-ICAPA-CorrEtiq.txt,180,72,179,45,51,0,6,9,72,70,4.972222222222222,0.050078247261345854,7.0,3.106807511737089,0.1506625840571919
CSO-10-4A-ICAPA-CorrEtiq.txt,180,74,179,32,36,1,4,15,74,72,4.837837837837838,0.05257312106627175,5.0,2.8963346908552388,0.25234984399744126
CSO-10-4A-ICAPA-CorrEtiq.txt,180,71,179,37,43,1,6,17,71,71,5.042253521126761,0.05432595573440644,5.0,2.77625754527163,0.2775969343492128
CSO-10-4A-KCOMO-CorrEtiq.txt,180,75,179,23,32,4,9,12,75,74,4.773333333333333,0.05153153153153153,7.0,3.0306306306306308,0.1252430750077809
CSO-10-4A-KCOMO-CorrEtiq.txt,180,73,179,34,38,4,5,6,73,71,4.904109589041096,0.05213089802130898,6.0,2.9356925418569255,0.11526438124115314
CSO-10-4A-KCOMO-CorrEtiq.txt,180,77,179,32,35,2,3,10,77,76,4.64935064935065,0.048530416951469584,7.0,3.2060833902939168,0.12929646111464294
CSO-10-4A-KCOMO-CorrEtiq.txt,180,84,179,23,29,0,6,14,84,84,4.261904761904762,0.043029259896729774,8.0,3.2076878944348826,0.1596277399848829
CSO-10-4A-LRAVI-CorrEtiq.txt,180,78,175,33,41,0,8,12,76,76,4.487179487179487,0.044622044622044624,7.0,3.099298245614035,0.15410620006773854
CSO-10-4A-LSCAVA-CorrEtiq.txt,180,94,179,26,33,0,7,5,94,93,3.8085106382978724,0.033401967513154884,9.0,3.8814916495081215,0.0951234344851366
CSO-10-4A-LSCAVA-CorrEtiq.txt,180,89,179,36,42,1,6,4,89,86,4.022471910112359,0.03472931562819203,9.0,3.8955566905005106,0.08353843410023186
CSO-10-5A-ACAVA-CorrEtiq.txt,180,97,179,17,19,4,2,6,97,97,3.6907216494845363,0.03350515463917526,8.0,3.7158505154639174,0.05441740089054251
CSO-10-5A-ACAVA-CorrEtiq.txt,180,85,179,22,23,5,2,7,85,83,4.211764705882353,0.042296918767507005,8.0,3.1753501400560222,0.10782808160196455
CSO-10-5A-ARACA-CorrEtiq.txt,180,83,167,27,28,1,1,2,82,81,4.024096385542169,0.04055245371730826,6.0,3.35742246311352,0.07286207768135479
CSO-10-5A-ARACA-CorrEtiq.txt,180,79,171,25,26,3,1,7,78,78,4.329113924050633,0.04608893216488153,7.0,3.244089244089244,0.08515398104005699
CSO-10-5A-DABRZA-CorrEtiq.txt,180,83,177,33,36,0,3,9,83,82,4.265060240963855,0.041434028798119305,8.0,3.4707610931531003,0.0995898699300542
CSO-10-5A-DABRZA-CorrEtiq.txt,180,68,177,44,50,0,6,13,68,65,5.205882352941177,0.05575065847234416,7.0,3.1369622475856014,0.1307595590683826
CSO-10-5A-DABRZA-CorrEtiq.txt,180,71,179,36,44,3,8,17,71,71,5.042253521126761,0.05311871227364185,7.0,3.0672032193158953,0.19173295611397906
CSO-10-5A-DABRZA-CorrEtiq.txt,180,78,179,35,40,5,6,10,78,78,4.589743589743589,0.044622044622044624,7.0,3.264069264069264,0.13132774088656438
CSO-10-5A-DABRZA-CorrEtiq.txt,180,68,179,42,46,5,5,13,68,68,5.264705882352941,0.056189640035118525,6.0,2.9073748902546095,0.1486087537990652
CSO-10-5A-GZAMA-CorrEtiq.txt,180,75,177,30,31,0,1,17,75,74,4.72,0.05261261261261261,7.0,3.0302702702702704,0.21454893254893254
CSO-10-5A-GZAMA-CorrEtiq.txt,180,82,177,25,27,0,2,8,82,80,4.317073170731708,0.045167118337850046,7.0,3.228244504667269,0.12650793650793649
CSO-10-5A-GZAMA-CorrEtiq.txt,180,83,179,23,24,0,1,7,83,83,4.313253012048193,0.0455480458419042,6.0,3.0558330884513665,0.1224672805998107
CSO-10-5A-GZAMA-CorrEtiq.txt,180,86,179,22,25,1,3,6,86,83,4.162790697674419,0.04186046511627907,7.0,3.2325581395348837,0.0830437622146419
CSO-10-5A-GZAMA-CorrEtiq.txt,180,75,179,26,34,2,8,10,75,75,4.773333333333333,0.05153153153153153,6.0,3.01009009009009,0.11908774014656369
CSO-10-5A-IPECA-CorrEtiq.txt,180,81,179,27,32,1,5,12,81,80,4.419753086419753,0.04506172839506173,6.0,3.1641975308641976,0.0959537718796978
CSO-10-5A-IPECA-CorrEtiq.txt,180,82,179,26,28,0,2,15,82,80,4.365853658536586,0.04546823246010238,7.0,3.0843119542306536,0.13340566118153294
CSO-10-5A-JANORO-CorrEtiq.txt,180,87,179,20,27,1,7,11,87,86,4.114942528735632,0.04036353916065223,7.0,3.2707832130446404,0.11585132431988417
CSO-10-5A-JANORO-CorrEtiq.txt,180,85,175,19,24,1,5,11,84,79,4.117647058823529,0.04201680672268908,7.0,3.203958691910499,0.1305312987665929
CSO-10-5A-JBUVE-CorrEtiq.txt,180,89,179,21,24,2,3,5,89,89,4.022471910112359,0.039070480081716034,7.0,3.3907048008171605,0.07578186849502117
CSO-10-5A-JBUVE-CorrEtiq.txt,180,87,179,26,30,2,4,9,87,85,4.114942528735632,0.03929430633520449,7.0,3.3341352579524193,0.076649499925362
CSO-10-5A-JJSEMO-CorrEtiq.txt,180,77,177,31,35,1,4,8,77,76,4.597402597402597,0.04818865345181134,6.0,3.014695830485304,0.0962983787106259
CSO-10-5A-JLCARI-CorrEtiq.txt,180,89,175,22,25,1,3,4,88,85,3.932584269662921,0.03804902962206333,7.0,3.4623824451410656,0.07623415909932763
CSO-10-5A-MAARAN-CorrEtiq.txt,180,70,179,45,45,1,0,17,70,69,5.114285714285714,0.05507246376811594,8.0,3.2438923395445136,0.2337568966980732
CSO-10-5A-MAARAN-CorrEtiq.txt,180,69,179,48,50,2,2,13,69,69,5.188405797101449,0.05413469735720375,7.0,2.972719522591645,0.20188081477973613
CSO-10-5A-MAARAN-CorrEtiq.txt,180,69,179,41,45,1,4,18,69,69,5.188405797101449,0.056692242114237,6.0,2.8260869565217392,0.268112723787781
CSO-10-5A-MAOSMO-CorrEtiq.txt,180,90,179,21,25,0,4,4,90,88,3.977777777777778,0.03845193508114857,7.0,3.5038701622971287,0.03390930057596724
CSO-10-5A-MAOSMO-CorrEtiq.txt,180,80,179,23,25,1,2,6,80,79,4.475,0.04841772151898734,6.0,3.0449367088607593,0.08444136949651657
CSO-10-5A-MAOSMO-CorrEtiq.txt,180,86,179,25,28,1,3,5,86,86,4.162790697674419,0.04103967168262654,8.0,3.5934336525307797,0.07380482035064798
CSO-10-5A-MAOSMO-CorrEtiq.txt,180,101,179,16,18,0,2,9,101,99,3.5445544554455446,0.03188118811881188,8.0,3.691881188118812,0.03869456758216222
CSO-10-5A-RVMOIB-CorrEtiq.txt,180,90,179,17,18,1,1,6,90,90,3.977777777777778,0.039950062421972535,6.0,3.233957553058677,0.08213295963295963
CSO-10-5A-RVMOIB-CorrEtiq.txt,180,84,179,27,28,0,1,10,84,80,4.261904761904762,0.04331612162937464,9.0,3.4285714285714284,0.12350130028701456
CSO-10-5A-RVMOIB-CorrEtiq.txt,180,81,179,27,30,1,3,11,81,81,4.419753086419753,0.04567901234567901,6.0,3.130246913580247,0.08666737925997185
CSO-10-5A-RVMOIB-CorrEtiq.txt,180,94,179,12,17,2,5,10,94,94,3.8085106382978724,0.036604895904827274,8.0,3.250972317547472,0.08116602993505041
CSO-10-5A-SVHEES-CorrEtiq.txt,180,85,179,15,17,5,2,14,85,85,4.211764705882353,0.04397759103641457,7.0,3.212324929971989,0.14926243891340926
CSO-10-5A-SVHEES-CorrEtiq.txt,180,77,179,26,28,6,2,10,77,77,4.64935064935065,0.04955570745044429,6.0,2.9576213260423785,0.1329573367808662
CSO-10-5A-SVHEES-CorrEtiq.txt,180,67,179,41,43,4,3,11,67,67,5.343283582089552,0.05970149253731343,5.0,2.6974219810040707,0.14018459883469536
CSO-10-5A-SVHEES-CorrEtiq.txt,180,64,179,41,47,3,6,13,64,64,5.59375,0.06398809523809523,5.0,2.7137896825396823,0.1640187937062937
CSO-11-5A-MDVOSPE-CorrEtiq.txt,180,80,177,28,30,2,2,7,80,80,4.425,0.04588607594936709,7.0,3.1151898734177217,0.12197253726665491
CSO-11-5A-MDVOSPE-CorrEtiq.txt,180,71,177,36,39,1,3,13,71,70,4.985915492957746,0.055130784708249496,6.0,2.9348088531187124,0.13385269797863003
CSO-11-5A-MDVOSPE-CorrEtiq.txt,180,82,179,31,34,0,3,12,82,81,4.365853658536586,0.043661547726588375,7.0,3.404396266184884,0.11679824240799852
CSO-11-5A-MTAGA-CorrEtiq.txt,180,91,179,21,25,4,4,7,91,90,3.934065934065934,0.03663003663003663,8.0,3.6605616605616604,0.06043681593132142
CSO-11-5A-MTAGA-CorrEtiq.txt,180,79,179,32,36,1,4,5,79,79,4.531645569620253,0.04608893216488153,7.0,3.2440765985069784,0.08061857270718031
CSO-11-6A-CAPAMU-CorrEtiq.txt,180,95,171,16,17,3,1,5,92,87,3.6,0.03381858902575588,8.0,3.707596751075012,0.04988356672567199
CSO-11-6A-CAPAMU-CorrEtiq.txt,180,92,171,23,24,1,1,6,88,82,3.717391304347826,0.03487816531294792,10.0,3.623040752351097,0.05621646342470142
CSO-11-6A-CAPAMU-CorrEtiq.txt,180,86,177,25,26,2,1,13,83,83,4.116279069767442,0.04076607387140903,6.0,3.0667058477813693,0.13790482773040913
CSO-11-6A-DSCACH-CorrEtiq.txt,180,95,179,16,17,1,1,3,95,95,3.768421052631579,0.036058230683090706,6.0,3.36013437849944,0.03581392291918608
CSO-11-6A-DSCACH-CorrEtiq.txt,180,90,179,25,26,0,1,6,90,89,3.977777777777778,0.038202247191011236,7.0,3.4901373283395754,0.05406176612058964
CSO-11-6A-EROMO-CorrEtiq.txt,180,84,179,30,39,0,9,6,84,84,4.261904761904762,0.040160642570281124,7.0,3.3026391279403327,0.05855150140864428
CSO-11-6A-FSOVRE-CorrEtiq.txt,180,82,175,30,37,3,7,5,81,77,4.2682926829268295,0.04065040650406504,7.0,3.2848765432098768,0.0679006968641115
CSO-11-6A-FSOVRE-CorrEtiq.txt,180,75,179,36,39,2,3,9,75,72,4.773333333333333,0.04972972972972973,6.0,3.165045045045045,0.10936441336441338
CSO-11-6A-FSOVRE-CorrEtiq.txt,180,66,179,40,46,0,6,15,66,64,5.424242424242424,0.062004662004662,5.0,2.836829836829837,0.19188785071138012
CSO-11-6B-ANREVA-CorrEtiq.txt,180,86,179,26,29,1,3,13,86,86,4.162790697674419,0.04076607387140903,7.0,3.321751025991792,0.10711440284241093
CSO-11-6B-ANREVA-CorrEtiq.txt,180,77,179,31,34,2,3,9,77,75,4.64935064935065,0.04887218045112782,6.0,2.9299384825700616,0.12964126782308602
CSO-11-6B-ANREVA-CorrEtiq.txt,180,80,179,36,39,1,3,11,80,78,4.475,0.0439873417721519,7.0,3.1658227848101266,0.1788048245614035
CSO-11-6B-DISEMO-CorrEtiq.txt,180,90,169,21,25,0,4,8,88,78,3.7555555555555555,0.035955056179775284,8.0,3.6157262277951934,0.07234481567814902
CSO-11-6B-LHFDLACH-CorrEtiq.txt,180,83,175,32,36,4,4,2,83,81,4.216867469879518,0.03967087863649721,7.0,3.6523655598001765,0.041948747370434115
CSO-11-6B-LHFDLACH-CorrEtiq.txt,180,89,175,20,28,3,8,5,89,84,3.932584269662921,0.03677221654749745,8.0,3.5584780388151174,0.07352476230533071
CSO-11-6B-LHFDLACH-CorrEtiq.txt,180,89,179,25,32,1,7,10,89,89,4.022471910112359,0.0372829417773238,7.0,3.3618488253319714,0.09462681106550183
CSO-11-6B-RJGIHE-CorrEtiq.txt,180,87,179,16,20,3,4,17,87,87,4.114942528735632,0.04170008019246191,7.0,3.14915797914996,0.19189512063075279
CSO-11-6B-RJGIHE-CorrEtiq.txt,180,77,179,25,26,4,1,18,77,74,4.64935064935065,0.05092276144907724,5.0,2.9125085440874914,0.21612166375344374
CSO-11-6B-RJGIHE-CorrEtiq.txt,180,81,179,29,30,6,4,14,81,81,4.419753086419753,0.0441358024691358,6.0,3.131172839506173,0.18052061792802535
CSO-11-6B-SFLVA-CorrEtiq.txt,180,83,179,21,24,7,5,14,83,82,4.313253012048193,0.043491037320011756,7.0,3.2342051131354688,0.15190747122001552
CSO-11-6B-SFLVA-CorrEtiq.txt,180,74,179,33,39,8,7,14,74,74,4.837837837837838,0.04887078859681599,6.0,3.1044057756386523,0.2076349193996253
CSO-11-6B-VCOMA-CorrEtiq.txt,180,93,179,20,23,3,4,4,93,93,3.849462365591398,0.03576437587657784,7.0,3.5201028517999067,0.04860060173153153
CSO-11-6B-VCOMA-CorrEtiq.txt,180,85,179,25,29,0,4,11,85,85,4.211764705882353,0.04201680672268908,6.0,3.1554621848739495,0.13630933656885214
CSO-12-6A-DGISE-CorrEtiq.txt,180,90,179,18,17,10,3,7,90,90,3.977777777777778,0.037952559300873906,7.0,3.416729088639201,0.07743519552343084
CSO-12-6A-DGISE-CorrEtiq.txt,180,80,179,28,34,6,7,7,80,80,4.475,0.0439873417721519,7.0,3.2911392405063293,0.08549374236874237
CSO-12-6A-FJOVRE-CorrEtiq.txt,180,80,175,20,25,4,5,10,79,75,4.375,0.046202531645569624,6.0,2.977280103862382,0.0746898750759045
CSO-12-6A-FJOVRE-CorrEtiq.txt,180,81,175,27,30,1,3,13,80,77,4.320987654320987,0.044444444444444446,7.0,3.105379746835443,0.11441180110770753
CSO-12-6B-GQULO-CorrEtiq.txt,180,85,179,15,18,8,3,2,85,85,4.211764705882353,0.04285714285714286,8.0,3.319327731092437,0.04436770659680877
CSO-12-6B-GQULO-CorrEtiq.txt,180,75,179,38,44,5,6,8,75,73,4.773333333333333,0.04684684684684685,7.0,3.2227027027027026,0.10423036223036222
CSO-12-6B-LJHEFE-CorrEtiq.txt,180,94,179,12,16,3,4,5,94,91,3.8085106382978724,0.036604895904827274,8.0,3.4646533973919014,0.08541143879066282
CSO-12-6B-LJHEFE-CorrEtiq.txt,180,94,179,10,16,3,6,8,94,92,3.8085106382978724,0.036604895904827274,6.0,3.385037748798902,0.07378565121796794
CSO-12-6B-LJHEFE-CorrEtiq.txt,180,80,179,27,33,1,6,13,80,78,4.475,0.04588607594936709,6.0,3.1389240506329115,0.15899080086580086
CSO-12-6B-LJHEFE-CorrEtiq.txt,180,84,179,29,32,1,3,11,84,83,4.261904761904762,0.04188181296615032,7.0,3.3201376936316693,0.1800919940625823
CSO-12-6B-VPAMA-CorrEtiq.txt,180,64,155,41,42,2,1,10,62,53,4.84375,0.05505952380952381,7.0,3.1517715494447383,0.10169214466089466
CSO-12-7A-DALRE-CorrEtiq.txt,180,72,177,36,40,3,4,11,72,72,4.916666666666667,0.05242566510172144,7.0,3.3024256651017216,0.10706473310639977
CSO-12-7A-DALRE-CorrEtiq.txt,180,72,177,38,43,3,5,9,72,72,4.916666666666667,0.051251956181533644,7.0,3.115805946791862,0.10891183072555621
CSO-12-7A-DALRE-CorrEtiq.txt,180,71,177,42,45,2,3,13,71,70,4.985915492957746,0.052313883299798795,6.0,3.053118712273642,0.17705988432997546
CSO-12-7A-DALRE-CorrEtiq.txt,180,66,179,50,53,4,3,11,66,66,5.424242424242424,0.05687645687645688,6.0,2.963170163170163,0.21900707313034926
CSO-12-7A-ESALA-CorrEtiq.txt,180,73,179,34,37,0,3,10,73,73,4.904109589041096,0.05403348554033485,6.0,2.9124809741248097,0.10149527574460779
CSO-12-7A-IMERO-CorrEtiq.txt,180,83,179,23,25,4,2,9,83,82,4.313253012048193,0.044078754040552455,8.0,3.36144578313253,0.08532224134633774
CSO-12-7A-IMERO-CorrEtiq.txt,180,81,179,21,25,4,4,13,81,81,4.419753086419753,0.046296296296296294,8.0,3.3472222222222223,0.1692591969967171
CSO-12-7A-IMERO-CorrEtiq.txt,180,78,179,28,36,3,8,11,78,77,4.589743589743589,0.046620046620046623,7.0,3.18015318015318,0.14455025650677827
CSO-12-7A-IMERO-CorrEtiq.txt,180,81,179,25,33,1,8,5,81,81,4.419753086419753,0.044753086419753084,6.0,3.1950617283950615,0.08896079734286363
CSO-12-7A-IMERO-CorrEtiq.txt,180,93,179,21,26,0,5,7,93,92,3.849462365591398,0.03576437587657784,7.0,3.503973819541842,0.08224877764725963
CSO-12-7A-JHEZA-CorrEtiq.txt,180,89,171,24,27,2,3,6,87,82,3.842696629213483,0.03626149131767109,7.0,3.462175888799786,0.06667069252991262
CSO-12-7A-JHEZA-CorrEtiq.txt,180,97,173,13,17,5,5,11,96,89,3.5670103092783507,0.03243127147766323,9.0,3.757017543859649,0.13462387223917338
CSO-12-7A-LSARAR-CorrEtiq.txt,180,75,179,35,41,0,6,12,75,75,4.773333333333333,0.04972972972972973,6.0,3.037117117117117,0.15065178096757045
CSO-12-7A-SCAHO-CorrEtiq.txt,180,89,179,26,30,0,4,8,89,89,4.022471910112359,0.03804902962206333,10.0,3.677477017364658,0.07576586958609431
CSO-12-7A-SCAHO-CorrEtiq.txt,180,85,179,30,35,1,5,9,85,84,4.211764705882353,0.04005602240896359,8.0,3.534453781512605,0.0860396437890044
CSO-12-7A-SCAHO-CorrEtiq.txt,180,86,179,26,30,1,4,10,86,85,4.162790697674419,0.04049247606019152,8.0,3.2752393980848153,0.10436270447898353
CSO-12-7B-DVAGRO-CorrEtiq.txt,180,96,179,17,22,4,6,6,96,95,3.7291666666666665,0.03355263157894737,8.0,3.7780701754385966,0.050040319157966216
CSO-12-7B-DVAGRO-CorrEtiq.txt,180,83,179,28,32,4,4,7,83,81,4.313253012048193,0.04202174551866,7.0,3.2189244784014104,0.04855144855144855
CSO-12-7B-SMUGU-CorrEtiq.txt,180,77,179,27,28,1,1,11,77,75,4.64935064935065,0.05126452494873548,7.0,3.030416951469583,0.1212835275197062
CSO-12-7B-SMUGU-CorrEtiq.txt,180,75,179,27,30,3,3,10,75,73,4.773333333333333,0.05261261261261261,6.0,2.968288288288288,0.07833279139161492
CSO-12-7B-SSARA-CorrEtiq.txt,180,97,179,14,17,4,3,2,97,96,3.6907216494845363,0.033934707903780066,9.0,3.6372422680412373,0.041310007289388724
CSO-12-7B-SSARA-CorrEtiq.txt,180,85,179,26,30,3,4,7,85,84,4.211764705882353,0.04089635854341737,9.0,3.566106442577031,0.028134284016636958
CSO-12-7B-VHOMA-CorrEtiq.txt,180,86,179,24,27,2,3,8,86,86,4.162790697674419,0.04103967168262654,9.0,3.466484268125855,0.1448384880453424
CSO-12-7B-VHOMA-CorrEtiq.txt,180,90,179,22,23,2,1,4,90,88,3.977777777777778,0.03845193508114857,7.0,3.247940074906367,0.07866714182503655
CSO-12-7B-VHOMA-CorrEtiq.txt,180,104,179,16,14,5,0,1,104,104,3.4423076923076925,0.029873039581777446,8.0,3.8127333831217327,0.025384898221436684
CSO-12-7B-VHOMA-CorrEtiq.txt,180,101,179,17,18,5,3,5,101,101,3.5445544554455446,0.03089108910891089,8.0,3.812079207920792,0.07784473825533814
CSO-12-8A-YTOME-CorrEtiq.txt,180,77,179,31,34,0,3,13,77,77,4.64935064935065,0.04955570745044429,6.0,3.1599453178400547,0.1412753955152733
CSO-12-8A-YTOME-CorrEtiq.txt,180,74,179,31,34,1,3,13,74,73,4.837837837837838,0.053313587560162905,6.0,2.880784894483525,0.1905167492124014
CSO-13-6A-ANASA-CorrEtiq.txt,180,90,179,20,23,1,3,4,90,90,3.977777777777778,0.03870162297128589,7.0,3.339325842696629,0.042889536026790936
CSO-13-6A-ANASA-CorrEtiq.txt,180,99,179,21,24,1,3,1,99,99,3.6161616161616164,0.031746031746031744,7.0,3.748299319727891,0.023456790123456788
CSO-13-6A-ANASA-CorrEtiq.txt,180,89,179,26,34,0,8,6,89,89,4.022471910112359,0.037027579162410625,7.0,3.4966802860061286,0.06674639893410549
CSO-13-6A-ANASA-CorrEtiq.txt,180,76,179,37,42,0,5,9,76,73,4.7105263157894735,0.04807017543859649,7.0,3.1564912280701756,0.0908189591626124
CSO-13-6A-ANASA-CorrEtiq.txt,180,84,179,28,33,0,5,5,84,80,4.261904761904762,0.04188181296615032,9.0,3.3026391279403327,0.07530128212901321
CSO-13-6A-ANASA-CorrEtiq.txt,180,87,179,29,33,1,4,3,87,86,4.114942528735632,0.03875968992248062,6.0,3.364341085271318,0.06999447288493942
CSO-13-6A-ANASA-CorrEtiq.txt,180,89,179,27,30,1,3,6,89,89,4.022471910112359,0.03779366700715015,8.0,3.6085291113381,0.08231949074645703
CSO-13-6B-JETAVE-CorrEtiq.txt,180,85,179,27,29,0,2,12,85,83,4.211764705882353,0.04201680672268908,7.0,3.3263305322128853,0.0861496123415628
CSO-13-6B-JETAVE-CorrEtiq.txt,180,78,179,37,40,0,3,13,78,77,4.589743589743589,0.04628704628704629,6.0,3.1481851481851484,0.13146638561618318
CSO-13-6B-JETAVE-CorrEtiq.txt,180,73,179,43,43,2,1,14,73,73,4.904109589041096,0.05098934550989345,5.0,2.8926940639269407,0.19143457938784286
CSO-13-6B-JETAVE-CorrEtiq.txt,180,73,179,46,47,2,2,9,73,73,4.904109589041096,0.04946727549467275,6.0,3.0859969558599696,0.10621239691174804
CSO-13-6B-LFMIES-CorrEtiq.txt,180,87,175,22,26,2,4,11,81,80,4.022988505747127,0.03929430633520449,9.0,3.2916666666666665,0.13744749659396827
CSO-13-6B-LFMIES-CorrEtiq.txt,180,79,175,29,32,2,3,11,77,75,4.430379746835443,0.045764362220058426,7.0,3.0338345864661656,0.15727964019103258
CSO-13-6B-LJMAHU-CorrEtiq.txt,180,85,169,23,27,0,4,6,84,79,3.976470588235294,0.039775910364145656,6.0,3.210556511761331,0.09026342361982499
CSO-13-6B-LJMAHU-CorrEtiq.txt,180,59,171,74,78,0,4,1,59,57,5.796610169491525,0.054354178842782,7.0,3.244301578024547,0.05924132364810332
CSO-13-6B-LJMAHU-CorrEtiq.txt,180,78,173,33,38,2,6,2,77,76,4.435897435897436,0.04428904428904429,7.0,3.1913875598086126,0.05995605910764283
CSO-13-7A-CAPAMU-CorrEtiq.txt,180,82,177,21,28,5,8,5,82,82,4.317073170731708,0.04336043360433604,7.0,3.310448660042156,0.08914872390482148
CSO-13-7A-CAPAMU-CorrEtiq.txt,180,81,177,29,33,6,6,10,81,78,4.37037037037037,0.04259259259259259,7.0,3.373456790123457,0.10630439519328405
CSO-13-7A-CAPAMU-CorrEtiq.txt,180,84,177,24,31,5,7,7,84,83,4.214285714285714,0.04044750430292599,8.0,3.63798049340218,0.06218602825745683
CSO-13-7A-CAPAMU-CorrEtiq.txt,180,85,175,24,31,3,7,5,85,82,4.117647058823529,0.03949579831932773,7.0,3.496638655462185,0.06371125414378008
CSO-13-7A-CAPAMU-CorrEtiq.txt,180,83,175,31,37,1,6,8,83,82,4.216867469879518,0.04025859535703791,7.0,3.486335586247429,0.06677036641600781
CSO-13-7A-CDDITR-CorrEtiq.txt,180,86,179,24,25,0,1,9,86,86,4.162790697674419,0.04213406292749658,8.0,3.4705882352941178,0.10168536054308967
CSO-13-7A-JJATFL-CorrEtiq.txt,180,87,179,24,29,1,5,9,87,87,4.114942528735632,0.03982892274792836,6.0,3.0769847634322374,0.09804096682812499
CSO-13-7A-JJATFL-CorrEtiq.txt,180,84,179,31,34,1,3,11,84,82,4.261904761904762,0.04130808950086059,6.0,3.0094664371772804,0.1617917466131752
CSO-13-7A-KRAMA-CorrEtiq.txt,180,75,179,27,31,3,4,10,75,75,4.773333333333333,0.05225225225225225,6.0,2.982702702702703,0.1331160625866508
CSO-13-7A-RXCHLU-CorrEtiq.txt,180,79,179,19,22,0,3,17,79,78,4.531645569620253,0.050957481337228175,5.0,2.848750405712431,0.22490708607789972
CSO-13-7A-YAMEZA-CorrEtiq.txt,180,81,179,21,27,1,6,14,81,81,4.419753086419753,0.04660493827160494,7.0,3.226543209876543,0.12251116870999913
CSO-13-7A-YAMEZA-CorrEtiq.txt,180,83,179,27,30,1,3,7,83,83,4.313253012048193,0.043491037320011756,7.0,3.1804290332059946,0.08491033731997587
CSO-13-7A-YAMEZA-CorrEtiq.txt,180,84,179,28,31,1,3,7,84,84,4.261904761904762,0.04216867469879518,7.0,3.2036718301778544,0.054391037689357026
CSO-13-7A-YAMEZA-CorrEtiq.txt,180,88,179,17,22,2,5,11,88,85,4.068181818181818,0.04049111807732497,7.0,3.270376175548589,0.08101461935193993
CSO-13-7A-YAMEZA-CorrEtiq.txt,180,86,179,23,27,5,5,11,86,84,4.162790697674419,0.04021887824897401,7.0,3.3091655266757867,0.1091886851492514
CSO-13-7A-YBOSO-CorrEtiq.txt,180,81,153,28,30,3,2,5,77,52,3.7777777777777777,0.037037037037037035,10.0,3.8301435406698565,0.09379961602183824
CSO-13-8A-KIGAGU-CorrEtiq.txt,180,75,179,35,38,8,5,6,75,75,4.773333333333333,0.04792792792792793,6.0,3.120720720720721,0.11122143216260862
CSO-13-8A-MBUAN-CorrEtiq.txt,180,96,175,23,26,3,3,3,94,89,3.6458333333333335,0.032017543859649125,9.0,3.8693662777396476,0.05563747594997595
CSO-13-8A-MBUAN-CorrEtiq.txt,180,85,179,24,27,4,4,8,85,84,4.211764705882353,0.04145658263305322,8.0,3.574229691876751,0.061658994600171074
CSO-13-8A-MBUAN-CorrEtiq.txt,180,74,179,31,35,3,5,6,74,74,4.837837837837838,0.05220288781932617,6.0,3.1973343206219917,0.0954149454149454
CSO-13-8A-MBUAN-CorrEtiq.txt,180,81,179,30,33,1,3,4,81,80,4.419753086419753,0.044753086419753084,8.0,3.471604938271605,0.07975563531119087
CSO-13-8A-MBUAN-CorrEtiq.txt,180,84,179,20,22,1,2,7,84,84,4.261904761904762,0.04475043029259897,7.0,3.210556511761331,0.07238014086753582
CSO-13-8A-MGAAN-CorrEtiq.txt,180,92,179,18,23,2,5,4,92,91,3.891304347826087,0.03678929765886288,6.0,3.3967988533205924,0.07682583117365727
CSO-13-8A-MGAAN-CorrEtiq.txt,180,88,179,29,33,0,4,3,88,85,4.068181818181818,0.03814002089864159,7.0,3.314524555903866,0.06647119591638308
CSO-13-8A-MGAAN-CorrEtiq.txt,180,93,179,22,29,2,7,7,93,93,3.849462365591398,0.0345956054230949,8.0,3.550724637681159,0.12270249878945531
CSO-13-8A-MGAHE-CorrEtiq.txt,180,87,179,23,25,2,2,3,87,87,4.114942528735632,0.04063084736701417,6.0,3.2483293237102377,0.026859657133490807
CSO-13-8A-MGAHE-CorrEtiq.txt,180,85,179,27,27,1,0,7,85,83,4.211764705882353,0.042296918767507005,7.0,3.254621848739496,0.10642377230612526
CSO-13-8A-MGAHE-CorrEtiq.txt,180,72,179,30,31,1,1,14,72,72,4.972222222222222,0.057511737089201875,6.0,2.9268388106416277,0.1510739895543817
CSO-13-8A-MGAHE-CorrEtiq.txt,180,76,179,35,36,1,1,7,76,75,4.7105263157894735,0.04982456140350877,7.0,3.232982456140351,0.06611889572415888
CSO-13-8A-MJAGA-CorrEtiq.txt,180,73,179,39,41,9,8,11,73,73,4.904109589041096,0.04908675799086758,6.0,3.0745814307458144,0.12161263394140107
CSO-13-8A-MJAGA-CorrEtiq.txt,180,74,179,36,36,12,7,14,74,74,4.837837837837838,0.04850055534987042,7.0,3.1636430951499444,0.14036357786357784
CSO-13-8A-VHODU-CorrEtiq.txt,180,84,179,21,25,3,4,10,84,81,4.261904761904762,0.04331612162937464,7.0,3.2114170969592655,0.1176003229574658
CSO-13-8A-VHODU-CorrEtiq.txt,180,84,179,21,25,2,4,14,84,84,4.261904761904762,0.04360298336201951,8.0,3.1313826735513484,0.18661845468568158
CSO-13-8A-VHODU-CorrEtiq.txt,180,76,179,25,30,2,5,15,76,76,4.7105263157894735,0.05157894736842105,7.0,2.910877192982456,0.20342236864397525
CSO-13-8B-FCJISA-CorrEtiq.txt,180,88,179,25,28,0,3,8,88,88,4.068181818181818,0.03944618599791014,8.0,3.3628526645768027,0.09530516480189294
CSO-13-8B-JEMABE-CorrEtiq.txt,180,76,171,37,40,3,3,3,73,70,4.5,0.04491228070175438,7.0,3.2168949771689497,0.0920843776106934
CSO-13-8B-JEMABE-CorrEtiq.txt,180,69,171,48,50,2,3,8,66,62,4.956521739130435,0.050724637681159424,8.0,3.071328671328671,0.1418405266231353
CSO-13-8B-JEMABE-CorrEtiq.txt,180,74,179,45,47,1,2,8,74,73,4.837837837837838,0.04850055534987042,6.0,2.9718622732321363,0.15282330458801044
CSO-13-9B-DMLLLU-CorrEtiq.txt,180,78,179,32,34,3,2,10,78,77,4.589743589743589,0.04728604728604729,6.0,3.0496170496170496,0.11962874823286722
CSO-14-7B-EALHU-CorrEtiq.txt,180,79,179,28,32,0,4,10,79,77,4.531645569620253,0.04771178188899708,6.0,3.20772476468679,0.1274316380235963
CSO-14-7B-EALHU-CorrEtiq.txt,180,83,179,33,35,0,2,10,83,81,4.313253012048193,0.04231560387893035,7.0,3.1660299735527477,0.11249722264574512
CSO-14-7B-EVEGO-CorrEtiq.txt,180,87,179,21,25,1,4,2,87,87,4.114942528735632,0.0408981555733761,9.0,3.5062817428495054,0.07537328571811332
CSO-14-7B-EVEGO-CorrEtiq.txt,180,87,179,23,27,0,4,7,87,87,4.114942528735632,0.04063084736701417,7.0,3.3247794707297516,0.08390211321245804
CSO-14-7B-EVEGO-CorrEtiq.txt,180,88,179,29,31,0,2,8,88,87,4.068181818181818,0.038662486938349006,7.0,3.498171368861024,0.09841211966880416
CSO-14-7B-EVEGO-CorrEtiq.txt,180,91,179,29,31,0,2,10,91,91,3.934065934065934,0.036141636141636145,8.0,3.570695970695971,0.11669279650646111
CSO-14-7B-EVEGO-CorrEtiq.txt,180,90,179,24,27,0,3,7,90,89,3.977777777777778,0.037952559300873906,8.0,3.479900124843945,0.08883279574456045
CSO-14-7B-EVEGO-CorrEtiq.txt,180,90,179,24,28,0,4,7,90,90,3.977777777777778,0.03770287141073658,7.0,3.4042446941323345,0.11616642616642617
CSO-14-7B-EVEGO-CorrEtiq.txt,180,86,179,20,23,0,3,12,86,86,4.162790697674419,0.0426812585499316,8.0,3.3028727770177837,0.0820455282511586
CSO-14-7B-EVEGO-CorrEtiq.txt,180,88,179,23,28,2,5,7,88,84,4.068181818181818,0.038923719958202714,9.0,3.454284221525601,0.0959648306239215
CSO-14-7B-EVEGO-CorrEtiq.txt,180,79,179,34,38,2,4,10,79,78,4.531645569620253,0.0451152223304122,6.0,3.1174943200259655,0.11694970901088393
CSO-14-8A-AQUMA-CorrEtiq.txt,180,77,179,22,27,1,5,11,77,76,4.64935064935065,0.05160628844839371,6.0,2.8646616541353382,0.12355576475133387
CSO-14-8A-MCIDOS-CorrEtiq.txt,180,80,163,25,29,2,5,15,75,68,4.075,0.04177215189873418,7.0,3.348828828828829,0.10107115107115106
CSO-14-8A-MCIDOS-CorrEtiq.txt,180,80,171,33,34,2,2,13,76,70,4.275,0.04272151898734177,7.0,3.1821052631578945,0.12799074699809995
CSO-14-8A-SZARA-CorrEtiq.txt,180,88,179,18,24,5,6,7,88,88,4.068181818181818,0.03918495297805643,7.0,3.3294148380355275,0.0484313035449399
CSO-14-8A-SZARA-CorrEtiq.txt,180,77,179,35,40,6,6,9,77,76,4.64935064935065,0.045454545454545456,7.0,3.2611073137388926,0.10611963793781977
CSO-14-8B-JLLORA-CorrEtiq.txt,180,85,179,24,27,2,3,9,85,84,4.211764705882353,0.04201680672268908,7.0,3.243137254901961,0.10048280752615117
CSO-14-8B-JLLORA-CorrEtiq.txt,180,83,179,23,25,4,3,17,83,82,4.313253012048193,0.044078754040552455,6.0,3.037320011754334,0.15084401542232867
CSO-14-9A-AEDCAGO-CorrEtiq.txt,180,93,175,15,20,1,5,6,91,87,3.763440860215054,0.035998129967274424,7.0,3.4603174603174605,0.06964192073300234
CSO-14-9A-AEDCAGO-CorrEtiq.txt,180,97,175,12,19,2,7,4,96,92,3.6082474226804124,0.03307560137457045,8.0,3.5734649122807016,0.0610161888512404
CSO-14-9A-AEDCAGO-CorrEtiq.txt,180,94,179,18,22,3,4,12,94,94,3.8085106382978724,0.035232212308396245,7.0,3.4621368107984445,0.10161712331612205
CSO-14-9A-AEDCAGO-CorrEtiq.txt,180,86,179,24,28,1,4,14,86,85,4.162790697674419,0.04103967168262654,7.0,3.3047879616963063,0.07811233264379637
CSO-14-9A-HASACA-CorrEtiq.txt,180,85,179,21,27,1,6,3,85,84,4.211764705882353,0.042296918767507005,6.0,3.169187675070028,0.04076766370884018
CSO-14-9A-JSMAAL-CorrEtiq.txt,180,85,179,25,27,6,4,11,85,83,4.211764705882353,0.04089635854341737,7.0,3.372829131652661,0.17419315978139505
CSO-14-9A-JSMAAL-CorrEtiq.txt,180,83,177,25,29,6,6,9,83,82,4.265060240963855,0.041727887158389654,8.0,3.3693799588598297,0.14245506049191378
CSO-14-9A-JSMAAL-CorrEtiq.txt,180,85,177,25,28,3,3,13,85,82,4.1647058823529415,0.04089635854341737,6.0,3.2753501400560223,0.1958268528856764
CSO-14-9A-JSMAAL-CorrEtiq.txt,180,88,179,23,27,0,4,10,88,87,4.068181818181818,0.03970741901776385,7.0,3.333594566353187,0.15745841354130122
CSO-14-9A-MARJA-CorrEtiq.txt,180,87,179,24,28,0,4,11,87,86,4.114942528735632,0.04036353916065223,8.0,3.4290296712109063,0.10344495861737239
CSO-14-9A-MARJA-CorrEtiq.txt,180,84,179,25,27,0,2,12,84,83,4.261904761904762,0.04360298336201951,7.0,3.289443488238669,0.1340511418242511
CSO-14-9A-MARJA-CorrEtiq.txt,180,80,179,34,34,0,0,11,80,80,4.475,0.04588607594936709,8.0,3.288607594936709,0.1188036616161616
CSO-14-9A-SORZU-CorrEtiq.txt,180,89,169,22,24,3,2,9,85,80,3.797752808988764,0.03626149131767109,8.0,3.6700280112044816,0.08985128479510501
CSO-14-9A-SORZU-CorrEtiq.txt,180,75,175,33,40,3,7,17,74,71,4.666666666666667,0.04756756756756757,6.0,3.0362828582006665,0.13126780409133348
CSO-14-9B-ERAGA-CorrEtiq.txt,180,67,179,34,43,1,9,15,67,67,5.343283582089552,0.06105834464043419,6.0,2.869742198100407,0.1150303926469538
CSO-14-9B-ERAGA-CorrEtiq.txt,180,68,179,26,34,4,8,14,68,66,5.264705882352941,0.06189640035118525,6.0,2.766900790166813,0.1833869753852453
CSO-14-9B-ERAGA-CorrEtiq.txt,180,81,175,28,31,5,3,13,80,77,4.320987654320987,0.042901234567901236,7.0,3.3534810126582277,0.15632961003331375
CSO-14-9B-MFEGA-CorrEtiq.txt,180,80,179,26,32,5,7,12,80,79,4.475,0.04493670886075949,6.0,3.234493670886076,0.10630623257461491
CSO-14-9B-MFEGA-CorrEtiq.txt,180,80,179,29,32,3,4,12,80,80,4.475,0.04556962025316456,6.0,3.1468354430379746,0.08947967237440921
CSO-15-10A-LJRAGU-CorrEtiq.txt,180,85,175,22,25,1,3,6,85,82,4.117647058823529,0.041736694677871146,8.0,3.49187675070028,0.10361517567399921
CSO-15-10A-LJRAGU-CorrEtiq.txt,180,84,177,27,29,1,2,11,84,83,4.214285714285714,0.04216867469879518,7.0,3.165806081468732,0.1659857510255564
CSO-15-10A-LJRAGU-CorrEtiq.txt,180,81,177,30,32,0,2,15,81,80,4.37037037037037,0.044753086419753084,6.0,3.091666666666667,0.15399212849009195
CSO-15-10A-LJRAGU-CorrEtiq.txt,180,67,177,45,46,0,1,18,67,67,5.2835820895522385,0.05924920850293985,5.0,2.807779285391226,0.17760340820042314
CSO-15-10A-MAARLO-CorrEtiq.txt,180,80,177,21,23,3,3,17,80,77,4.425,0.047784810126582276,7.0,3.0139240506329115,0.19614177209958944
CSO-15-10A-MAARLO-CorrEtiq.txt,180,74,177,22,27,3,5,12,74,71,4.783783783783784,0.05442428730099963,8.0,3.1121806738245095,0.15278735352264763
CSO-15-10A-MAARLO-CorrEtiq.txt,180,81,177,26,28,2,2,7,81,79,4.37037037037037,0.04537037037037037,7.0,3.2429012345679014,0.11630074315259499
CSO-15-10A-SFEGA-CorrEtiq.txt,180,76,171,36,41,1,5,7,74,72,4.5,0.045263157894736845,5.0,3.1425398000740468,0.05775883473251894
CSO-15-10A-SFEGA-CorrEtiq.txt,180,77,171,31,38,2,7,12,75,73,4.441558441558442,0.04477101845522898,6.0,3.0864864864864865,0.16315391170242202
CSO-15-10B-MEBUAR-CorrEtiq.txt,180,84,179,27,31,0,4,8,84,82,4.261904761904762,0.042455536431440045,7.0,3.261904761904762,0.11692606335463478
CSO-15-10B-MEBUAR-CorrEtiq.txt,180,80,179,29,40,0,11,10,80,80,4.475,0.0439873417721519,8.0,3.5015822784810124,0.14127870318087712
CSO-15-10B-YVBUAN-CorrEtiq.txt,180,79,175,24,26,1,2,8,78,77,4.430379746835443,0.04803635183382019,6.0,3.1025641025641026,0.0901102496411506
CSO-15-10C-ALBAHO-CorrEtiq.txt,180,82,179,25,26,6,5,11,82,80,4.365853658536586,0.044263775971093045,7.0,3.242396868413129,0.07704558314314414
CSO-15-10C-ALBAHO-CorrEtiq.txt,180,80,179,28,32,5,6,6,80,78,4.475,0.04493670886075949,8.0,3.443987341772152,0.05425386382623225
CSO-15-10C-ALBAHO-CorrEtiq.txt,180,80,179,26,31,3,6,12,80,76,4.475,0.04588607594936709,7.0,3.240506329113924,0.15161751443001442
CSO-15-10C-SSCAMO-CorrEtiq.txt,180,83,179,27,31,3,4,6,83,83,4.313253012048193,0.04260946223920071,7.0,3.2089332941522186,0.0964891375798161
CSO-15-10C-SSCAMO-CorrEtiq.txt,180,80,179,31,38,2,7,5,80,80,4.475,0.0439873417721519,7.0,3.225,0.05526542901542901
CSO-15-10C-SSCAMO-CorrEtiq.txt,180,92,179,26,30,2,4,5,92,92,3.891304347826087,0.03511705685618729,7.0,3.4849498327759196,0.07872200263504611
CSO-15-11C-JETALO-CorrEtiq.txt,180,76,179,33,41,6,9,8,76,74,4.7105263157894735,0.04631578947368421,7.0,3.1919298245614036,0.1266979064966681
CSO-15-11C-JETALO-CorrEtiq.txt,180,74,179,37,49,5,13,7,74,74,4.837837837837838,0.04627915586819696,6.0,3.145871899296557,0.1339022839022839
CSO-15-11C-JETALO-CorrEtiq.txt,180,80,179,32,42,3,10,11,80,80,4.475,0.04240506329113924,7.0,3.2379746835443037,0.15189293141499022
CSO-15-11C-JETALO-CorrEtiq.txt,180,74,179,34,42,2,8,12,74,74,4.837837837837838,0.04998148833765272,6.0,3.018141429100333,0.12528404954875544
CSO-15-11C-JETALO-CorrEtiq.txt,180,82,179,26,36,3,10,8,82,82,4.365853658536586,0.04215597711532671,6.0,3.1650105389942786,0.07104944712548729
CSO-15-8A-VBMABR-CorrEtiq.txt,180,80,179,28,33,0,5,8,80,80,4.475,0.046202531645569624,6.0,3.2335443037974683,0.11588278551513845
CSO-15-8A-VBMABR-CorrEtiq.txt,180,81,179,28,31,0,3,9,81,81,4.419753086419753,0.04567901234567901,7.0,3.24320987654321,0.12923770331177736
CSO-15-8A-VBMABR-CorrEtiq.txt,180,74,179,35,39,1,4,9,74,73,4.837837837837838,0.05146242132543503,7.0,3.077748981858571,0.12181579681579682
CSO-15-8A-VBMABR-CorrEtiq.txt,180,77,179,34,37,1,3,10,77,76,4.64935064935065,0.04818865345181134,7.0,3.2125768967874233,0.11608457616659941
CSO-15-8B-KEPOGO-CorrEtiq.txt,180,89,179,25,26,0,1,9,89,87,4.022471910112359,0.039070480081716034,9.0,3.6491317671092953,0.09681861796865102
CSO-15-8B-KEPOGO-CorrEtiq.txt,180,89,179,19,19,1,0,11,89,89,4.022471910112359,0.040602655771195095,7.0,3.3112870275791626,0.09882583084830274
CSO-15-9B-ALRIHE-CorrEtiq.txt,180,87,179,25,26,3,1,7,87,87,4.114942528735632,0.040096230954290296,8.0,3.417535418337343,0.07859570562410319
CSO-15-9B-ALRIHE-CorrEtiq.txt,180,86,179,22,24,3,2,9,86,86,4.162790697674419,0.04158686730506156,6.0,3.1414500683994526,0.15625146817007282
CSO-15-9B-AMSAGO-CorrEtiq.txt,180,86,173,23,26,0,3,8,86,82,4.023255813953488,0.04021887824897401,7.0,3.4952120383036935,0.12352873224966247
CSO-15-9B-AMSAGO-CorrEtiq.txt,180,95,177,19,21,0,2,9,95,94,3.7263157894736842,0.03493840985442329,8.0,3.636282194848824,0.13049278207172943
CSO-15-9B-JCAPA-CorrEtiq.txt,180,84,179,22,23,2,1,11,84,84,4.261904761904762,0.04417670682730924,6.0,3.174698795180723,0.18441938178780284
CSO-15-9B-JCAPA-CorrEtiq.txt,180,80,179,26,29,3,3,10,80,78,4.475,0.04651898734177215,8.0,3.330379746835443,0.08498002610134962
CSO-15-9B-JCAPA-CorrEtiq.txt,180,87,179,20,21,2,1,10,87,87,4.114942528735632,0.04170008019246191,7.0,3.2039561614541565,0.15106234761407172
CSO-15-9B-KSBEJA-CorrEtiq.txt,180,71,179,31,38,5,7,10,71,70,5.042253521126761,0.05472837022132797,7.0,3.0768611670020123,0.08302847387354431
CSO-15-9B-KSBEJA-CorrEtiq.txt,180,65,179,41,44,4,3,13,65,65,5.507692307692308,0.06298076923076923,6.0,2.7591346153846152,0.16771250077751623
CSO-15-9B-KSBEJA-CorrEtiq.txt,180,80,179,34,37,0,3,6,80,80,4.475,0.04493670886075949,6.0,3.1031645569620254,0.10507171556513661
CSO-15-9B-RMCHLU-CorrEtiq.txt,180,80,179,31,37,1,6,6,80,79,4.475,0.044620253164556964,7.0,3.1759493670886076,0.14392448646125117
CSO-15-9B-RMCHLU-CorrEtiq.txt,180,74,179,35,42,0,7,10,74,72,4.837837837837838,0.050721954831543875,5.0,2.905960755275824,0.11219940719940719
CSO-15-9B-SJAGRO-CorrEtiq.txt,180,98,179,14,20,0,6,2,98,97,3.6530612244897958,0.03345255628024406,7.0,3.6114033242162846,0.028400341155443196
CSO-16-10A-JEGAHE-CorrEtiq.txt,180,75,179,31,35,1,4,6,75,75,4.773333333333333,0.05153153153153153,8.0,3.153873873873874,0.08482498982498983
CSO-16-10A-JEGAHE-CorrEtiq.txt,180,78,179,32,37,2,5,8,78,78,4.589743589743589,0.046620046620046623,7.0,3.2364302364302366,0.11628385859155088
CSO-16-10A-JEGAHE-CorrEtiq.txt,180,79,179,30,33,1,3,9,79,79,4.531645569620253,0.04706264199935086,8.0,3.1772151898734178,0.17999475910868318
CSO-16-10A-JEGAHE-CorrEtiq.txt,180,74,179,29,35,0,6,10,74,72,4.837837837837838,0.053313587560162905,6.0,2.9322473158089597,0.16661925338395928
CSO-16-10A-JEGAHE-CorrEtiq.txt,180,79,179,32,36,1,4,6,79,78,4.531645569620253,0.04608893216488153,6.0,3.163258682246024,0.06768287970819616
CSO-16-10A-MSACO-CorrEtiq.txt,180,91,179,15,18,0,3,11,91,90,3.934065934065934,0.039316239316239315,7.0,3.3213675213675216,0.10717197583713421
CSO-16-10A-MSACO-CorrEtiq.txt,180,92,179,15,16,1,1,13,92,91,3.891304347826087,0.03870043000477783,8.0,3.4450549450549453,0.12216425038221378
CSO-16-10A-SARI-CorrEtiq.txt,180,82,167,27,31,1,4,5,82,75,4.073170731707317,0.04065040650406504,8.0,3.4685335742246313,0.06834987505719213
CSO-16-10A-SARI-CorrEtiq.txt,180,75,159,32,33,2,1,6,75,65,4.24,0.044684684684684686,7.0,3.3106306306306306,0.11570535129358658
CSO-16-10A-SMOUT-CorrEtiq.txt,180,89,179,24,27,3,3,7,89,88,4.022471910112359,0.03804902962206333,7.0,3.4908069458631257,0.08882241354151466
CSO-16-10A-SMOUT-CorrEtiq.txt,180,86,179,28,30,1,2,11,86,86,4.162790697674419,0.04049247606019152,7.0,3.4399452804377564,0.1083972874670549
CSO-16-10A-SMOUT-CorrEtiq.txt,180,79,179,27,33,3,6,12,79,79,4.531645569620253,0.046413502109704644,7.0,3.2456994482310937,0.1184030311543342
CSO-16-10A-SMOUT-CorrEtiq.txt,180,87,179,18,24,4,6,9,87,86,4.114942528735632,0.04036353916065223,8.0,3.438652766639936,0.0846729260522364
CSO-16-10A-SMOUT-CorrEtiq.txt,180,95,179,17,19,3,2,6,95,95,3.768421052631579,0.035162374020156775,8.0,3.567973124300112,0.06269462802643581
CSO-16-10A-YKMUJO-CorrEtiq.txt,180,81,179,24,28,4,4,10,81,81,4.419753086419753,0.04537037037037037,6.0,3.039814814814815,0.11758323572884127
CSO-16-10A-YKMUJO-CorrEtiq.txt,180,71,179,32,36,0,4,13,71,71,5.042253521126761,0.05754527162977867,7.0,2.8993963782696177,0.15465601690953804
CSO-16-10B-LTVIFA-CorrEtiq.txt,180,113,179,5,6,0,1,4,113,112,3.168141592920354,0.02733881163084703,8.0,3.8419721871049304,0.027675918852389438
CSO-16-10B-LTVIFA-CorrEtiq.txt,180,116,179,10,11,0,1,4,116,112,3.086206896551724,0.025187406296851574,11.0,4.333883058470764,0.04316239316239316
CSO-16-10B-VVILI-CorrEtiq.txt,180,91,179,14,15,4,2,6,91,91,3.934065934065934,0.03907203907203907,7.0,3.47985347985348,0.05099101143057188
CSO-16-10B-VVILI-CorrEtiq.txt,180,89,179,21,24,2,3,7,89,89,4.022471910112359,0.039070480081716034,7.0,3.5334525025536263,0.06717221604862053
CSO-16-10B-VVILI-CorrEtiq.txt,180,79,179,28,35,1,7,10,79,79,4.531645569620253,0.046413502109704644,6.0,3.200584225900682,0.11252843293051783
CSO-16-10C-ACALGU-CorrEtiq.txt,180,78,175,38,40,0,2,8,78,75,4.487179487179487,0.04495504495504495,7.0,3.2860472860472862,0.05782190519032625
CSO-16-10C-ACALGU-CorrEtiq.txt,180,84,171,24,28,0,4,6,84,79,4.071428571428571,0.04102122776821572,7.0,3.3600114744693057,0.07478625094171312
CSO-16-10C-ACALGU-CorrEtiq.txt,180,82,171,27,31,0,4,8,82,78,4.170731707317073,0.04215597711532671,7.0,3.3053297199638663,0.07353846934191267
CSO-16-10C-MAVAVE-CorrEtiq.txt,180,90,179,15,19,2,4,6,90,90,3.977777777777778,0.03945068664169788,6.0,3.386267166042447,0.05939979773313106
CSO-16-10C-MAVAVE-CorrEtiq.txt,180,101,179,10,12,1,2,9,101,101,3.5445544554455446,0.03287128712871287,8.0,3.611881188118812,0.06137435172088638
CSO-16-10C-MAVAVE-CorrEtiq.txt,180,83,179,26,28,2,2,14,83,82,4.313253012048193,0.043784895680282106,8.0,3.542756391419336,0.08152075501473091
CSO-16-10C-MAVAVE-CorrEtiq.txt,180,82,179,21,24,3,3,13,82,82,4.365853658536586,0.045769346582354715,7.0,3.2478169226136706,0.10726617555885848
CSO-16-11A-JAVABO-CorrEtiq.txt,180,92,179,27,28,2,1,6,92,91,3.891304347826087,0.03559483994266603,8.0,3.5728619206880077,0.06428993534172563
CSO-16-11A-JAVABO-CorrEtiq.txt,180,88,179,22,25,2,3,8,88,87,4.068181818181818,0.03970741901776385,7.0,3.3772204806687567,0.12033800090284047
CSO-16-11A-JAVABO-CorrEtiq.txt,180,86,179,25,28,4,4,8,86,85,4.162790697674419,0.04021887824897401,6.0,3.2051983584131327,0.12158045852516296
CSO-16-11A-JDMUVA-CorrEtiq.txt,180,92,179,24,28,1,4,8,92,89,3.891304347826087,0.0358337314859054,9.0,3.63258480649785,0.09755342229598521
CSO-16-11A-JDMUVA-CorrEtiq.txt,180,88,179,22,26,2,4,12,88,86,4.068181818181818,0.03944618599791014,6.0,3.1938349007314524,0.14873462357477704
CSO-16-11A-VZAOR-CorrEtiq.txt,180,103,175,14,15,3,2,6,102,100,3.3980582524271843,0.029887683228631258,9.0,3.8512910114540864,0.039205293088788236
CSO-16-11A-VZAOR-CorrEtiq.txt,180,93,171,20,24,4,5,6,91,86,3.6774193548387095,0.03342683496961197,7.0,3.4525030525030527,0.061650092974371414
CSO-16-11B-KRORE-CorrEtiq.txt,180,91,179,25,27,0,2,7,91,89,3.934065934065934,0.03711843711843712,6.0,3.3777777777777778,0.06862239965019538
CSO-16-11B-KRORE-CorrEtiq.txt,180,82,179,23,25,1,2,8,82,80,4.365853658536586,0.04607046070460705,7.0,3.0710629328515506,0.1051385855622056
CSO-16-11B-LLOZA-CorrEtiq.txt,180,96,179,15,17,0,2,9,96,96,3.7291666666666665,0.035526315789473684,7.0,3.542324561403509,0.10765764906389906
CSO-16-11B-LLOZA-CorrEtiq.txt,180,92,179,21,28,3,7,6,92,90,3.891304347826087,0.035355948399426664,7.0,3.4343048256091735,0.08993793360212123
CSO-16-11B-LLOZA-CorrEtiq.txt,180,89,175,23,28,3,5,6,87,84,3.932584269662921,0.03677221654749745,7.0,3.269713980219193,0.08885782472765462
CSO-16-11B-LLOZA-CorrEtiq.txt,180,90,175,17,20,0,3,5,89,85,3.888888888888889,0.03870162297128589,8.0,3.4223697650663945,0.0505249235151196
CSO-16-11B-LLOZA-CorrEtiq.txt,180,88,179,21,24,0,3,5,88,88,4.068181818181818,0.04049111807732497,6.0,3.285788923719958,0.04402574178643697
CSO-16-11B-YAROMO-CorrEtiq.txt,180,96,179,14,24,1,10,4,96,96,3.7291666666666665,0.033771929824561404,7.0,3.6732456140350878,0.0527544215044215
CSO-16-11B-YAROMO-CorrEtiq.txt,180,90,179,21,28,3,8,5,90,90,3.977777777777778,0.03695380774032459,7.0,3.4656679151061174,0.07223842243450086
CSO-16-9A-JALEMO-CorrEtiq.txt,180,94,179,14,20,0,6,6,94,93,3.8085106382978724,0.0363761153054221,7.0,3.4431480210478154,0.035077629226565404
CSO-16-9A-JALEMO-CorrEtiq.txt,180,83,179,16,23,1,7,15,83,83,4.313253012048193,0.0455480458419042,6.0,3.089332941522186,0.08245297304475192
CSO-16-9A-JPROSO-CorrEtiq.txt,180,99,179,20,24,4,4,4,99,99,3.6161616161616164,0.031127602556173986,10.0,4.135642135642136,0.04570429570429571
CSO-16-9A-JSMAGU-CorrEtiq.txt,180,81,179,26,32,1,6,9,81,80,4.419753086419753,0.04506172839506173,6.0,3.067901234567901,0.11401755067332409
CSO-16-9A-JSMAGU-CorrEtiq.txt,180,75,179,35,39,1,4,11,75,75,4.773333333333333,0.05009009009009009,6.0,2.931171171171171,0.15127321631669458
CSO-16-9B-SJPAJI-CorrEtiq.txt,180,81,179,23,25,1,2,9,81,79,4.419753086419753,0.04722222222222222,7.0,3.1151234567901236,0.13533932221532866
CSO-16-9B-SJPAJI-CorrEtiq.txt,180,79,179,25,28,2,3,10,79,79,4.531645569620253,0.0483609217786433,6.0,3.0928270042194095,0.11947083064309263
CSO-16-9B-SJPAJI-CorrEtiq.txt,180,74,179,32,35,1,3,12,74,73,4.837837837837838,0.052943354313217325,6.0,2.9533506108848573,0.12117401676225206
CSO-17-10A-YVGOCA-CorrEtiq.txt,180,75,179,29,36,1,7,10,75,75,4.773333333333333,0.05117117117117117,7.0,3.0504504504504504,0.1449647737883032
CSO-17-10A-YVGOCA-CorrEtiq.txt,180,77,179,21,28,1,7,13,77,76,4.64935064935065,0.05126452494873548,6.0,2.991455912508544,0.13561928691798822
CSO-17-10B-EHECO-CorrEtiq.txt,180,93,175,23,27,1,4,2,92,87,3.763440860215054,0.034361851332398316,8.0,3.54156712852365,0.05676800414391546
CSO-17-10B-EHECO-CorrEtiq.txt,180,88,179,21,23,0,2,5,88,87,4.068181818181818,0.04075235109717868,7.0,3.207680250783699,0.0773675062311426
CSO-17-10B-YCQUVE.txt,180,87,175,24,27,1,3,6,86,81,4.022988505747127,0.03929430633520449,8.0,3.6678522571819427,0.0780564263322884
CSO-17-10B-YCQUVE.txt,180,80,177,28,36,0,8,9,79,77,4.425,0.044620253164556964,7.0,3.2125933138591365,0.1311553724053724
CSO-17-10B-YCQUVE.txt,180,75,177,31,40,1,9,9,74,72,4.72,0.04900900900900901,6.0,3.0581266197704555,0.14475408251878838
CSO-17-10B-YCQUVE.txt,180,70,179,37,41,1,4,11,70,69,5.114285714285714,0.0567287784679089,6.0,2.914285714285714,0.10653048165653208
CSO-17-10B-YCQUVE.txt,180,79,179,33,36,0,3,11,79,79,4.531645569620253,0.046413502109704644,6.0,3.184031158714703,0.0808619791768281
CSO-17-10B-YCQUVE.txt,180,82,179,33,35,1,2,6,82,81,4.365853658536586,0.04305931948208371,7.0,3.3432700993676603,0.03721931862175765
CSO-17-11A-DJAPA-CorrEtiq.txt,180,85,179,17,19,1,2,6,85,83,4.211764705882353,0.04453781512605042,7.0,3.228011204481793,0.10215921333568392
CSO-17-11A-DJAPA-CorrEtiq.txt,180,85,177,23,25,1,2,5,84,83,4.1647058823529415,0.042296918767507005,6.0,3.1775674125071713,0.08325519348010697
CSO-17-11A-DJAPA-CorrEtiq.txt,180,83,177,26,31,0,5,8,82,81,4.265060240963855,0.04290332059947106,7.0,3.2821439325504365,0.10481914337336022
CSO-17-11A-DJAPA-CorrEtiq.txt,180,78,179,31,40,1,9,10,78,78,4.589743589743589,0.04595404595404595,6.0,3.1185481185481185,0.09359897476413313
CSO-17-11A-JDAMO-CorrEtiq.txt,180,83,179,24,24,0,0,4,83,83,4.313253012048193,0.0455480458419042,7.0,3.2333235380546577,0.05721420480456625
CSO-17-11A-JDAMO-CorrEtiq.txt,180,72,179,36,38,0,2,10,72,72,4.972222222222222,0.05516431924882629,7.0,3.037949921752739,0.14050253939959823
CSO-17-11A-NPAHE-CorrEtiq.txt,180,87,179,21,22,0,1,3,87,85,4.114942528735632,0.04196738839882384,7.0,3.259823576583801,0.0890123924606683
CSO-17-11A-NPAHE-CorrEtiq.txt,180,86,179,29,33,1,4,5,86,86,4.162790697674419,0.03967168262653899,6.0,3.3047879616963063,0.07417720788103827
CSO-17-11A-NPAHE-CorrEtiq.txt,180,76,179,34,39,1,5,9,76,74,4.7105263157894735,0.048771929824561404,6.0,2.9312280701754387,0.15572004892825325
CSO-17-11A-NPAHE-CorrEtiq.txt,180,88,179,21,25,0,4,11,88,87,4.068181818181818,0.040229885057471264,5.0,2.9655172413793105,0.10743995683719003
CSO-17-11A-RLPAIG-CorrEtiq.txt,180,89,179,18,21,4,4,6,89,88,4.022471910112359,0.03932584269662921,7.0,3.276046986721144,0.08363131324135951
CSO-17-11A-RLPAIG-CorrEtiq.txt,180,77,179,31,40,5,11,12,77,74,4.64935064935065,0.04579630895420369,7.0,3.2142857142857144,0.15148957018704917
CSO-17-11A-RLPAIG-CorrEtiq.txt,180,74,179,35,43,5,9,12,74,74,4.837837837837838,0.04850055534987042,6.0,3.0781192151055166,0.18568357318357318
CSO-17-11A-RLPAIG-CorrEtiq.txt,180,83,177,24,25,6,4,7,83,83,4.265060240963855,0.04290332059947106,8.0,3.3449897149573906,0.13921593801111873
CSO-17-11A-SPUVA-CorrEtiq.txt,180,77,179,32,34,2,2,12,77,77,4.64935064935065,0.04887218045112782,6.0,2.9948735475051262,0.16854933115437315
CSO-17-11A-SPUVA-CorrEtiq.txt,180,74,179,43,47,2,4,8,74,73,4.837837837837838,0.048130322102924845,6.0,3.0318400592373194,0.13918789050367997
CSO-17-11B-CDBEBU-CorrEtiq.txt,180,91,179,21,23,0,2,15,91,91,3.934065934065934,0.0380952380952381,7.0,3.442735042735043,0.1712419029501328
CSO-17-11B-CDBEBU-CorrEtiq.txt,180,85,179,27,31,2,4,6,85,84,4.211764705882353,0.04089635854341737,7.0,3.4044817927170867,0.09038609986706873
CSO-17-11C-JDAAG-CorrEtiq.txt,180,99,179,14,16,0,2,9,99,96,3.6161616161616164,0.03360131931560503,8.0,3.6310039167182024,0.06606659333932059
CSO-17-11C-JDAAG-CorrEtiq.txt,180,91,179,19,22,0,3,9,91,89,3.934065934065934,0.03833943833943834,7.0,3.464957264957265,0.06629560915275202
CSO-17-11C-JDAAG-CorrEtiq.txt,180,91,179,21,23,0,2,8,91,91,3.934065934065934,0.0380952380952381,8.0,3.4871794871794872,0.060311117453974605
CSO-17-11C-MAPAMA-CorrEtiq.txt,180,93,179,14,20,4,6,6,93,93,3.849462365591398,0.036231884057971016,6.0,3.4256661991584854,0.09100463455302166
CSO-17-11C-MAPAMA-CorrEtiq.txt,180,85,179,19,25,2,6,18,85,85,4.211764705882353,0.04257703081232493,6.0,3.0406162464985993,0.1548406899359367
CSO-17-11C-MAPAMA-CorrEtiq.txt,180,81,179,33,35,1,2,20,81,78,4.419753086419753,0.0441358024691358,8.0,3.237962962962963,0.1723824065871996
CSO-17-11C-MCAAG-CorrEtiq.txt,180,87,179,23,26,1,3,10,87,84,4.114942528735632,0.04063084736701417,8.0,3.4576316492916335,0.08130707096224339
CSO-17-11C-MCAAG-CorrEtiq.txt,180,88,179,18,23,1,5,7,88,87,4.068181818181818,0.04049111807732497,9.0,3.5,0.061044511044511036
CSO-17-11C-MCAAG-CorrEtiq.txt,180,87,179,19,22,0,3,8,87,87,4.114942528735632,0.04196738839882384,7.0,3.3504410585404973,0.05506504989263611
CSO-17-11C-MCAAG-CorrEtiq.txt,180,85,179,24,29,0,5,9,85,84,4.211764705882353,0.04201680672268908,6.0,3.249299719887955,0.062353569152877104
CSO-17-11C-SARJA-CorrEtiq.txt,180,81,179,18,22,1,4,13,81,81,4.419753086419753,0.04814814814814815,6.0,3.1114197530864196,0.09157456156366832
CSO-17-11C-SARJA-CorrEtiq.txt,180,83,179,25,31,0,6,14,83,82,4.313253012048193,0.043491037320011756,7.0,3.22656479576844,0.1427534143229878
CSO-18-11A-ADBAHO-CorrEtiq.txt,180,83,179,27,30,0,3,6,83,83,4.313253012048193,0.043784895680282106,6.0,3.1695562738759917,0.1225726081147768
CSO-18-11A-ADBAHO-CorrEtiq.txt,180,87,179,19,24,0,5,13,87,86,4.114942528735632,0.04143277198609997,6.0,3.1154771451483563,0.18764018356795495
CSO-18-11B-YLLRE-CorrEtiq.txt,180,91,179,25,30,0,5,11,91,90,3.934065934065934,0.03638583638583639,7.0,3.547985347985348,0.09536977064449592
CSO-18-11B-YLLRE-CorrEtiq.txt,180,94,179,25,29,0,4,7,94,94,3.8085106382978724,0.03431708991077557,8.0,3.572866620910547,0.09295625986555438
CSO-18-11B-YLLRE-CorrEtiq.txt,180,87,179,27,29,0,2,8,87,83,4.114942528735632,0.040096230954290296,9.0,3.4530874097834805,0.10482214229945627
CSO-18-11B-YLLRE-CorrEtiq.txt,180,89,179,19,21,0,2,10,89,89,4.022471910112359,0.04034729315628192,6.0,3.3240551583248212,0.09885035284903095
CSO-18-9B-MAMOLO-CorrEtiq.txt,180,90,179,32,35,3,4,4,90,90,3.977777777777778,0.03520599250936329,9.0,3.752059925093633,0.053301266634599956
CSO-18-9B-MAMOLO-CorrEtiq.txt,180,98,179,26,28,6,3,3,98,96,3.6530612244897958,0.03050704818009678,11.0,4.470860509152114,0.028401360544217685
CSO-18-9B-MAMOLO-CorrEtiq.txt,180,89,179,29,33,6,4,5,89,85,4.022471910112359,0.03575076608784474,8.0,3.6128702757916242,0.058562998864595546
CSO-18-9B-MAMOLO-CorrEtiq.txt,180,79,179,36,39,4,3,7,79,79,4.531645569620253,0.04414151249594288,6.0,3.062317429406037,0.10173989346207866
CSO-18-9B-MAMOLO-CorrEtiq.txt,180,88,179,37,42,1,5,3,88,88,4.068181818181818,0.035527690700104496,8.0,3.6157262277951934,0.07461402234129508
CSO-18-9B-MAMOLO-CorrEtiq.txt,180,91,179,35,43,1,8,5,91,89,3.934065934065934,0.03296703296703297,9.0,4.000976800976801,0.08630764839556047
CSO-18-9B-MAMOLO-CorrEtiq.txt,180,88,179,28,32,3,4,5,88,88,4.068181818181818,0.03761755485893417,8.0,3.6677115987460813,0.08131026170798898
CSO-18-9B-MAMOLO-CorrEtiq.txt,180,87,179,21,26,6,5,6,87,87,4.114942528735632,0.03929430633520449,7.0,3.4330392943063353,0.03788633235894899
CSO-8-3A-AIPRBR-CorrEtiq.txt,180,79,179,22,27,3,5,13,79,79,4.531645569620253,0.0483609217786433,6.0,3.0921778643297633,0.12130758008578593
CSO-8-3A-AIPRBR-CorrEtiq.txt,180,69,179,40,41,5,1,15,69,67,5.188405797101449,0.056692242114237,6.0,2.898976982097187,0.18446259647632646
CSO-8-3A-AIPRBR-CorrEtiq.txt,180,78,179,36,37,2,1,11,78,77,4.589743589743589,0.046620046620046623,7.0,3.1065601065601065,0.14231896833111407
CSO-8-3A-DAPAVA-CorrEtiq.txt,180,88,179,13,16,4,3,9,88,87,4.068181818181818,0.041536050156739814,7.0,3.382183908045977,0.08121783519510792
CSO-8-3A-DAPAVA-CorrEtiq.txt,180,74,179,26,31,3,5,15,74,73,4.837837837837838,0.05368382080710848,6.0,3.0999629766753056,0.12384072384072385
CSO-8-3A-DAPAVA-CorrEtiq.txt,180,68,179,36,46,1,10,19,68,68,5.264705882352941,0.05794556628621598,6.0,3.0307287093942055,0.12187481395958905
CSO-8-3A-DAPAVA-CorrEtiq.txt,180,73,179,33,40,5,9,16,73,72,4.904109589041096,0.05098934550989345,6.0,3.0338660578386607,0.0762853584771393
CSO-8-3A-DAPAVA-CorrEtiq.txt,180,81,179,29,33,7,8,9,81,80,4.419753086419753,0.042901234567901236,8.0,3.3395061728395063,0.07970884517725475
CSO-8-3A-KVPECO-CorrEtiq.txt,180,79,175,38,38,3,0,8,78,77,4.430379746835443,0.04349237260629666,7.0,3.18981018981019,0.11999707606396073
CSO-8-3A-KVPECO-CorrEtiq.txt,180,76,177,35,38,4,3,15,76,73,4.657894736842105,0.04736842105263158,5.0,2.9049122807017542,0.17525164138140545
CSO-8-4A-ARAGR-CorrEtiq.txt,180,84,175,21,25,2,5,8,84,83,4.166666666666667,0.042455536431440045,7.0,3.3327596098680434,0.07619310350402789
CSO-8-4A-JRAAR-CorrEtiq.txt,180,81,171,22,27,2,5,12,81,77,4.222222222222222,0.043827160493827164,6.0,2.9314814814814816,0.15150653620439192
CSO-8-4A-JRAAR-CorrEtiq.txt,180,66,175,38,43,1,5,11,66,65,5.303030303030303,0.061072261072261075,5.0,2.6937062937062937,0.15729323308270676
CSO-9-2A-EXMOCO-CorrEtiq.txt,180,83,171,30,33,2,3,8,80,76,4.120481927710843,0.03996473699676756,7.0,3.2278481012658227,0.08332601309773155
CSO-9-2A-EXMOCO-CorrEtiq.txt,180,72,169,37,42,1,5,15,70,66,4.694444444444445,0.04929577464788732,7.0,3.0919254658385094,0.19655306567071273
CSO-9-4A-AGAPE-CorrEtiq.txt,180,82,179,25,31,1,6,8,82,82,4.365853658536586,0.044263775971093045,7.0,3.208370972598615,0.10187573864044452
CSO-9-4A-DKVIMO-CorrEtiq.txt,180,73,177,28,32,2,4,9,73,73,4.8493150684931505,0.05441400304414003,5.0,2.7454337899543377,0.15511788775285956
CSO-9-4A-DKVIMO-CorrEtiq.txt,180,71,179,35,38,1,3,12,71,71,5.042253521126761,0.056338028169014086,6.0,2.8663983903420522,0.1681256095222868
CSO-9-4A-DKVIMO-CorrEtiq.txt,180,71,179,37,39,3,2,11,71,70,5.042253521126761,0.055130784708249496,6.0,3.080482897384306,0.08813718065342362
CSO-9-4A-DSMOMU-CorrEtiq.txt,180,95,173,19,22,1,3,1,93,90,3.642105263157895,0.0335946248600224,8.0,3.7646096306685366,0.018634406529143367
CSO-9-4A-DSMOMU-CorrEtiq.txt,180,81,175,28,28,4,1,7,80,78,4.320987654320987,0.0441358024691358,6.0,3.269620253164557,0.10069076408945689
CSO-9-4A-DSMOMU-CorrEtiq.txt,180,84,177,18,20,3,3,11,83,82,4.214285714285714,0.04417670682730924,7.0,3.1821921833676168,0.18125496896505297
CSO-9-4A-DVGATO-CorrEtiq.txt,180,83,175,27,31,5,5,7,81,77,4.216867469879518,0.040846312077578606,7.0,3.2697530864197533,0.07615846071775052
CSO-9-4A-DVGATO-CorrEtiq.txt,180,76,177,30,34,6,5,7,74,70,4.657894736842105,0.04807017543859649,6.0,3.0518326545723804,0.11650726159036406
CSO-9-4A-EGCAMO-CorrEtiq.txt,180,80,179,27,33,2,6,13,80,78,4.475,0.04556962025316456,7.0,3.0914556962025315,0.09930824006910963
CSO-9-4A-EGCAMO-CorrEtiq.txt,180,85,179,30,35,3,5,10,85,85,4.211764705882353,0.03949579831932773,7.0,3.3436974789915967,0.11307244527058767
CSO-9-4A-FAGIGA-CorrEtiq.txt,180,77,161,17,23,4,6,9,75,72,4.181818181818182,0.04579630895420369,6.0,3.1884684684684683,0.11606341201451974
CSO-9-4A-FAGIGA-CorrEtiq.txt,180,79,171,23,28,6,5,6,77,77,4.329113924050633,0.04446608244076598,7.0,3.150717703349282,0.0738609367797752
CSO-9-4A-GSBRCO-CorrEtiq.txt,180,69,179,34,34,9,3,15,69,68,5.188405797101449,0.057971014492753624,7.0,2.9940323955669226,0.15169924325934558
CSO-9-4A-GSBRCO-CorrEtiq.txt,180,65,179,44,43,10,3,16,65,65,5.507692307692308,0.06057692307692308,6.0,2.9461538461538463,0.1320190719285742
CSO-9-4A-GSBRCO-CorrEtiq.txt,180,65,179,48,52,4,5,11,65,65,5.507692307692308,0.05913461538461538,6.0,2.883173076923077,0.20414239355415825
CSO-9-4A-GSBRCO-CorrEtiq.txt,180,74,179,36,39,2,4,11,74,74,4.837837837837838,0.05109218807848945,5.0,2.905590522028878,0.14586063336063335
CSO-9-4A-KEMOCO-CorrEtiq.txt,180,75,179,31,32,3,2,13,75,75,4.773333333333333,0.05189189189189189,7.0,3.016216216216216,0.19859109517933046
CSO-9-4A-KEMOCO-CorrEtiq.txt,180,74,179,30,34,2,5,10,74,73,4.837837837837838,0.052943354313217325,6.0,2.9437245464642725,0.1375686546739178
CSO-9-4A-LCOMO-CorrEtiq.txt,180,92,179,10,15,0,5,12,92,92,3.891304347826087,0.03917821309125657,7.0,3.332537028189202,0.11069384047325226
CSO-9-4A-LCOMO-CorrEtiq.txt,180,84,179,22,28,2,6,10,84,83,4.261904761904762,0.04274239816408491,8.0,3.3803786574870913,0.08234688591831449
CSO-9-4A-MLORO-CorrEtiq.txt,180,74,179,30,32,2,2,13,74,74,4.837837837837838,0.05368382080710848,6.0,2.9714920399851907,0.14180706680706678
CSO-9-4A-MPAME-CorrEtiq.txt,180,81,179,31,36,2,5,8,81,81,4.419753086419753,0.04351851851851852,7.0,3.1391975308641977,0.10787095240712945
CSO-9-4A-NSARPA-CorrEtiq.txt,180,84,175,26,31,2,5,10,83,80,4.166666666666667,0.04073436603557085,8.0,3.346165148398472,0.07869751037044269
CSO-9-4A-NSARPA-CorrEtiq.txt,180,82,179,21,27,3,6,13,82,80,4.365853658536586,0.044866004215597714,6.0,3.123456790123457,0.10364708893931879
CSO-9-4A-SLOCA-CorrEtiq.txt,180,77,179,33,35,3,2,11,77,76,4.64935064935065,0.04818865345181134,6.0,3.0372522214627478,0.16303591154622474
CSO-9-4A-SLOCA-CorrEtiq.txt,180,76,179,39,42,3,3,16,76,76,4.7105263157894735,0.047017543859649125,7.0,3.1224561403508773,0.26186799821480056
CSO-9-4A-YVDITR-CorrEtiq.txt,180,75,175,33,37,0,4,18,74,72,4.666666666666667,0.04972972972972973,8.0,3.22843391336542,0.1766945518249866
CSO-9-4A-YVDITR-CorrEtiq.txt,180,68,179,56,59,0,3,12,68,68,5.264705882352941,0.05267778753292362,7.0,3.1536435469710273,0.1591484790275994
